# 60026 2_reports/tar1_lr30_tr1.report
# Layered model 49615: value=0.386364
6
2.0007298380238482949 319.25268864999327434 176.32679173989856736 2000
2.1131350671866888646 982.76527082811844593 301.76751731082049446 2000
16.609099352782223491 1032.8961765296010071 481.70045624356362168 2000
15.134046784716421286 1107.4045059135482916 304.78519248392871077 2000
138.82100870654124947 1952.6508368604338557 738.91780303482630643 2000
0 2312.5330390178828566 1369.3715629026005445 2000
# Layered model 56941: value=0.407936
6
1.4406397287976311361 303.75797892666912503 178.09005965729755872 2000
1.5813114136339061488 514.70751001176006412 217.30371700757382314 2000
11.763821154550342385 1364.7563877923034852 462.90467037846951825 2000
19.659552372380151297 1364.7563877923034852 340.03919178661499245 2000
107.29369035535782473 1434.3726795078839586 696.09399559346434216 2000
0 2135.5854629690493312 1264.591663684933792 2000
# Layered model 46723: value=0.412005
6
1.9057135639871585209 456.77678099809264722 171.14104687843510533 2000
2.0476297497778315204 789.54989054673001192 259.92729255593883408 2000
12.786213812408291801 829.82487001996798881 472.20905425307677206 2000
17.859836123029069199 729.13607723265113236 357.3846079956137487 2000
107.13962177551751154 1681.9147728529294454 761.30775138458454876 2000
0 2936.303325515812503 1144.8183361474666526 2000
# Layered model 33741: value=0.416347
6
1.4232221075951467792 405.36620041586814978 162.83483384592906873 2000
1.7214323692431923174 489.7265349296968111 210.91284683560803614 2000
12.316716325023016054 863.51908734050743988 486.51746080599923516 2000
19.138022447340993892 647.07124685298958866 360.95845407556987539 2000
134.94137177893060198 2821.7297812602246267 784.37613755928884984 2000
0 2936.303325515812503 1179.5074765510712496 2000
# Layered model 55850: value=0.418012
6
1.8005492172245267657 409.41986242002684548 166.10781400623224613 2000
1.1914816168661042095 426.04395060792825234 219.47675417764958183 2000
17.730933423902129675 813.47404178018632592 496.29646176819989023 2000
13.799308752799962718 1043.2251382948970786 301.76751731082049446 2000
130.03232319762884117 1750.2072571089975099 738.91780303482630643 2000
0 2312.5330390178828566 1355.8134286164361129 2000
# Layered model 58510: value=0.423728
6
2.0088585188731933329 345.70491469443891219 171.14104687843510533 2000
1.9840182280294467176 504.56573866460144018 304.78519248392871077 2000
12.094898108145079263 1311.5040636757717039 537.41795160518540797 2000
18.05146776819215404 1163.8932652411642721 320.33230042227205558 2000
113.35494478493384918 1895.2236645994071296 717.18633975394197932 2000
0 2554.4751606435661415 1078.4706587993698577 2000
# Layered model 36526: value=0.440887
6
1.5002526660456916296 332.21562801246449226 166.10781400623224613 2000
1.8378614277958509327 854.96939340644303229 226.12711930598649701 2000
11.819261197760198456 1337.86529535565478 449.29071249903614671 2000
22.92638197704114944 1324.6191043125295437 353.8461465303106479 2000
107.95009165034099397 1568.7522751185776997 717.18633975394197932 2000
0 2031.9362909668232078 1203.2155768297477607 2000
# Layered model 55098: value=0.453719
6
1.4941820169675747998 266.90077531344684303 162.83483384592906873 2000
2.5386234974040919887 854.96939340644303229 267.80334944767633942 2000
10.679746651247286948 907.56723924805316983 516.44808826480050357 2000
21.6277626884411589 829.82487001996798881 360.95845407556987539 2000
117.14272801457700268 2244.5217844279318342 746.30698106517456836 2000
0 2430.4954651960906631 1144.8183361474666526 2000
# Layered model 58920: value=0.458888
6
1.9057135639871585209 335.53778429258915139 176.32679173989856736 2000
0.6972424655032665175 342.28209375687021065 202.68310020793407489 2000
20.283146435262842999 1140.9599698472347882 472.20905425307677206 2000
11.559222204608762041 1118.4785509726837063 270.48138294215311817 2000
110.14264455735468573 1477.8356060696526129 738.91780303482630643 2000
0 2658.1970956110890256 1252.0709541434987386 2000
# Layered model 51824: value=0.461936
6
1.4003257445129533298 447.77647387324060446 167.7688921462945757 2000
1.9047377147360988747 1392.1879911869286843 210.91284683560803614 2000
12.388298431951408674 1448.7164063029629233 458.3214558202668627 2000
22.560738100400769213 1211.1519990219492229 353.8461465303106479 2000
104.90230518336582577 1406.1098710987980667 746.30698106517456836 2000
0 2266.9670022722111753 1239.6742120232661364 2000
# Layered model 41892: value=0.468648
6
1.7080999152772291527 274.98813570621962299 161.22260776824660411 2000
2.2452433984877613327 789.54989054673001192 304.78519248392871077 2000
10.398511281327078137 1002.5188527717638181 511.33474085623817018 2000
21.425233044904430812 821.60878219798814825 346.87397954152595503 2000
120.7909643903002177 2222.2987964632989133 731.60178518299630923 2000
0 2266.9670022722111753 1167.8291847040309221 2000
# Layered model 52570: value=0.470888
6
1.5309778844549053467 316.09177094058742341 162.83483384592906873 2000
2.0124974911630895136 597.55944021944651467 247.31190013949688478 2000
12.149886515582466018 1272.9329231707740746 476.93114479560750851 2000
20.163649151508721502 1311.5040636757717039 346.87397954152595503 2000
88.683760317225079461 1420.1709698097861292 675.62197415460570937 2000
0 2011.8181098681418462 1203.2155768297477607 2000
# Layered model 58514: value=0.473644
6
1.929035993283912287 385.69203061121908149 189.04618694795561851 2000
1.092915149147624998 470.61757423911592468 210.91284683560803614 2000
19.525831727174846719 1463.2035703659926185 462.90467037846951825 2000
9.8112459623146683896 1477.8356060696526129 247.31190013949688478 2000
94.68501203234789898 2244.5217844279318342 675.62197415460570937 2000
0 2605.8201113725017422 1078.4706587993698577 2000
# Layered model 50093: value=0.479532
6
1.829989530513397078 309.86351430309520083 171.14104687843510533 2000
2.4085295951899245992 743.79171238502738106 298.77972010972325734 2000
11.849255729344397636 829.82487001996798881 506.27202064974062523 2000
19.213499548743023126 1107.4045059135482916 330.03868945736735441 2000
130.89886776671505686 2244.5217844279318342 746.30698106517456836 2000
0 2430.4954651960906631 1227.4002099240258303 2000
# Layered model 59225: value=0.482804
6
1.6138406230152744225 363.33933971281851427 164.46318218438835856 2000
2.1476298913616744812 880.87582099605185704 249.78501914089181923 2000
10.733589629613790706 1337.86529535565478 449.29071249903614671 2000
22.831492973407435443 1337.86529535565478 357.3846079956137487 2000
103.00910532291852917 1616.287037806945591 717.18633975394197932 2000
0 2093.5059925194091193 1156.2665195089414283 2000
# Layered model 52067: value=0.487116
6
1.5750532137959154522 283.32055120625375366 171.14104687843510533 2000
2.0038569155782592901 579.98530547815289538 265.15183113631320566 2000
12.349923775736854736 1351.2439483092114187 511.33474085623817018 2000
19.058752461073762419 1187.2875198725116661 323.53562342649479433 2000
95.906015980312389502 1537.8416577968605452 689.20197583511321682 2000
0 2178.5107307747271079 1191.302551316581912 2000
# Layered model 26305: value=0.488588
6
1.3777977311349938194 374.34888504545665455 159.62634432499663717 2000
2.2730484918396021143 766.32934506200615488 228.38839049904632361 2000
10.772433415639827814 1175.5321978935758125 496.29646176819989023 2000
23.575590926410917803 1420.1709698097861292 353.8461465303106479 2000
99.571620994936139937 1522.6155027691690975 717.18633975394197932 2000
0 2011.8181098681418462 1203.2155768297477607 2000
# Layered model 53928: value=0.488744
6
1.7290039169376343331 489.7265349296968111 172.8524573472194561 2000
1.6762062701901232487 551.83611747858083163 223.88823693662030223 2000
10.664463777493853769 1406.1098710987980667 486.51746080599923516 2000
18.073457058302832223 944.41810850615354411 317.16069348739807765 2000
100.05940734703770545 2430.4954651960906631 696.09399559346434216 2000
0 2766.1305570632530362 1046.7529962597045596 2000
# Layered model 59171: value=0.490289
6
1.6269808723422114483 316.09177094058742341 161.22260776824660411 2000
2.4461526971731721858 846.50434990736948748 262.52656548149820992 2000
11.934973550593376501 1140.9599698472347882 501.25942638588190903 2000
21.318445997289416027 1378.4039516702264336 343.43958370448115147 2000
110.16763429077555259 1584.4397978697634244 731.60178518299630923 2000
0 2114.4410524446034287 1122.2608922139659171 2000
# Layered model 58712: value=0.497634
6
1.3946594415078754636 426.04395060792825234 156.48107472306307386 2000
2.4044257780128432955 666.67815270388200588 228.38839049904632361 2000
11.283229737884290955 1187.2875198725116661 516.44808826480050357 2000
22.078025735754650327 1477.8356060696526129 340.03919178661499245 2000
114.80306808766914628 1492.6139621303491367 731.60178518299630923 2000
0 1972.1773452290383375 1203.2155768297477607 2000
# Layered model 55606: value=0.498477
6
1.506347979307830931 378.09237389591123701 164.46318218438835856 2000
1.8651472554721271191 443.343043438852078 230.67227440403681271 2000
10.628504765220041506 1311.5040636757717039 506.27202064974062523 2000
19.385884054503748075 1364.7563877923034852 336.67246711546039251 2000
92.400295019029869081 1821.2726900787238264 689.20197583511321682 2000
0 1876.459073860799208 1046.7529962597045596 2000
# Layered model 37446: value=0.508022
6
1.476117058838989804 297.77274671764445202 171.14104687843510533 2000
1.8953781759409682461 546.37239354314931461 232.97899714807718397 2000
11.937123245227502011 1298.518874926506669 491.38263541405922297 2000
19.678967886177332502 1434.3726795078839586 343.43958370448115147 2000
103.95861010937630908 1448.7164063029629233 668.93264767782739 2000
0 2156.9413175987397153 1227.4002099240258303 2000
# Layered model 51543: value=0.51821
6
1.7932634428392972836 359.7419205077410993 174.58098192069164156 2000
2.1209378579181188407 489.7265349296968111 273.1861967715746573 2000
13.852873871439307152 1002.5188527717638181 542.79213112123727569 2000
15.544393492440068627 805.41984334671917622 304.78519248392871077 2000
139.63706574056163845 2031.9362909668232078 738.91780303482630643 2000
0 2222.2987964632989133 1342.3895332836000307 2000
# Layered model 58273: value=0.522746
6
1.7644139676448375997 475.32374998150709189 174.58098192069164156 2000
2.1497873331125783025 585.78515853293447435 244.86326746484840555 2000
11.470603760848744557 1463.2035703659926185 516.44808826480050357 2000
18.67834297490887252 953.86228959121501703 323.53562342649479433 2000
98.139390333447124704 2430.4954651960906631 689.20197583511321682 2000
0 2995.323022358680646 1111.1493982316494566 2000
# Layered model 45466: value=0.532324
6
1.6269808723422114483 417.64920165466935487 167.7688921462945757 2000
1.277054777521887452 447.77647387324060446 200.67633683953869195 2000
14.687507739291820741 1085.5842622424745514 472.20905425307677206 2000
15.645675753626878901 1032.8961765296010071 314.0204886013842156 2000
80.635367853162705387 1324.6191043125295437 689.20197583511321682 2000
0 2072.7782104152565807 1111.1493982316494566 2000
# Layered model 47468: value=0.532448
6
1.9212303077221932757 289.01529428549946488 167.7688921462945757 2000
2.0321130060427972097 1002.5188527717638181 340.03919178661499245 2000
14.260262361337712633 1032.8961765296010071 481.70045624356362168 2000
17.964888401922703309 1085.5842622424745514 330.03868945736735441 2000
131.68364951518543648 2031.9362909668232078 724.35820315148146165 2000
0 2222.2987964632989133 1227.4002099240258303 2000
# Layered model 39656: value=0.534395
6
1.7501637451345961605 475.32374998150709189 162.83483384592906873 2000
2.282641769237070406 546.37239354314931461 259.92729255593883408 2000
11.200003665074614645 1392.1879911869286843 496.29646176819989023 2000
20.14732569501314785 1022.6694817124763404 336.67246711546039251 2000
99.479674516738953116 2554.4751606435661415 724.35820315148146165 2000
0 2965.6663587709708736 1067.7927314845246656 2000
# Layered model 58657: value=0.536123
6
1.9057135639871585209 470.61757423911592468 172.8524573472194561 2000
1.9697332684459267771 546.37239354314931461 254.80569802562376935 2000
12.947418244525227493 1043.2251382948970786 516.44808826480050357 2000
15.680900658011314164 640.66460084454411117 298.77972010972325734 2000
132.05083047345195268 1785.3864229768882979 792.21989893488171219 2000
0 1952.6508368604338557 1191.302551316581912 2000
# Layered model 53599: value=0.536197
6
1.9134562072253982201 456.77678099809264722 162.83483384592906873 2000
2.4971637914431732419 535.60669889535267885 287.12143835552120663 2000
13.26847143132560447 1311.5040636757717039 511.33474085623817018 2000
18.987039613077751454 1272.9329231707740746 346.87397954152595503 2000
109.36771787591196414 2093.5059925194091193 717.18633975394197932 2000
0 2936.303325515812503 1144.8183361474666526 2000
# Layered model 40477: value=0.536214
6
1.5371980299106413614 385.69203061121908149 171.14104687843510533 2000
1.9364568819783840592 634.3213869747961553 221.671521719426039 2000
14.381841872234637947 1392.1879911869286843 458.3214558202668627 2000
20.827800858608060963 1392.1879911869286843 360.95845407556987539 2000
114.79974522590538299 1914.1759012454012918 703.05493554939903333 2000
0 2052.2556538764915786 1252.0709541434987386 2000
# Layered model 52671: value=0.539108
6
1.8523852369016660102 393.44444042650462734 172.8524573472194561 2000
1.6212696749873594104 562.92802343990035752 242.43887867806770942 2000
16.94296688832591613 889.68457920601224487 472.20905425307677206 2000
15.121762914737800543 898.58142499807229342 314.0204886013842156 2000
121.02966731534397127 2114.4410524446034287 776.61003718741471857 2000
0 2156.9413175987397153 1179.5074765510712496 2000
# Layered model 51517: value=0.539376
6
1.506347979307830931 374.34888504545665455 169.44658106775753481 2000
2.0371273963101641513 863.51908734050743988 219.47675417764958183 2000
11.538839581787016186 1140.9599698472347882 496.29646176819989023 2000
22.663029058911249081 1420.1709698097861292 353.8461465303106479 2000
98.463063468794103983 1507.5401017516526281 710.08548490489306459 2000
0 1876.459073860799208 1144.8183361474666526 2000
# Layered model 51036: value=0.539425
6
1.5497142381965389735 359.7419205077410993 169.44658106775753481 2000
1.9586772228113769057 480.0769874813221918 235.30878711955796234 2000
14.258683711188806953 982.76527082811844593 496.29646176819989023 2000
14.4478612595704341 773.9926385126260584 317.16069348739807765 2000
79.413910736104128318 1406.1098710987980667 710.08548490489306459 2000
0 1839.4854169795112284 1111.1493982316494566 2000
# Layered model 59532: value=0.539938
6
1.6008065004138014586 322.44521553649320822 172.8524573472194561 2000
1.5752945211929212377 653.5419593215194709 215.15219505700380864 2000
11.463593603627248996 1223.2635190121686719 472.20905425307677206 2000
19.959698623968378683 1420.1709698097861292 350.34271933694122936 2000
104.34680322635874461 1492.6139621303491367 668.93264767782739 2000
0 2072.7782104152565807 1264.591663684933792 2000
# Layered model 57562: value=0.540578
6
2.0417048435295153119 393.44444042650462734 178.09005965729755872 2000
1.1982358086115025841 628.0409772027684312 228.38839049904632361 2000
16.381726297993143504 973.03492161199847033 501.25942638588190903 2000
13.320205403489687512 1364.7563877923034852 281.46401171995017876 2000
103.26653513148652053 1972.1773452290383375 668.93264767782739 2000
0 2011.8181098681418462 1179.5074765510712496 2000
# Layered model 59108: value=0.541691
6
1.4941820169675747998 370.6424604410461825 162.83483384592906873 2000
2.4200192837898413245 743.79171238502738106 247.31190013949688478 2000
10.798350864861538057 1235.4961542022904268 506.27202064974062523 2000
22.780956818339745951 1492.6139621303491367 350.34271933694122936 2000
108.54033993502520161 1507.5401017516526281 724.35820315148146165 2000
0 1991.8991186813284457 1215.2477325980453315 2000
# Layered model 49097: value=0.549141
6
1.4523697379179385525 409.41986242002684548 159.62634432499663717 2000
1.8857443559236040098 489.7265349296968111 223.88823693662030223 2000
12.046690967764618563 1107.4045059135482916 472.20905425307677206 2000
17.337280780428152127 963.40091248712724337 346.87397954152595503 2000
83.43934015252969516 1378.4039516702264336 682.37819389615174259 2000
0 2114.4410524446034287 1089.255365387363554 2000
# Layered model 57572: value=0.550142
6
1.6670470569859159315 374.34888504545665455 162.83483384592906873 2000
2.057181175070469159 461.34454880807362542 249.78501914089181923 2000
12.932433489864946452 1096.4401048648992401 506.27202064974062523 2000
17.40648631459369966 797.44538945219721882 320.33230042227205558 2000
145.90779038915746924 1933.3176602578553229 761.30775138458454876 2000
0 2222.2987964632989133 1302.9100556862508711 2000
# Layered model 38579: value=0.550364
6
2.0417048435295153119 342.28209375687021065 172.8524573472194561 2000
1.9511719033731247386 916.6429116405337254 307.83304440876798935 2000
14.958637394676335575 1298.518874926506669 462.90467037846951825 2000
18.878150218547830264 1392.1879911869286843 346.87397954152595503 2000
131.71110066800616778 2052.2556538764915786 753.77005087582631404 2000
0 2114.4410524446034287 1264.591663684933792 2000
# Layered model 57230: value=0.551809
6
1.7572744115763709871 325.66966769185813746 181.66966985640925714 2000
1.6479357755513865946 514.70751001176006412 242.43887867806770942 2000
14.099218704931956836 880.87582099605185704 532.096981787312302 2000
14.638702130864729156 680.0783835732299849 310.91137485285565845 2000
124.42492100737226224 1991.8991186813284457 776.61003718741471857 2000
0 2072.7782104152565807 1227.4002099240258303 2000
# Layered model 43393: value=0.553184
6
2.0007298380238482949 615.66608881753597871 174.58098192069164156 2000
2.1958237517814209738 673.34493423092078501 270.48138294215311817 2000
12.213876819513231453 944.41810850615354411 496.29646176819989023 2000
18.969704465140928562 1032.8961765296010071 326.77097966075973545 2000
148.20821941356908269 2200.2958380824743472 753.77005087582631404 2000
0 2821.7297812602246267 1302.9100556862508711 2000
# Layered model 54371: value=0.553887
6
1.9926340492133050031 401.35267367907738389 185.32123022052309125 2000
1.247306602927712893 525.05313096299641984 217.30371700757382314 2000
18.003842905716272327 1477.8356060696526129 481.70045624356362168 2000
11.043118690795445502 1351.2439483092114187 259.92729255593883408 2000
115.20728515952099258 2554.4751606435661415 710.08548490489306459 2000
0 2658.1970956110890256 1122.2608922139659171 2000
# Layered model 48254: value=0.556918
6
1.5186129996195951719 417.64920165466935487 169.44658106775753481 2000
2.2056152324367901407 597.55944021944651467 223.88823693662030223 2000
10.84296964819582243 1492.6139621303491367 526.82869483892307017 2000
20.420388485932583933 1298.518874926506669 330.03868945736735441 2000
98.536977387476980539 1767.7093296800874214 703.05493554939903333 2000
0 1876.459073860799208 1122.2608922139659171 2000
# Layered model 49875: value=0.561485
6
1.844889712324226716 352.65358347979713471 172.8524573472194561 2000
1.2686295716741289308 489.7265349296968111 249.78501914089181923 2000
15.009891400045558996 1085.5842622424745514 467.53371708225427028 2000
14.598675157990395945 628.0409772027684312 333.33907635194100294 2000
106.22411063352677729 2430.4954651960906631 724.35820315148146165 2000
0 2878.446549863554992 1089.255365387363554 2000
# Layered model 57731: value=0.561938
6
1.9212303077221932757 277.73801706328180217 169.44658106775753481 2000
1.7661243774821484553 889.68457920601224487 343.43958370448115147 2000
11.928292630381141848 1032.8961765296010071 559.23927548634185314 2000
18.906625695207239346 1064.193963574624604 317.16069348739807765 2000
114.44685627146273532 1821.2726900787238264 731.60178518299630923 2000
0 2244.5217844279318342 1191.302551316581912 2000
# Layered model 59191: value=0.563392
6
1.4174631563391555389 356.18011931459511743 150.37523709241045822 2000
2.2333830666354401728 781.73256489775235423 228.38839049904632361 2000
10.772433415639827814 1247.851115744313347 491.38263541405922297 2000
23.153987108071902412 1448.7164063029629233 357.3846079956137487 2000
111.39186253556914608 1584.4397978697634244 724.35820315148146165 2000
0 2093.5059925194091193 1203.2155768297477607 2000
# Layered model 58891: value=0.564523
6
1.7860071497411575958 409.41986242002684548 164.46318218438835856 2000
1.7574682258768372645 434.60743401514764628 249.78501914089181923 2000
13.874270416150014995 1032.8961765296010071 481.70045624356362168 2000
15.671470433325236371 634.3213869747961553 340.03919178661499245 2000
117.36960434998476899 2031.9362909668232078 738.91780303482630643 2000
0 2072.7782104152565807 1191.302551316581912 2000
# Layered model 59571: value=0.566197
6
1.9057135639871585209 378.09237389591123701 178.09005965729755872 2000
2.3751907529731965951 609.57038496785742154 284.27865183714970954 2000
14.670609824618619399 898.58142499807229342 506.27202064974062523 2000
14.583699779673459318 846.50434990736948748 310.91137485285565845 2000
131.01938228716915091 1933.3176602578553229 738.91780303482630643 2000
0 2359.0149531021424991 1355.8134286164361129 2000
# Layered model 46473: value=0.567641
6
1.4117275082059810298 272.26548089724713009 166.10781400623224613 2000
1.7017917757923746169 591.64301011826387366 235.30878711955796234 2000
15.281825230558515827 1107.4045059135482916 472.20905425307677206 2000
14.473102128064677885 686.87916740896230294 326.77097966075973545 2000
103.33996084248882141 1839.4854169795112284 710.08548490489306459 2000
0 2658.1970956110890256 1057.2205262223017144 2000
# Layered model 44081: value=0.567864
6
1.5309778844549053467 366.97273310994671647 154.93175715154760042 2000
2.0837213462130113051 585.78515853293447435 242.43887867806770942 2000
15.05665936229049251 821.60878219798814825 491.38263541405922297 2000
17.346035283174391139 628.0409772027684312 350.34271933694122936 2000
96.185144493829355383 1492.6139621303491367 866.43923619257304836 2000
0 2766.1305570632530362 1167.8291847040309221 2000
# Layered model 46179: value=0.56958
6
1.5371980299106413614 430.30439011400761729 166.10781400623224613 2000
1.5454943304837700513 461.34454880807362542 215.15219505700380864 2000
15.13091331470829104 973.03492161199847033 453.78361962402658492 2000
15.172278379401046067 700.68543867388245872 333.33907635194100294 2000
81.625428811401206985 1584.4397978697634244 738.91780303482630643 2000
0 1803.2402872066572854 1057.2205262223017144 2000
# Layered model 56808: value=0.570478
6
2.0500000000000193623 335.53778429258915139 176.32679173989856736 2000
1.9828055143716474262 1223.2635190121686719 298.77972010972325734 2000
16.182108014024308318 1392.1879911869286843 458.3214558202668627 2000
14.929166869859109568 1392.1879911869286843 317.16069348739807765 2000
141.28071954848786618 2093.5059925194091193 746.30698106517456836 2000
0 2114.4410524446034287 1277.2375803217830708 2000
# Layered model 57948: value=0.571119
6
2.0088585188731933329 300.75047418482091643 181.66966985640925714 2000
1.1990035129495968391 525.05313096299641984 304.78519248392871077 2000
14.825800312778563139 1107.4045059135482916 486.51746080599923516 2000
15.12947277462928497 1448.7164063029629233 310.91137485285565845 2000
90.144559296545850202 2031.9362909668232078 668.93264767782739 2000
0 2178.5107307747271079 1067.7927314845246656 2000
# Layered model 57666: value=0.573309
6
1.8826731075049070174 551.83611747858083163 179.87096025387054965 2000
1.5565891814941281712 673.34493423092078501 221.671521719426039 2000
11.568364037994452787 1420.1709698097861292 467.53371708225427028 2000
22.485882656965209492 1434.3726795078839586 353.8461465303106479 2000
122.22156089214698227 2156.9413175987397153 746.30698106517456836 2000
0 2711.6268572328722257 1167.8291847040309221 2000
# Layered model 58280: value=0.573539
6
1.7080999152772291527 291.90544722835448965 161.22260776824660411 2000
2.4469036389854137425 628.0409772027684312 310.91137485285565845 2000
13.005260007242799958 838.12311872016766756 501.25942638588190903 2000
18.937590543933591647 1085.5842622424745514 350.34271933694122936 2000
123.61721577066663258 2266.9670022722111753 724.35820315148146165 2000
0 2554.4751606435661415 1191.302551316581912 2000
# Layered model 36629: value=0.573714
6
2.0007298380238482949 389.54895091733129675 198.68944241538483197 2000
1.0819625223705631178 494.62380027899376955 204.70993121001342274 2000
18.266815384894261598 1477.8356060696526129 472.20905425307677206 2000
11.081808795423786052 1378.4039516702264336 257.35375500588003206 2000
98.462285805784716786 2335.6583694080618443 682.37819389615174259 2000
0 2504.1419082869974773 1089.255365387363554 2000
# Layered model 53279: value=0.574614
6
1.8599112147296794628 461.34454880807362542 167.7688921462945757 2000
1.754788015938237189 568.55730367429941907 247.31190013949688478 2000
15.336814910911058973 925.80934075693903651 506.27202064974062523 2000
13.770571700455334962 615.66608881753597871 317.16069348739807765 2000
94.321955022234647004 1351.2439483092114187 768.9208288984302726 2000
0 2430.4954651960906631 1179.5074765510712496 2000
# Layered model 52855: value=0.575643
6
1.8152096894560079132 421.82569367121607229 166.10781400623224613 2000
1.1471970769703594417 615.66608881753597871 221.671521719426039 2000
15.34184277420769682 1096.4401048648992401 449.29071249903614671 2000
17.234135174318677031 700.68543867388245872 346.87397954152595503 2000
125.77383585991398718 2382.6051026331638241 761.30775138458454876 2000
0 2738.743125805201089 1227.4002099240258303 2000
# Layered model 58634: value=0.576909
6
1.8903221406445676056 401.35267367907738389 174.58098192069164156 2000
1.6180693203633482735 1002.5188527717638181 242.43887867806770942 2000
11.876413600598244358 1053.6573896778461403 458.3214558202668627 2000
19.291880706990056638 621.82274970571131689 360.95845407556987539 2000
126.63553480627051329 2011.8181098681418462 753.77005087582631404 2000
0 2406.4311536594955214 1167.8291847040309221 2000
# Layered model 57356: value=0.577299
6
1.9845710193466328253 342.28209375687021065 174.58098192069164156 2000
1.8525050523692929705 758.74192580396641006 273.1861967715746573 2000
12.985789005242386551 1285.6622524024817267 472.20905425307677206 2000
21.602339554107036435 1351.2439483092114187 350.34271933694122936 2000
127.77493753944042965 2011.8181098681418462 768.9208288984302726 2000
0 2031.9362909668232078 1203.2155768297477607 2000
# Layered model 47851: value=0.578408
6
2.0170202253970175299 535.60669889535267885 171.14104687843510533 2000
1.0351504284588353144 680.0783835732299849 219.47675417764958183 2000
19.052286404183824686 1448.7164063029629233 462.90467037846951825 2000
14.154857134383377115 1235.4961542022904268 301.76751731082049446 2000
105.47970083229679972 1477.8356060696526129 717.18633975394197932 2000
0 2631.878312486226605 1144.8183361474666526 2000
# Layered model 46395: value=0.578474
6
1.4348102985693382827 328.92636436877671713 169.44658106775753481 2000
1.7730517332534518893 591.64301011826387366 223.88823693662030223 2000
12.800245088285970851 1420.1709698097861292 472.20905425307677206 2000
17.007354972197035181 1434.3726795078839586 310.91137485285565845 2000
110.14094308266126632 1568.7522751185776997 675.62197415460570937 2000
0 2135.5854629690493312 1252.0709541434987386 2000
# Layered model 59376: value=0.578754
6
1.3666700000000000514 426.04395060792825234 158.04588547029371171 2000
2.1069849118890253692 514.70751001176006412 230.67227440403681271 2000
13.265902214284256644 797.44538945219721882 481.70045624356362168 2000
18.17004373944208595 700.68543867388245872 371.89585619251369053 2000
138.03893353958306989 2849.9470790728269094 776.61003718741471857 2000
0 2878.446549863554992 1191.302551316581912 2000
# Layered model 47210: value=0.579798
6
1.9057135639871585209 286.15375671831628779 166.10781400623224613 2000
1.3342270881538593752 889.68457920601224487 298.77972010972325734 2000
16.479377678628907233 1152.3695695457072361 458.3214558202668627 2000
14.957367437826288636 1140.9599698472347882 304.78519248392871077 2000
141.74811417814674996 2093.5059925194091193 746.30698106517456836 2000
0 2156.9413175987397153 1239.6742120232661364 2000
# Layered model 54633: value=0.580813
6
1.4117275082059810298 434.60743401514764628 159.62634432499663717 2000
2.2391187147686144598 721.91690815113975077 226.12711930598649701 2000
10.3491537770254034 1107.4045059135482916 491.38263541405922297 2000
21.937112988470566677 1492.6139621303491367 368.21371900248880138 2000
93.660513097170195351 1507.5401017516526281 675.62197415460570937 2000
0 2072.7782104152565807 1215.2477325980453315 2000
# Layered model 59348: value=0.581386
6
1.8674677695354939821 325.66966769185813746 171.14104687843510533 2000
1.5377424175922635996 557.35447865336664108 275.91805873929041582 2000
15.081682654779800856 1187.2875198725116661 481.70045624356362168 2000
14.750326300875240548 1448.7164063029629233 323.53562342649479433 2000
109.91918603218425687 2072.7782104152565807 668.93264767782739 2000
0 2359.0149531021424991 1179.5074765510712496 2000
# Layered model 53717: value=0.586021
6
1.4406397287976311361 378.09237389591123701 154.93175715154760042 2000
1.6115309250582217082 447.77647387324060446 221.671521719426039 2000
14.023114137047777206 829.82487001996798881 491.38263541405922297 2000
17.370039878458399585 634.3213869747961553 360.95845407556987539 2000
123.68840788123765151 2580.0199122500016529 776.61003718741471857 2000
0 2766.1305570632530362 1122.2608922139659171 2000
# Layered model 50495: value=0.586044
6
1.6335910642871278586 417.64920165466935487 154.93175715154760042 2000
2.6473132526732277015 736.42743800497760276 262.52656548149820992 2000
11.647929588150674363 854.96939340644303229 516.44808826480050357 2000
17.308385237671767953 628.0409772027684312 353.8461465303106479 2000
93.806821721486159049 2011.8181098681418462 761.30775138458454876 2000
0 2965.6663587709708736 1015.9681454834116039 2000
# Layered model 54989: value=0.586509
6
1.4060150689014527803 381.87329763487036871 154.93175715154760042 2000
2.2813396163028887287 898.58142499807229342 230.67227440403681271 2000
11.774016116657012532 1235.4961542022904268 501.25942638588190903 2000
22.878186057269296327 1199.160395071236735 346.87397954152595503 2000
95.18500689453111363 1477.8356060696526129 738.91780303482630643 2000
0 1914.1759012454012918 1144.8183361474666526 2000
# Layered model 57089: value=0.586705
6
1.7150396823593236917 280.51539723391459802 156.48107472306307386 2000
2.0464308320176254341 829.82487001996798881 292.89257926646723718 2000
10.590384080715120163 935.06743416450854056 476.93114479560750851 2000
21.907459597330984025 821.60878219798814825 360.95845407556987539 2000
120.30873783787365028 2093.5059925194091193 746.30698106517456836 2000
0 2135.5854629690493312 1179.5074765510712496 2000
# Layered model 54719: value=0.587397
6
1.829989530513397078 300.75047418482091643 174.58098192069164156 2000
1.7847097001545195738 557.35447865336664108 284.27865183714970954 2000
15.813113291958696749 1129.6633364824106138 506.27202064974062523 2000
12.643673141956842443 1477.8356060696526129 295.82150505913193683 2000
104.13692182052690782 1991.8991186813284457 682.37819389615174259 2000
0 2093.5059925194091193 1144.8183361474666526 2000
# Layered model 51886: value=0.587958
6
1.506347979307830931 322.44521553649320822 174.58098192069164156 2000
2.0371273963101641513 499.57003828178363847 247.31190013949688478 2000
12.624363697721943112 1247.851115744313347 481.70045624356362168 2000
17.218044981163810547 1247.851115744313347 333.33907635194100294 2000
100.13867969915801837 1364.7563877923034852 689.20197583511321682 2000
0 2178.5107307747271079 1302.9100556862508711 2000
# Layered model 57418: value=0.588057
6
1.4941820169675747998 405.36620041586814978 187.17444252272832728 2000
1.7136800148552153722 736.42743800497760276 204.70993121001342274 2000
19.678240432930479642 1152.3695695457072361 436.07713910695628101 2000
16.581922164871283343 973.03492161199847033 340.03919178661499245 2000
120.24704524648112169 1632.4499081850153743 784.37613755928884984 2000
0 2114.4410524446034287 1227.4002099240258303 2000
# Layered model 46464: value=0.589802
6
1.8980022507182634506 349.16196384138328312 174.58098192069164156 2000
0.62840122699400247086 393.44444042650462734 190.93664881743518436 2000
20.359698987041003448 1434.3726795078839586 453.78361962402658492 2000
12.10148390143152497 982.76527082811844593 292.89257926646723718 2000
102.58290519377669625 1324.6191043125295437 710.08548490489306459 2000
0 2529.1833273698675839 1264.591663684933792 2000
# Layered model 40463: value=0.589967
6
1.9765406158674583281 352.65358347979713471 167.7688921462945757 2000
1.8605354558484674676 781.73256489775235423 275.91805873929041582 2000
10.80261855351804634 889.68457920601224487 496.29646176819989023 2000
20.114456328603488089 813.47404178018632592 353.8461465303106479 2000
145.21678747183503333 2052.2556538764915786 746.30698106517456836 2000
0 2454.8004198480516607 1302.9100556862508711 2000
# Layered model 59198: value=0.590607
6
1.506347979307830931 509.61139605124753871 172.8524573472194561 2000
1.3689348423397917909 525.05313096299641984 192.84601530560954075 2000
16.265333151135372702 1272.9329231707740746 476.93114479560750851 2000
12.930869691800459975 773.9926385126260584 284.27865183714970954 2000
84.089940329980549905 1272.9329231707740746 753.77005087582631404 2000
0 1857.8802711493058268 1089.255365387363554 2000
# Layered model 59823: value=0.592962
6
1.4582705096515389265 309.86351430309520083 172.8524573472194561 2000
1.8467929495975132781 597.55944021944651467 217.30371700757382314 2000
12.233254128487338619 1406.1098710987980667 496.29646176819989023 2000
19.527428492934586046 1420.1709698097861292 330.03868945736735441 2000
101.14266140443939435 1463.2035703659926185 689.20197583511321682 2000
0 2266.9670022722111753 1100.1479190412371736 2000
# Layered model 45509: value=0.593193
6
1.8374245177707866361 417.64920165466935487 158.04588547029371171 2000
2.2357090517445969979 540.96276588430623633 278.67723932668332054 2000
12.175168178653393625 1392.1879911869286843 553.70225295677414579 2000
19.210869765495431238 1199.160395071236735 323.53562342649479433 2000
106.27984351105564542 1933.3176602578553229 717.18633975394197932 2000
0 2504.1419082869974773 1078.4706587993698577 2000
# Layered model 51306: value=0.594091
6
1.9447426334260016212 405.36620041586814978 174.58098192069164156 2000
1.6341674959481733431 494.62380027899376955 252.28286933230072009 2000
14.100181300620000968 973.03492161199847033 481.70045624356362168 2000
15.706792624509571255 714.7692159912274974 314.0204886013842156 2000
129.53945872611166124 2031.9362909668232078 731.60178518299630923 2000
0 2052.2556538764915786 1203.2155768297477607 2000
# Layered model 59272: value=0.594108
6
1.506347979307830931 393.44444042650462734 174.58098192069164156 2000
1.6697530422988917653 880.87582099605185704 206.75703052211355271 2000
12.832006098502038327 1152.3695695457072361 449.29071249903614671 2000
21.906065949322815811 992.59292353639978046 350.34271933694122936 2000
90.400308203480079783 1448.7164063029629233 738.91780303482630643 2000
0 2011.8181098681418462 1179.5074765510712496 2000
# Layered model 57635: value=0.596754
6
1.5560105067934166811 470.61757423911592468 169.44658106775753481 2000
1.7821035870481258812 489.7265349296968111 215.15219505700380864 2000
15.613400047737432175 963.40091248712724337 506.27202064974062523 2000
13.697635882095106297 743.79171238502738106 289.99265273907644769 2000
83.512275970889916721 1298.518874926506669 746.30698106517456836 2000
0 1803.2402872066572854 1067.7927314845246656 2000
# Layered model 59912: value=0.597246
6
1.5247829083064008415 309.86351430309520083 156.48107472306307386 2000
2.3506639241266844564 846.50434990736948748 254.80569802562376935 2000
12.864110293740196767 1337.86529535565478 491.38263541405922297 2000
16.646326928330466899 1298.518874926506669 326.77097966075973545 2000
114.10830335366998156 1492.6139621303491367 710.08548490489306459 2000
0 2312.5330390178828566 1203.2155768297477607 2000
# Layered model 55400: value=0.59851
6
1.6468921261000859513 546.37239354314931461 176.32679173989856736 2000
1.7583180610276716305 1463.2035703659926185 221.671521719426039 2000
11.979594874478403099 1477.8356060696526129 436.07713910695628101 2000
22.360538954710101223 1152.3695695457072361 368.21371900248880138 2000
98.463063468794103983 1492.6139621303491367 682.37819389615174259 2000
0 2031.9362909668232078 1179.5074765510712496 2000
# Layered model 44510: value=0.601242
6
1.829989530513397078 309.86351430309520083 158.04588547029371171 2000
3.3418092907987642093 693.74795908305191006 336.67246711546039251 2000
9.9105161360928484271 935.06743416450854056 559.23927548634185314 2000
21.583816085666917672 707.69229306062129581 364.56803861632556618 2000
126.25921173754348104 2178.5107307747271079 784.37613755928884984 2000
0 2244.5217844279318342 1191.302551316581912 2000
# Layered model 58575: value=0.601567
6
1.4003257445129533298 370.6424604410461825 171.14104687843510533 2000
2.0048844426148040299 963.40091248712724337 221.671521719426039 2000
11.752165104473984769 1211.1519990219492229 449.29071249903614671 2000
24.310649338022809474 1298.518874926506669 360.95845407556987539 2000
96.740382855485819391 1537.8416577968605452 710.08548490489306459 2000
0 1972.1773452290383375 1203.2155768297477607 2000
# Layered model 46695: value=0.602103
6
1.7080999152772291527 328.92636436877671713 178.09005965729755872 2000
1.5318407368637887433 621.82274970571131689 221.671521719426039 2000
11.25511949184972238 925.80934075693903651 458.3214558202668627 2000
20.18162562460547349 721.91690815113975077 368.21371900248880138 2000
134.86407925953676568 2406.4311536594955214 753.77005087582631404 2000
0 2529.1833273698675839 1290.0099561250008264 2000
# Layered model 58921: value=0.60262
6
2.0500000000000193623 345.70491469443891219 183.48636655497335823 2000
2.3169504937312392912 686.87916740896230294 295.82150505913193683 2000
14.678879871121026213 992.59292353639978046 501.25942638588190903 2000
16.571944507899544874 1163.8932652411642721 330.03868945736735441 2000
140.80702507399112733 2031.9362909668232078 724.35820315148146165 2000
0 2335.6583694080618443 1410.8648906301123134 2000
# Layered model 49934: value=0.603403
6
1.6603014881169446681 381.87329763487036871 161.22260776824660411 2000
2.4535634170935924914 579.98530547815289538 267.80334944767633942 2000
15.802216553749889982 838.12311872016766756 501.25942638588190903 2000
15.78126092340898623 628.0409772027684312 340.03919178661499245 2000
106.04167264235044854 1522.6155027691690975 816.22495409250768716 2000
0 2631.878312486226605 1203.2155768297477607 2000
# Layered model 55376: value=0.604082
6
1.6269808723422114483 303.75797892666912503 178.09005965729755872 2000
1.6780825869068407563 494.62380027899376955 252.28286933230072009 2000
11.407488706369901976 1311.5040636757717039 491.38263541405922297 2000
21.953578877452976315 1298.518874926506669 343.43958370448115147 2000
99.542276442038442497 1434.3726795078839586 689.20197583511321682 2000
0 2222.2987964632989133 1277.2375803217830708 2000
# Layered model 53804: value=0.6041
6
1.5002526660456916296 499.57003828178363847 161.22260776824660411 2000
1.6132666179526640171 898.58142499807229342 204.70993121001342274 2000
13.793068343403250609 1199.160395071236735 444.84228960300612243 2000
18.870500012594895622 1140.9599698472347882 346.87397954152595503 2000
128.77750856842507687 1715.7212597872733113 746.30698106517456836 2000
0 2266.9670022722111753 1252.0709541434987386 2000
# Layered model 58077: value=0.604322
6
1.8903221406445676056 356.18011931459511743 161.22260776824660411 2000
1.5148880464831899761 456.77678099809264722 259.92729255593883408 2000
13.168966634116735293 1012.5440412994812505 516.44808826480050357 2000
17.035952320448849662 781.73256489775235423 326.77097966075973545 2000
132.5900130288124501 1767.7093296800874214 761.30775138458454876 2000
0 2266.9670022722111753 1342.3895332836000307 2000
# Layered model 59265: value=0.604724
6
1.5371980299106413614 291.90544722835448965 171.14104687843510533 2000
1.6074564469276977352 1022.6694817124763404 226.12711930598649701 2000
12.47099283874714537 1298.518874926506669 462.90467037846951825 2000
22.045564302557615122 1223.2635190121686719 353.8461465303106479 2000
97.198597773055283255 1477.8356060696526129 710.08548490489306459 2000
0 2114.4410524446034287 1215.2477325980453315 2000
# Layered model 58695: value=0.60529
6
1.8750550255490225915 634.3213869747961553 159.62634432499663717 2000
2.669211169699206021 781.73256489775235423 281.46401171995017876 2000
13.047277193907691029 1012.5440412994812505 506.27202064974062523 2000
17.396042977028873366 982.76527082811844593 320.33230042227205558 2000
157.96561907185261475 2658.1970956110890256 746.30698106517456836 2000
0 2766.1305570632530362 1302.9100556862508711 2000
# Layered model 58961: value=0.605323
6
1.9926340492133050031 363.33933971281851427 183.48636655497335823 2000
1.1834669723934176933 530.30366227262641132 242.43887867806770942 2000
16.641354672573228868 1463.2035703659926185 472.20905425307677206 2000
14.245692342335079417 1298.518874926506669 292.89257926646723718 2000
116.39567253856299089 2529.1833273698675839 738.91780303482630643 2000
0 2738.743125805201089 1089.255365387363554 2000
# Layered model 51007: value=0.605379
6
1.6670470569859159315 660.07737891473470881 162.83483384592906873 2000
2.2471542437714999707 673.34493423092078501 235.30878711955796234 2000
12.093905819351345343 1434.3726795078839586 516.44808826480050357 2000
17.979115940536381402 1012.5440412994812505 310.91137485285565845 2000
117.976185720183679 2793.7918626338855574 703.05493554939903333 2000
0 2849.9470790728269094 1078.4706587993698577 2000
# Layered model 49977: value=0.605603
6
1.7150396823593236917 413.51406104422710541 171.14104687843510533 2000
2.0091885496970616209 736.42743800497760276 235.30878711955796234 2000
12.524073516112393278 1337.86529535565478 521.6125691474485393 2000
19.052972655621964293 1477.8356060696526129 310.91137485285565845 2000
95.592327942706432964 1821.2726900787238264 696.09399559346434216 2000
0 1895.2236645994071296 1057.2205262223017144 2000
# Layered model 54197: value=0.60604
6
1.5124680569610655656 316.09177094058742341 166.10781400623224613 2000
1.961186854927959855 821.60878219798814825 232.97899714807718397 2000
14.2934202603076983 1285.6622524024817267 462.90467037846951825 2000
15.99338684964265056 1223.2635190121686719 320.33230042227205558 2000
112.27338689714451903 1522.6155027691690975 738.91780303482630643 2000
0 2359.0149531021424991 1227.4002099240258303 2000
# Layered model 55934: value=0.606079
6
1.6269808723422114483 426.04395060792825234 156.48107472306307386 2000
1.7445143624377466018 647.07124685298958866 226.12711930598649701 2000
11.861313944666322939 1053.6573896778461403 491.38263541405922297 2000
20.784584696686518868 992.59292353639978046 340.03919178661499245 2000
104.31826456418390592 1434.3726795078839586 753.77005087582631404 2000
0 1876.459073860799208 1144.8183361474666526 2000
# Layered model 38599: value=0.606238
6
1.8078645926751237827 389.54895091733129675 164.46318218438835856 2000
1.27482776771928763 729.13607723265113236 228.38839049904632361 2000
11.629859805224542768 1043.2251382948970786 449.29071249903614671 2000
19.886841083583398415 615.66608881753597871 364.56803861632556618 2000
121.9686587810943621 2504.1419082869974773 761.30775138458454876 2000
0 2631.878312486226605 1239.6742120232661364 2000
# Layered model 52863: value=0.606789
6
1.829989530513397078 286.15375671831628779 161.22260776824660411 2000
2.4085295951899245992 736.42743800497760276 330.03868945736735441 2000
10.994290053742959756 963.40091248712724337 526.82869483892307017 2000
18.30240474180615351 1032.8961765296010071 320.33230042227205558 2000
132.66492824925336436 1952.6508368604338557 746.30698106517456836 2000
0 2244.5217844279318342 1179.5074765510712496 2000
