# 60034 2_reports/tar1_lr30_tr2.report
# Layered model 57782: value=0.38681
6
2.033443252727728634 480.0769874813221918 178.09005965729755872 2000
1.4749482082801872451 1298.518874926506669 240.0384937406610959 2000
14.705214214094786129 1311.5040636757717039 476.93114479560750851 2000
15.546856346736671384 838.12311872016766756 310.91137485285565845 2000
122.80759000845733908 1803.2402872066572854 738.91780303482630643 2000
0 2965.6663587709708736 1252.0709541434987386 2000
# Layered model 51956: value=0.402161
6
1.778780218636503152 325.66966769185813746 169.44658106775753481 2000
1.9454480134198821606 821.60878219798814825 257.35375500588003206 2000
11.433147059545357038 1420.1709698097861292 472.20905425307677206 2000
17.201653540319309599 707.69229306062129581 330.03868945736735441 2000
128.95319174294567688 1715.7212597872733113 731.60178518299630923 2000
0 2479.3484240465322728 1315.9391562431133025 2000
# Layered model 56496: value=0.404264
6
1.8599112147296794628 609.57038496785742154 179.87096025387054965 2000
1.3161898068770432335 838.12311872016766756 206.75703052211355271 2000
15.219243492950148777 1064.193963574624604 481.70045624356362168 2000
15.214784627136470618 1285.6622524024817267 292.89257926646723718 2000
126.10494073441233809 1434.3726795078839586 717.18633975394197932 2000
0 2965.6663587709708736 1424.9735395364134547 2000
# Layered model 59460: value=0.410953
6
1.8674677695354939821 766.32934506200615488 179.87096025387054965 2000
1.4048722891269340707 1012.5440412994812505 210.91284683560803614 2000
11.885035232939314298 1247.851115744313347 501.25942638588190903 2000
17.057561140165415026 736.42743800497760276 310.91137485285565845 2000
127.50013344433851614 1991.8991186813284457 753.77005087582631404 2000
0 2114.4410524446034287 1191.302551316581912 2000
# Layered model 58555: value=0.41129
6
2.0170202253970175299 609.57038496785742154 169.44658106775753481 2000
2.3499302683342411235 1392.1879911869286843 275.91805873929041582 2000
11.404512736126463324 1492.6139621303491367 506.27202064974062523 2000
17.689002453062975917 907.56723924805316983 307.83304440876798935 2000
109.69593949204636374 1298.518874926506669 753.77005087582631404 2000
0 2135.5854629690493312 1290.0099561250008264 2000
# Layered model 57293: value=0.422439
6
2.0170202253970175299 1053.6573896778461403 172.8524573472194561 2000
1.3881899617307400518 1247.851115744313347 240.0384937406610959 2000
15.266148405830652024 1477.8356060696526129 453.78361962402658492 2000
15.315864467686733263 854.96939340644303229 304.78519248392871077 2000
116.47159751443288656 1895.2236645994071296 731.60178518299630923 2000
0 2011.8181098681418462 1203.2155768297477607 2000
# Layered model 51464: value=0.424024
6
1.9526438462238520088 621.82274970571131689 183.48636655497335823 2000
1.0393869878667789663 1223.2635190121686719 196.72222021325231367 2000
15.041631510510722336 1434.3726795078839586 458.3214558202668627 2000
14.761522249088415037 854.96939340644303229 292.89257926646723718 2000
131.75941161473178909 1600.2841958484607403 738.91780303482630643 2000
0 2454.8004198480516607 1342.3895332836000307 2000
# Layered model 55367: value=0.427629
6
1.6468921261000859513 335.53778429258915139 164.46318218438835856 2000
1.691221967741456611 438.95350835529916367 252.28286933230072009 2000
11.819261197760198456 1175.5321978935758125 506.27202064974062523 2000
17.273941249110716711 562.92802343990035752 340.03919178661499245 2000
138.80485613770184727 1952.6508368604338557 792.21989893488171219 2000
0 2312.5330390178828566 1252.0709541434987386 2000
# Layered model 59486: value=0.433887
6
1.9765406158674583281 551.83611747858083163 171.14104687843510533 2000
1.6743056071071373836 898.58142499807229342 249.78501914089181923 2000
12.516992850365340928 1140.9599698472347882 444.84228960300612243 2000
17.895308963175093453 758.74192580396641006 346.87397954152595503 2000
124.07058451408465771 1821.2726900787238264 724.35820315148146165 2000
0 2995.323022358680646 1277.2375803217830708 2000
# Layered model 40857: value=0.434008
6
1.8826731075049070174 838.12311872016766756 172.8524573472194561 2000
1.2934279141018156789 1140.9599698472347882 210.91284683560803614 2000
12.439546293978761327 1477.8356060696526129 486.51746080599923516 2000
16.671254933067253035 609.57038496785742154 317.16069348739807765 2000
140.66163215654569285 1972.1773452290383375 776.61003718741471857 2000
0 2178.5107307747271079 1191.302551316581912 2000
# Layered model 54307: value=0.43498
6
1.7715825307144412726 456.77678099809264722 179.87096025387054965 2000
1.4362795011083488994 1448.7164063029629233 204.70993121001342274 2000
15.46349656113561899 1492.6139621303491367 462.90467037846951825 2000
13.471772429966033968 789.54989054673001192 289.99265273907644769 2000
112.44483820379227268 1337.86529535565478 753.77005087582631404 2000
0 2821.7297812602246267 1369.3715629026005445 2000
# Layered model 55933: value=0.43685
6
1.8599112147296794628 378.09237389591123701 174.58098192069164156 2000
1.4451522445193727417 766.32934506200615488 232.97899714807718397 2000
12.862775614090885767 889.68457920601224487 462.90467037846951825 2000
22.000994529621198836 1477.8356060696526129 357.3846079956137487 2000
118.399218427335569 2711.6268572328722257 724.35820315148146165 2000
0 2878.446549863554992 1100.1479190412371736 2000
# Layered model 53405: value=0.440832
6
1.9605771605258315304 413.51406104422710541 174.58098192069164156 2000
1.5478143004820843487 546.37239354314931461 254.80569802562376935 2000
15.070505317887542773 1163.8932652411642721 462.90467037846951825 2000
13.564234244028984477 721.91690815113975077 314.0204886013842156 2000
122.87474227439903984 1785.3864229768882979 710.08548490489306459 2000
0 2849.9470790728269094 1355.8134286164361129 2000
# Layered model 57984: value=0.441546
6
1.5560105067934166811 854.96939340644303229 171.14104687843510533 2000
1.8832517822056185075 1074.8359032103708159 213.02197530396412617 2000
14.152281100156884008 1175.5321978935758125 458.3214558202668627 2000
17.631046319831778391 1096.4401048648992401 326.77097966075973545 2000
115.23623086609032384 1991.8991186813284457 710.08548490489306459 2000
0 2479.3484240465322728 1133.4835011361055876 2000
# Layered model 59912: value=0.441851
6
1.6468921261000859513 504.56573866460144018 174.58098192069164156 2000
1.5930485260409319448 925.80934075693903651 206.75703052211355271 2000
12.847834202906701861 1211.1519990219492229 467.53371708225427028 2000
16.927687237258076891 621.82274970571131689 323.53562342649479433 2000
117.44335848277222567 1616.287037806945591 784.37613755928884984 2000
0 2011.8181098681418462 1215.2477325980453315 2000
# Layered model 54352: value=0.449074
6
1.5371980299106413614 603.53503462164098892 181.66966985640925714 2000
1.4252087365157259935 829.82487001996798881 189.04618694795561851 2000
11.460872872188055283 1298.518874926506669 481.70045624356362168 2000
18.080486096355201653 628.0409772027684312 326.77097966075973545 2000
142.17425401428081955 2178.5107307747271079 753.77005087582631404 2000
0 2266.9670022722111753 1315.9391562431133025 2000
# Layered model 57101: value=0.44977
6
1.6603014881169446681 397.37888483076966395 172.8524573472194561 2000
1.8831738875010501921 773.9926385126260584 232.97899714807718397 2000
12.866955033700506306 1107.4045059135482916 453.78361962402658492 2000
17.576792651326641703 579.98530547815289538 343.43958370448115147 2000
153.29125714857275398 2052.2556538764915786 808.1435189034727955 2000
0 2244.5217844279318342 1329.0985478055445128 2000
# Layered model 54161: value=0.457827
6
1.778780218636503152 1074.8359032103708159 171.14104687843510533 2000
1.2132506154541278232 1152.3695695457072361 194.77447545866564838 2000
11.941276725574589079 1420.1709698097861292 506.27202064974062523 2000
17.498008981047238564 615.66608881753597871 320.33230042227205558 2000
127.28375333539321446 1914.1759012454012918 768.9208288984302726 2000
0 2200.2958380824743472 1191.302551316581912 2000
# Layered model 51459: value=0.460812
6
1.8750550255490225915 1064.193963574624604 161.22260776824660411 2000
2.157750488822644197 1448.7164063029629233 254.80569802562376935 2000
9.9671944856283332115 1463.2035703659926185 476.93114479560750851 2000
18.071485664583455844 615.66608881753597871 336.67246711546039251 2000
105.4990058953780192 1616.287037806945591 753.77005087582631404 2000
0 2406.4311536594955214 1167.8291847040309221 2000
# Layered model 48800: value=0.462016
6
1.3946594415078754636 557.35447865336664108 178.09005965729755872 2000
1.8132025903149147084 1064.193963574624604 198.68944241538483197 2000
11.949513259778951735 1420.1709698097861292 462.90467037846951825 2000
17.491774732072340015 621.82274970571131689 336.67246711546039251 2000
140.2993843815243622 2244.5217844279318342 738.91780303482630643 2000
0 2335.6583694080618443 1329.0985478055445128 2000
# Layered model 58180: value=0.465335
6
1.7644139676448375997 303.75797892666912503 171.14104687843510533 2000
1.7790614079731572605 916.6429116405337254 259.92729255593883408 2000
10.52619858900361649 1406.1098710987980667 476.93114479560750851 2000
18.289354867299440599 557.35447865336664108 336.67246711546039251 2000
137.18173619621191506 1952.6508368604338557 800.14209792423037015 2000
0 2289.6366722949333052 1239.6742120232661364 2000
# Layered model 55698: value=0.467134
6
1.7011882293921174458 385.69203061121908149 183.48636655497335823 2000
1.1456264455065188201 1337.86529535565478 187.17444252272832728 2000
15.640078167008921284 1477.8356060696526129 440.43791049802592852 2000
15.348987588190428966 880.87582099605185704 307.83304440876798935 2000
132.36426174040781234 1785.3864229768882979 724.35820315148146165 2000
0 2936.303325515812503 1396.8959313169427787 2000
# Layered model 58082: value=0.467424
6
1.6943045110757335436 322.44521553649320822 189.04618694795561851 2000
1.6438095827658090187 1247.851115744313347 215.15219505700380864 2000
10.871949767401371645 1492.6139621303491367 542.79213112123727569 2000
18.805398231062881109 751.22962950887767875 317.16069348739807765 2000
118.94794668852301811 1648.7744072668654098 746.30698106517456836 2000
0 2052.2556538764915786 1227.4002099240258303 2000
# Layered model 50763: value=0.469588
6
1.8523852369016660102 359.7419205077410993 187.17444252272832728 2000
1.5868770520973691784 916.6429116405337254 230.67227440403681271 2000
11.200432336234936059 1053.6573896778461403 462.90467037846951825 2000
17.57524180653318524 579.98530547815289538 353.8461465303106479 2000
130.71040634884826659 2454.8004198480516607 753.77005087582631404 2000
0 2684.7790665672000614 1227.4002099240258303 2000
# Layered model 59027: value=0.470135
6
1.5186129996195951719 686.87916740896230294 171.14104687843510533 2000
1.6574880219871275244 889.68457920601224487 202.68310020793407489 2000
12.752732883504307893 1012.5440412994812505 444.84228960300612243 2000
23.893049006267300882 1107.4045059135482916 371.89585619251369053 2000
110.6369376636996833 2878.446549863554992 717.18633975394197932 2000
0 2965.6663587709708736 1144.8183361474666526 2000
# Layered model 47345: value=0.475913
6
1.8225846283207178811 342.28209375687021065 169.44658106775753481 2000
2.0916166724366984653 829.82487001996798881 265.15183113631320566 2000
11.318607878688865753 1012.5440412994812505 486.51746080599923516 2000
16.767190820553718567 872.15427821391256202 326.77097966075973545 2000
121.48304286863711354 1785.3864229768882979 696.09399559346434216 2000
0 2878.446549863554992 1329.0985478055445128 2000
# Layered model 51474: value=0.477476
6
1.6073103496072904672 647.07124685298958866 158.04588547029371171 2000
2.0435358733673050224 666.67815270388200588 235.30878711955796234 2000
10.488848453507632286 838.12311872016766756 481.70045624356362168 2000
21.082895032505469146 647.07124685298958866 375.61481475443883937 2000
119.79528358833579205 2072.7782104152565807 768.9208288984302726 2000
0 2093.5059925194091193 1264.591663684933792 2000
# Layered model 55470: value=0.478201
6
1.5371980299106413614 615.66608881753597871 174.58098192069164156 2000
1.3668376199534575388 1351.2439483092114187 185.32123022052309125 2000
12.945917606501346597 1420.1709698097861292 449.29071249903614671 2000
16.799196767308636424 562.92802343990035752 330.03868945736735441 2000
122.36872327364940816 1857.8802711493058268 776.61003718741471857 2000
0 2430.4954651960906631 1191.302551316581912 2000
# Layered model 58742: value=0.478878
6
1.8523852369016660102 413.51406104422710541 181.66966985640925714 2000
1.5191099978782920399 925.80934075693903651 217.30371700757382314 2000
13.959996717195076954 1053.6573896778461403 462.90467037846951825 2000
16.128973730945663334 907.56723924805316983 333.33907635194100294 2000
116.99835489215732309 1839.4854169795112284 710.08548490489306459 2000
0 2995.323022358680646 1264.591663684933792 2000
# Layered model 41057: value=0.479103
6
1.9447426334260016212 452.25423861197299402 171.14104687843510533 2000
1.5289122784630237994 973.03492161199847033 232.97899714807718397 2000
13.432932715512581723 1085.5842622424745514 467.53371708225427028 2000
15.742562396272475667 797.44538945219721882 323.53562342649479433 2000
120.83389284496303162 1767.7093296800874214 717.18633975394197932 2000
0 2965.6663587709708736 1290.0099561250008264 2000
# Layered model 59638: value=0.480178
6
1.5497142381965389735 603.53503462164098892 185.32123022052309125 2000
1.4722369042349983115 789.54989054673001192 189.04618694795561851 2000
11.690601023187415564 1392.1879911869286843 462.90467037846951825 2000
17.430578857305491169 634.3213869747961553 326.77097966075973545 2000
132.41146518549712141 2031.9362909668232078 768.9208288984302726 2000
0 2244.5217844279318342 1252.0709541434987386 2000
# Layered model 38572: value=0.482611
6
1.8599112147296794628 504.56573866460144018 179.87096025387054965 2000
1.4782028791118630995 1378.4039516702264336 223.88823693662030223 2000
14.606244351084857414 1463.2035703659926185 449.29071249903614671 2000
14.486958095786057754 621.82274970571131689 317.16069348739807765 2000
122.58655675661103146 1448.7164063029629233 784.37613755928884984 2000
0 2793.7918626338855574 1342.3895332836000307 2000
# Layered model 58525: value=0.483992
6
2.0417048435295153119 907.56723924805316983 164.46318218438835856 2000
1.2964092503120272504 1392.1879911869286843 249.78501914089181923 2000
15.240782685053915202 1420.1709698097861292 453.78361962402658492 2000
13.564234244028984477 574.24287671104241326 301.76751731082049446 2000
140.80540338227399388 1895.2236645994071296 784.37613755928884984 2000
0 2072.7782104152565807 1264.591663684933792 2000
# Layered model 39333: value=0.484231
6
1.9134562072253982201 456.77678099809264722 185.32123022052309125 2000
1.9619906252076870778 1223.2635190121686719 244.86326746484840555 2000
13.803644597561092411 1364.7563877923034852 472.20905425307677206 2000
14.392394234589279023 758.74192580396641006 301.76751731082049446 2000
124.49656636571324952 1767.7093296800874214 717.18633975394197932 2000
0 2995.323022358680646 1264.591663684933792 2000
# Layered model 58421: value=0.484901
6
1.6806205249332053508 385.69203061121908149 179.87096025387054965 2000
1.6244429343158468537 1064.193963574624604 210.91284683560803614 2000
10.905000401993863335 1434.3726795078839586 501.25942638588190903 2000
19.17582019326083298 621.82274970571131689 336.67246711546039251 2000
132.81425811600203701 1933.3176602578553229 768.9208288984302726 2000
0 2156.9413175987397153 1252.0709541434987386 2000
# Layered model 59403: value=0.487297
6
1.778780218636503152 935.06743416450854056 169.44658106775753481 2000
1.461160433504514744 992.59292353639978046 215.15219505700380864 2000
11.327257228111189846 1337.86529535565478 491.38263541405922297 2000
17.791830951668842431 579.98530547815289538 323.53562342649479433 2000
133.84111333858473358 2135.5854629690493312 792.21989893488171219 2000
0 2156.9413175987397153 1167.8291847040309221 2000
# Layered model 56935: value=0.488053
6
1.8674677695354939821 557.35447865336664108 166.10781400623224613 2000
1.2771867073028451145 953.86228959121501703 223.88823693662030223 2000
12.863452643270422371 1175.5321978935758125 501.25942638588190903 2000
17.303361544528030436 854.96939340644303229 314.0204886013842156 2000
126.40360121146888162 1681.9147728529294454 724.35820315148146165 2000
0 2965.6663587709708736 1290.0099561250008264 2000
# Layered model 47809: value=0.488166
6
1.7501637451345961605 359.7419205077410993 179.87096025387054965 2000
1.6890985438644390282 557.35447865336664108 237.66187499075354594 2000
13.551464551847125506 1140.9599698472347882 476.93114479560750851 2000
16.395157213657586937 579.98530547815289538 340.03919178661499245 2000
143.03891589223920278 1767.7093296800874214 808.1435189034727955 2000
0 2359.0149531021424991 1227.4002099240258303 2000
# Layered model 51748: value=0.489136
6
1.9057135639871585209 916.6429116405337254 174.58098192069164156 2000
1.5679413479018668998 1085.5842622424745514 235.30878711955796234 2000
13.944090879878984879 1272.9329231707740746 440.43791049802592852 2000
16.874196353925928094 729.13607723265113236 326.77097966075973545 2000
119.19110072294317604 1991.8991186813284457 746.30698106517456836 2000
0 2114.4410524446034287 1144.8183361474666526 2000
# Layered model 57925: value=0.491217
6
1.8903221406445676056 475.32374998150709189 174.58098192069164156 2000
1.1316290017869696793 1032.8961765296010071 196.72222021325231367 2000
15.373393372125335077 1163.8932652411642721 472.20905425307677206 2000
13.819591917210285459 898.58142499807229342 289.99265273907644769 2000
122.80293686555633315 1933.3176602578553229 710.08548490489306459 2000
0 2995.323022358680646 1167.8291847040309221 2000
# Layered model 46146: value=0.491599
6
1.6073103496072904672 916.6429116405337254 167.7688921462945757 2000
2.1541601647696584365 953.86228959121501703 232.97899714807718397 2000
14.633874000179922348 1175.5321978935758125 476.93114479560750851 2000
17.863969677866183616 1107.4045059135482916 330.03868945736735441 2000
121.8744183581766265 2156.9413175987397153 724.35820315148146165 2000
0 2222.2987964632989133 1191.302551316581912 2000
# Layered model 49397: value=0.492548
6
1.9368733922361829336 680.0783835732299849 166.10781400623224613 2000
2.3016457334671387436 707.69229306062129581 267.80334944767633942 2000
9.8311548389182892294 1118.4785509726837063 486.51746080599923516 2000
18.652411877412699681 1420.1709698097861292 330.03868945736735441 2000
104.84840571792716446 1715.7212597872733113 682.37819389615174259 2000
0 2178.5107307747271079 1191.302551316581912 2000
# Layered model 53117: value=0.493844
6
1.620397427995579509 306.79555871593584015 181.66966985640925714 2000
2.066957257208762222 797.44538945219721882 242.43887867806770942 2000
13.21923294219726408 1247.851115744313347 486.51746080599923516 2000
15.961859015219943103 766.32934506200615488 307.83304440876798935 2000
125.26528590797813933 1952.6508368604338557 738.91780303482630643 2000
0 2529.1833273698675839 1315.9391562431133025 2000
# Layered model 47351: value=0.495259
6
1.5878776474093179161 673.34493423092078501 181.66966985640925714 2000
1.9555977282086769442 743.79171238502738106 215.15219505700380864 2000
11.023722504634212882 1272.9329231707740746 526.82869483892307017 2000
18.44826421205358713 805.41984334671917622 323.53562342649479433 2000
139.93307231289264791 2114.4410524446034287 724.35820315148146165 2000
0 2222.2987964632989133 1355.8134286164361129 2000
# Layered model 58677: value=0.49749
6
1.8078645926751237827 504.56573866460144018 166.10781400623224613 2000
1.2140865497564135023 907.56723924805316983 204.70993121001342274 2000
14.309540809543499051 1434.3726795078839586 467.53371708225427028 2000
15.317658071699046474 916.6429116405337254 298.77972010972325734 2000
133.55099214683170317 1616.287037806945591 731.60178518299630923 2000
0 2430.4954651960906631 1396.8959313169427787 2000
# Layered model 53461: value=0.499156
6
1.9845710193466328253 953.86228959121501703 164.46318218438835856 2000
1.0981213410477785875 1324.6191043125295437 219.47675417764958183 2000
14.162972886559735741 1420.1709698097861292 472.20905425307677206 2000
15.330711528485146289 673.34493423092078501 301.76751731082049446 2000
142.10164297381115261 1857.8802711493058268 768.9208288984302726 2000
0 2114.4410524446034287 1290.0099561250008264 2000
# Layered model 58895: value=0.499702
6
1.7932634428392972836 309.86351430309520083 166.10781400623224613 2000
2.0058217766814214755 597.55944021944651467 295.82150505913193683 2000
12.611345189797781075 1392.1879911869286843 506.27202064974062523 2000
16.75270470991213756 700.68543867388245872 330.03868945736735441 2000
128.149085455636083 1839.4854169795112284 738.91780303482630643 2000
0 2504.1419082869974773 1315.9391562431133025 2000
# Layered model 56454: value=0.499844
6
1.6806205249332053508 953.86228959121501703 164.46318218438835856 2000
2.2335807758242109955 1187.2875198725116661 244.86326746484840555 2000
14.757157292200993481 1199.160395071236735 440.43791049802592852 2000
16.238242272656957965 821.60878219798814825 333.33907635194100294 2000
121.65845116468133824 1857.8802711493058268 738.91780303482630643 2000
0 2312.5330390178828566 1179.5074765510712496 2000
# Layered model 58402: value=0.500338
6
1.5878776474093179161 1107.4045059135482916 158.04588547029371171 2000
2.2112075721114008431 1285.6622524024817267 235.30878711955796234 2000
13.880006210473457173 1337.86529535565478 467.53371708225427028 2000
14.464039592930266309 562.92802343990035752 317.16069348739807765 2000
146.04591692328594377 1750.2072571089975099 808.1435189034727955 2000
0 2200.2958380824743472 1302.9100556862508711 2000
# Layered model 57736: value=0.501697
6
1.476117058838989804 374.34888504545665455 164.46318218438835856 2000
2.2853534555379590998 729.13607723265113236 235.30878711955796234 2000
10.951081651242004611 1406.1098710987980667 542.79213112123727569 2000
18.897576976074390132 700.68543867388245872 326.77097966075973545 2000
110.97784008502338793 1406.1098710987980667 753.77005087582631404 2000
0 2135.5854629690493312 1252.0709541434987386 2000
# Layered model 37643: value=0.502392
6
1.620397427995579509 421.82569367121607229 176.32679173989856736 2000
1.5557035936111431873 1085.5842622424745514 202.68310020793407489 2000
11.318959122384017135 1324.6191043125295437 506.27202064974062523 2000
18.668074975239896673 585.78515853293447435 330.03868945736735441 2000
124.97059743136904331 1600.2841958484607403 792.21989893488171219 2000
0 2178.5107307747271079 1252.0709541434987386 2000
# Layered model 59427: value=0.504656
6
1.8005492172245267657 551.83611747858083163 171.14104687843510533 2000
1.4073128145982634063 1434.3726795078839586 221.671521719426039 2000
14.037803215131356538 1463.2035703659926185 431.75954367025371994 2000
15.549519346735621639 640.66460084454411117 340.03919178661499245 2000
119.16822418713904597 1378.4039516702264336 768.9208288984302726 2000
0 2793.7918626338855574 1315.9391562431133025 2000
# Layered model 54557: value=0.50673
6
1.4701440725112584484 484.87775735613541883 179.87096025387054965 2000
1.8021959861511696044 1285.6622524024817267 206.75703052211355271 2000
12.975961689506350538 1448.7164063029629233 476.93114479560750851 2000
16.183014792543680471 729.13607723265113236 317.16069348739807765 2000
130.49402623990295069 1952.6508368604338557 738.91780303482630643 2000
0 2266.9670022722111753 1355.8134286164361129 2000
# Layered model 37061: value=0.506849
6
1.6603014881169446681 597.55944021944651467 167.7688921462945757 2000
1.5796391640240732279 686.87916740896230294 204.70993121001342274 2000
12.688893252970013137 1074.8359032103708159 542.79213112123727569 2000
17.457050149392717486 898.58142499807229342 310.91137485285565845 2000
124.74784849609594062 2031.9362909668232078 710.08548490489306459 2000
0 2072.7782104152565807 1252.0709541434987386 2000
# Layered model 54826: value=0.507468
6
1.5124680569610655656 452.25423861197299402 179.87096025387054965 2000
1.3628147646865571563 880.87582099605185704 183.48636655497335823 2000
11.194391142973987741 1378.4039516702264336 458.3214558202668627 2000
18.506702810817682092 621.82274970571131689 343.43958370448115147 2000
136.96438825269368067 2072.7782104152565807 746.30698106517456836 2000
0 2178.5107307747271079 1329.0985478055445128 2000
# Layered model 55088: value=0.50774
6
1.7011882293921174458 973.03492161199847033 162.83483384592906873 2000
2.4538153248705252274 1392.1879911869286843 247.31190013949688478 2000
10.34005658972809627 1420.1709698097861292 496.29646176819989023 2000
17.863968687930309898 673.34493423092078501 323.53562342649479433 2000
109.37998619279881041 1392.1879911869286843 768.9208288984302726 2000
0 2454.8004198480516607 1144.8183361474666526 2000
# Layered model 36310: value=0.508649
6
1.5124680569610655656 378.09237389591123701 171.14104687843510533 2000
1.8256460368804769967 872.15427821391256202 215.15219505700380864 2000
12.046690967764618563 1211.1519990219492229 453.78361962402658492 2000
17.483641581015390898 585.78515853293447435 340.03919178661499245 2000
100.65611711104021708 1553.2200743748294371 784.37613755928884984 2000
0 2114.4410524446034287 1179.5074765510712496 2000
# Layered model 59212: value=0.508692
6
1.6670470569859159315 1085.5842622424745514 178.09005965729755872 2000
1.4156453034084954812 1247.851115744313347 196.72222021325231367 2000
11.776664463439118435 1311.5040636757717039 486.51746080599923516 2000
18.377862318949269138 640.66460084454411117 323.53562342649479433 2000
118.72618963804600867 1785.3864229768882979 761.30775138458454876 2000
0 2222.2987964632989133 1111.1493982316494566 2000
# Layered model 57488: value=0.509512
6
1.4117275082059810298 729.13607723265113236 154.93175715154760042 2000
2.3125007238504045048 872.15427821391256202 226.12711930598649701 2000
11.814089355680005511 1129.6633364824106138 481.70045624356362168 2000
16.892998952976068239 591.64301011826387366 326.77097966075973545 2000
102.42849285048592378 1537.8416577968605452 753.77005087582631404 2000
0 2554.4751606435661415 1191.302551316581912 2000
# Layered model 51884: value=0.509684
6
2.033443252727728634 540.96276588430623633 187.17444252272832728 2000
0.87059239713637026625 1107.4045059135482916 189.04618694795561851 2000
14.77505578013007792 1199.160395071236735 462.90467037846951825 2000
14.824674304975449246 1223.2635190121686719 295.82150505913193683 2000
120.97927713366749458 1568.7522751185776997 696.09399559346434216 2000
0 2738.743125805201089 1369.3715629026005445 2000
# Layered model 56899: value=0.510212
6
1.6874486471596097381 312.96214944612614772 179.87096025387054965 2000
1.6506654466819328242 982.76527082811844593 221.671521719426039 2000
13.401443032331737726 1492.6139621303491367 491.38263541405922297 2000
17.628990715587605109 766.32934506200615488 317.16069348739807765 2000
143.82050010444950772 1803.2402872066572854 776.61003718741471857 2000
0 2052.2556538764915786 1227.4002099240258303 2000
# Layered model 49679: value=0.510641
6
1.9765406158674583281 465.95799429615436793 174.58098192069164156 2000
0.81418056332932264851 1272.9329231707740746 189.04618694795561851 2000
14.284563611706849073 1420.1709698097861292 453.78361962402658492 2000
17.140222408814310029 889.68457920601224487 317.16069348739807765 2000
130.33908900870363823 1648.7744072668654098 738.91780303482630643 2000
0 2995.323022358680646 1439.223274931777496 2000
# Layered model 42902: value=0.510769
6
1.929035993283912287 729.13607723265113236 185.32123022052309125 2000
1.1536563671104991258 1211.1519990219492229 194.77447545866564838 2000
12.302112701211749268 1311.5040636757717039 511.33474085623817018 2000
17.046511479106300158 680.0783835732299849 317.16069348739807765 2000
132.12327966770911303 2135.5854629690493312 731.60178518299630923 2000
0 2156.9413175987397153 1215.2477325980453315 2000
# Layered model 56652: value=0.510839
6
1.7220076447283114707 640.66460084454411117 185.32123022052309125 2000
1.6494875900516465794 700.68543867388245872 204.70993121001342274 2000
12.244152080805525529 1152.3695695457072361 532.096981787312302 2000
17.770236738918264052 846.50434990736948748 317.16069348739807765 2000
117.0729365205742738 1616.287037806945591 710.08548490489306459 2000
0 2135.5854629690493312 1239.6742120232661364 2000
# Layered model 59658: value=0.511028
6
1.7080999152772291527 489.7265349296968111 176.32679173989856736 2000
1.1387147596214071132 1175.5321978935758125 187.17444252272832728 2000
14.059772952502969545 1211.1519990219492229 467.53371708225427028 2000
15.236543395522836875 634.3213869747961553 310.91137485285565845 2000
122.87474227439903984 1553.2200743748294371 776.61003718741471857 2000
0 1933.3176602578553229 1179.5074765510712496 2000
# Layered model 55883: value=0.513325
6
2.0088585188731933329 1187.2875198725116661 167.7688921462945757 2000
2.1050063863373438267 1199.160395071236735 275.91805873929041582 2000
11.347505896650817547 1364.7563877923034852 458.3214558202668627 2000
18.299091219978016909 603.53503462164098892 346.87397954152595503 2000
116.69835855323864848 1477.8356060696526129 792.21989893488171219 2000
0 2135.5854629690493312 1302.9100556862508711 2000
# Layered model 59875: value=0.513884
6
2.0417048435295153119 381.87329763487036871 189.04618694795561851 2000
1.9911006708421514766 1064.193963574624604 267.80334944767633942 2000
13.471623377688047185 1324.6191043125295437 476.93114479560750851 2000
15.511033200246082231 821.60878219798814825 310.91137485285565845 2000
120.46758077633131734 1681.9147728529294454 724.35820315148146165 2000
0 2878.446549863554992 1227.4002099240258303 2000
# Layered model 47441: value=0.516656
6
1.929035993283912287 813.47404178018632592 174.58098192069164156 2000
1.6498741360902626774 973.03492161199847033 247.31190013949688478 2000
15.848902393252437548 1492.6139621303491367 431.75954367025371994 2000
14.332649499212759991 1324.6191043125295437 320.33230042227205558 2000
102.44794546327099738 1600.2841958484607403 682.37819389615174259 2000
0 2156.9413175987397153 1191.302551316581912 2000
# Layered model 58314: value=0.517952
6
1.6943045110757335436 300.75047418482091643 178.09005965729755872 2000
1.8140869499321823355 953.86228959121501703 244.86326746484840555 2000
11.49923486598557254 1477.8356060696526129 486.51746080599923516 2000
18.677585390275780242 562.92802343990035752 336.67246711546039251 2000
135.85555331086368369 1857.8802711493058268 800.14209792423037015 2000
0 2266.9670022722111753 1252.0709541434987386 2000
# Layered model 40067: value=0.518081
6
1.5002526660456916296 609.57038496785742154 150.37523709241045822 2000
2.1144465646222250221 766.32934506200615488 232.97899714807718397 2000
10.808580407946505986 821.60878219798814825 486.51746080599923516 2000
20.408509552034558965 707.69229306062129581 353.8461465303106479 2000
118.65125367798813727 1933.3176602578553229 784.37613755928884984 2000
0 2093.5059925194091193 1133.4835011361055876 2000
# Layered model 57820: value=0.51888
6
1.5814524310477200419 475.32374998150709189 178.09005965729755872 2000
1.2938303905999026799 880.87582099605185704 187.17444252272832728 2000
12.509522239958537071 1392.1879911869286843 444.84228960300612243 2000
17.264344962067923461 666.67815270388200588 333.33907635194100294 2000
133.55099214683170317 1895.2236645994071296 731.60178518299630923 2000
0 2244.5217844279318342 1290.0099561250008264 2000
# Layered model 57827: value=0.519651
6
1.7501637451345961605 916.6429116405337254 164.46318218438835856 2000
1.6550464419931614213 1064.193963574624604 230.67227440403681271 2000
14.628452157473596174 1492.6139621303491367 467.53371708225427028 2000
14.470103390368272755 686.87916740896230294 304.78519248392871077 2000
143.92103421177333189 1839.4854169795112284 746.30698106517456836 2000
0 2178.5107307747271079 1277.2375803217830708 2000
# Layered model 54895: value=0.522576
6
1.7501637451345961605 475.32374998150709189 166.10781400623224613 2000
1.7234911667544292602 1324.6191043125295437 232.97899714807718397 2000
13.432932715512581723 1477.8356060696526129 467.53371708225427028 2000
15.742562396272475667 579.98530547815289538 317.16069348739807765 2000
122.36872327364940816 1463.2035703659926185 816.22495409250768716 2000
0 2878.446549863554992 1342.3895332836000307 2000
# Layered model 52509: value=0.522875
6
2.0170202253970175299 514.70751001176006412 174.58098192069164156 2000
0.9750106086936134453 935.06743416450854056 206.75703052211355271 2000
13.91455679331097528 1163.8932652411642721 467.53371708225427028 2000
16.330631515381192287 789.54989054673001192 307.83304440876798935 2000
117.22160143229521623 1785.3864229768882979 738.91780303482630643 2000
0 2995.323022358680646 1264.591663684933792 2000
# Layered model 51655: value=0.522949
6
1.7932634428392972836 470.61757423911592468 178.09005965729755872 2000
1.4466772093017206124 1163.8932652411642721 208.82460082733467743 2000
11.111913942951051837 1337.86529535565478 458.3214558202668627 2000
19.183359326160363878 714.7692159912274974 340.03919178661499245 2000
123.03283810904427753 1750.2072571089975099 724.35820315148146165 2000
0 2052.2556538764915786 1239.6742120232661364 2000
# Layered model 48913: value=0.523
6
1.8826731075049070174 499.57003828178363847 176.32679173989856736 2000
1.2308461764934486293 1074.8359032103708159 208.82460082733467743 2000
12.579842607202104787 1492.6139621303491367 516.44808826480050357 2000
16.737954649511998184 634.3213869747961553 301.76751731082049446 2000
137.10944848742050794 1507.5401017516526281 784.37613755928884984 2000
0 2684.7790665672000614 1302.9100556862508711 2000
# Layered model 44506: value=0.523007
6
1.7080999152772291527 916.6429116405337254 183.48636655497335823 2000
1.4997621165455610193 1163.8932652411642721 198.68944241538483197 2000
14.209883759945219239 1420.1709698097861292 472.20905425307677206 2000
15.013570748944449207 585.78515853293447435 304.78519248392871077 2000
122.58655675661103146 2031.9362909668232078 753.77005087582631404 2000
0 2244.5217844279318342 1239.6742120232661364 2000
# Layered model 59320: value=0.523398
6
1.4003257445129533298 489.7265349296968111 166.10781400623224613 2000
1.9377883493285892325 707.69229306062129581 210.91284683560803614 2000
11.595193465823676604 1477.8356060696526129 526.82869483892307017 2000
18.527158123255478728 603.53503462164098892 320.33230042227205558 2000
120.02257718571641476 1448.7164063029629233 792.21989893488171219 2000
0 2529.1833273698675839 1302.9100556862508711 2000
# Layered model 46216: value=0.523535
6
1.7011882293921174458 568.55730367429941907 178.09005965729755872 2000
1.571151829270310607 821.60878219798814825 206.75703052211355271 2000
12.189030743198927098 838.12311872016766756 506.27202064974062523 2000
17.333813791828411865 1107.4045059135482916 330.03868945736735441 2000
123.77286743660694412 1972.1773452290383375 703.05493554939903333 2000
0 2093.5059925194091193 1264.591663684933792 2000
# Layered model 54050: value=0.524194
6
1.9368733922361829336 1235.4961542022904268 164.46318218438835856 2000
1.787354839820202379 1311.5040636757717039 240.0384937406610959 2000
11.061544064925493913 1378.4039516702264336 521.6125691474485393 2000
18.156100056641971463 640.66460084454411117 326.77097966075973545 2000
111.64609687309287267 1600.2841958484607403 761.30775138458454876 2000
0 2479.3484240465322728 1111.1493982316494566 2000
# Layered model 57763: value=0.524343
6
1.3890160667320836652 666.67815270388200588 185.32123022052309125 2000
1.7870849548746390312 973.03492161199847033 198.68944241538483197 2000
13.480560700314608624 1463.2035703659926185 436.07713910695628101 2000
16.358800370384464884 628.0409772027684312 326.77097966075973545 2000
138.22071058610850969 2135.5854629690493312 753.77005087582631404 2000
0 2430.4954651960906631 1383.0652785316265181 2000
# Layered model 27208: value=0.525861
6
1.5878776474093179161 514.70751001176006412 166.10781400623224613 2000
1.5882233741974047803 640.66460084454411117 217.30371700757382314 2000
15.588179541211914625 1140.9599698472347882 476.93114479560750851 2000
13.378850460105805809 1311.5040636757717039 287.12143835552120663 2000
91.164563392852045354 2031.9362909668232078 675.62197415460570937 2000
0 2793.7918626338855574 1089.255365387363554 2000
# Layered model 56597: value=0.526231
6
1.9605771605258315304 1074.8359032103708159 174.58098192069164156 2000
1.1529421234725241163 1163.8932652411642721 202.68310020793407489 2000
12.119289895447925787 1272.9329231707740746 496.29646176819989023 2000
17.562375414243486915 673.34493423092078501 314.0204886013842156 2000
145.39386335252061144 1895.2236645994071296 792.21989893488171219 2000
0 2200.2958380824743472 1191.302551316581912 2000
# Layered model 51424: value=0.527001
6
1.7501637451345961605 328.92636436877671713 178.09005965729755872 2000
1.7933116304833986998 907.56723924805316983 237.66187499075354594 2000
10.666588485624920679 1406.1098710987980667 462.90467037846951825 2000
18.439086162431166827 597.55944021944651467 346.87397954152595503 2000
138.58702265474022397 1750.2072571089975099 800.14209792423037015 2000
0 2135.5854629690493312 1277.2375803217830708 2000
# Layered model 58637: value=0.528623
6
1.7715825307144412726 535.60669889535267885 174.58098192069164156 2000
1.4362795011083488994 615.66608881753597871 208.82460082733467743 2000
11.651494792010739232 1022.6694817124763404 553.70225295677414579 2000
18.976523606264457555 758.74192580396641006 330.03868945736735441 2000
122.73217160019872551 2052.2556538764915786 731.60178518299630923 2000
0 2222.2987964632989133 1227.4002099240258303 2000
# Layered model 58789: value=0.530461
6
1.929035993283912287 963.40091248712724337 176.32679173989856736 2000
1.1536563671104991258 1324.6191043125295437 198.68944241538483197 2000
11.629859805224542768 1434.3726795078839586 501.25942638588190903 2000
18.897576976074390132 686.87916740896230294 333.33907635194100294 2000
116.84869143338468689 2052.2556538764915786 746.30698106517456836 2000
0 2200.2958380824743472 1203.2155768297477607 2000
# Layered model 51762: value=0.530746
6
1.5943289685113954945 597.55944021944651467 179.87096025387054965 2000
1.6135330633113946774 609.57038496785742154 213.02197530396412617 2000
17.721879925296619263 805.41984334671917622 444.84228960300612243 2000
13.82440899671804857 666.67815270388200588 346.87397954152595503 2000
126.5580696210292615 1584.4397978697634244 792.21989893488171219 2000
0 2479.3484240465322728 1396.8959313169427787 2000
# Layered model 39374: value=0.530844
6
1.4348102985693382827 456.77678099809264722 181.66966985640925714 2000
1.4404725230782844392 1053.6573896778461403 185.32123022052309125 2000
11.764411803586348526 1364.7563877923034852 476.93114479560750851 2000
17.431791039349484151 609.57038496785742154 326.77097966075973545 2000
140.87704874061498117 2135.5854629690493312 761.30775138458454876 2000
0 2178.5107307747271079 1329.0985478055445128 2000
# Layered model 51693: value=0.531534
6
1.7290039169376343331 480.0769874813221918 179.87096025387054965 2000
1.3845153670607213137 1129.6633364824106138 196.72222021325231367 2000
12.736433972367089851 1187.2875198725116661 462.90467037846951825 2000
16.364983175401711435 562.92802343990035752 340.03919178661499245 2000
129.09728414309955724 1632.4499081850153743 792.21989893488171219 2000
0 2011.8181098681418462 1215.2477325980453315 2000
# Layered model 52997: value=0.533722
6
1.4003257445129533298 686.87916740896230294 176.32679173989856736 2000
1.9377883493285892325 789.54989054673001192 208.82460082733467743 2000
11.156946050149198157 944.41810850615354411 472.20905425307677206 2000
22.499808256757852121 714.7692159912274974 360.95845407556987539 2000
119.57318362954811164 1933.3176602578553229 768.9208288984302726 2000
0 2156.9413175987397153 1215.2477325980453315 2000
# Layered model 58935: value=0.533795
6
1.506347979307830931 405.36620041586814978 167.7688921462945757 2000
1.5763443810865804817 1085.5842622424745514 200.67633683953869195 2000
12.84614154471661962 1351.2439483092114187 486.51746080599923516 2000
16.720316118563051333 666.67815270388200588 320.33230042227205558 2000
149.12149778625513363 1952.6508368604338557 776.61003718741471857 2000
0 2200.2958380824743472 1329.0985478055445128 2000
# Layered model 59705: value=0.534326
6
1.778780218636503152 615.66608881753597871 179.87096025387054965 2000
1.6264299684912544297 781.73256489775235423 217.30371700757382314 2000
12.843091561041021009 805.41984334671917622 467.53371708225427028 2000
17.286912173083656796 916.6429116405337254 330.03868945736735441 2000
126.17985595485323813 1839.4854169795112284 717.18633975394197932 2000
0 2135.5854629690493312 1290.0099561250008264 2000
# Layered model 56312: value=0.53512
6
1.6269808723422114483 461.34454880807362542 187.17444252272832728 2000
1.6129597797988064478 1002.5188527717638181 196.72222021325231367 2000
11.992868527305263981 1392.1879911869286843 537.41795160518540797 2000
18.377319962247060658 721.91690815113975077 314.0204886013842156 2000
129.31521363892207432 1632.4499081850153743 784.37613755928884984 2000
0 2200.2958380824743472 1264.591663684933792 2000
# Layered model 52886: value=0.535538
6
1.476117058838989804 509.61139605124753871 166.10781400623224613 2000
1.486289707587377551 982.76527082811844593 194.77447545866564838 2000
12.887546489939078143 1163.8932652411642721 462.90467037846951825 2000
16.150046743634554502 568.55730367429941907 330.03868945736735441 2000
95.044040864268950486 1477.8356060696526129 768.9208288984302726 2000
0 2072.7782104152565807 1144.8183361474666526 2000
# Layered model 51132: value=0.538123
6
1.9605771605258315304 504.56573866460144018 179.87096025387054965 2000
1.4786851284732036582 621.82274970571131689 228.38839049904632361 2000
14.327812883197687199 1211.1519990219492229 449.29071249903614671 2000
16.909610596399492266 721.91690815113975077 340.03919178661499245 2000
140.00133398065423762 1952.6508368604338557 768.9208288984302726 2000
0 2878.446549863554992 1215.2477325980453315 2000
# Layered model 47886: value=0.538313
6
1.844889712324226716 378.09237389591123701 183.48636655497335823 2000
1.842464972880115015 1247.851115744313347 240.0384937406610959 2000
10.382319279417268731 1324.6191043125295437 491.38263541405922297 2000
20.375650704740419172 653.5419593215194709 336.67246711546039251 2000
136.79084800905226871 1616.287037806945591 784.37613755928884984 2000
0 2406.4311536594955214 1369.3715629026005445 2000
# Layered model 55419: value=0.53883
6
1.5186129996195951719 447.77647387324060446 169.44658106775753481 2000
2.0248623759983996884 863.51908734050743988 215.15219505700380864 2000
11.096219249615977276 1477.8356060696526129 501.25942638588190903 2000
18.44952159985927409 640.66460084454411117 333.33907635194100294 2000
115.87991305716221291 1477.8356060696526129 784.37613755928884984 2000
0 2178.5107307747271079 1264.591663684933792 2000
# Layered model 56499: value=0.540144
6
2.0252150917739397684 647.07124685298958866 166.10781400623224613 2000
1.0269555620819130759 1118.4785509726837063 217.30371700757382314 2000
14.023114137047777206 1463.2035703659926185 467.53371708225427028 2000
15.067846232020812636 821.60878219798814825 304.78519248392871077 2000
132.41146518549712141 1584.4397978697634244 738.91780303482630643 2000
0 2454.8004198480516607 1329.0985478055445128 2000
# Layered model 52820: value=0.541682
6
1.7644139676448375997 461.34454880807362542 171.14104687843510533 2000
1.8144961617293373646 574.24287671104241326 237.66187499075354594 2000
17.041432626357984503 1392.1879911869286843 449.29071249903614671 2000
11.956034019707132643 660.07737891473470881 292.89257926646723718 2000
119.38703200538952842 1715.7212597872733113 738.91780303482630643 2000
0 2529.1833273698675839 1315.9391562431133025 2000
# Layered model 57753: value=0.542116
6
1.4941820169675747998 509.61139605124753871 176.32679173989856736 2000
1.9450802720314603889 1337.86529535565478 215.15219505700380864 2000
13.978483502768973779 1406.1098710987980667 458.3214558202668627 2000
14.653739872815446432 789.54989054673001192 298.77972010972325734 2000
142.60653408466697556 2178.5107307747271079 717.18633975394197932 2000
0 2312.5330390178828566 1329.0985478055445128 2000
