# 60009 2_reports/tar1_lv4_tr0.report
# Layered model 51718: value=0.15671
4
2.4894317195018427213 417.64920165466935487 174.58098192069164156 2000
9.7019759798552911434 421.82569367121607229 183.48636655497335823 2000
21.698492395115124509 1107.4045059135482916 267.80334944767633942 2000
0 1492.6139621303491367 486.51746080599923516 2000
# Layered model 51661: value=0.156711
4
2.4894317195018427213 417.64920165466935487 174.58098192069164156 2000
9.7019759798552911434 421.82569367121607229 183.48636655497335823 2000
21.698492395115124509 1107.4045059135482916 267.80334944767633942 2000
0 1477.8356060696526129 486.51746080599923516 2000
# Layered model 51564: value=0.156713
4
2.4894317195018427213 417.64920165466935487 174.58098192069164156 2000
9.7019759798552911434 421.82569367121607229 183.48636655497335823 2000
21.698492395115124509 1107.4045059135482916 267.80334944767633942 2000
0 1463.2035703659926185 486.51746080599923516 2000
# Layered model 51637: value=0.156715
4
2.4894317195018427213 417.64920165466935487 174.58098192069164156 2000
9.7019759798552911434 421.82569367121607229 183.48636655497335823 2000
21.698492395115124509 1107.4045059135482916 267.80334944767633942 2000
0 1448.7164063029629233 486.51746080599923516 2000
# Layered model 51539: value=0.156718
4
2.4894317195018427213 417.64920165466935487 174.58098192069164156 2000
9.7019759798552911434 421.82569367121607229 183.48636655497335823 2000
21.698492395115124509 1107.4045059135482916 267.80334944767633942 2000
0 1434.3726795078839586 486.51746080599923516 2000
# Layered model 51460: value=0.156723
4
2.4894317195018427213 417.64920165466935487 174.58098192069164156 2000
9.7019759798552911434 421.82569367121607229 183.48636655497335823 2000
21.698492395115124509 1107.4045059135482916 267.80334944767633942 2000
0 1406.1098710987980667 486.51746080599923516 2000
# Layered model 51508: value=0.156726
4
2.4894317195018427213 417.64920165466935487 174.58098192069164156 2000
9.7019759798552911434 421.82569367121607229 183.48636655497335823 2000
21.698492395115124509 1107.4045059135482916 267.80334944767633942 2000
0 1392.1879911869286843 486.51746080599923516 2000
# Layered model 51751: value=0.156726
4
2.4894317195018427213 417.64920165466935487 174.58098192069164156 2000
9.7019759798552911434 421.82569367121607229 183.48636655497335823 2000
21.698492395115124509 1096.4401048648992401 267.80334944767633942 2000
0 1492.6139621303491367 486.51746080599923516 2000
# Layered model 51398: value=0.156729
4
2.5143260366968611663 417.64920165466935487 174.58098192069164156 2000
9.6770816626602726984 421.82569367121607229 183.48636655497335823 2000
21.698492395115124509 1107.4045059135482916 267.80334944767633942 2000
0 1492.6139621303491367 486.51746080599923516 2000
# Layered model 51504: value=0.156729
4
2.4894317195018427213 417.64920165466935487 174.58098192069164156 2000
9.7019759798552911434 421.82569367121607229 183.48636655497335823 2000
21.698492395115124509 1118.4785509726837063 267.80334944767633942 2000
0 1448.7164063029629233 486.51746080599923516 2000
# Layered model 51729: value=0.156729
4
2.4894317195018427213 417.64920165466935487 174.58098192069164156 2000
9.7019759798552911434 421.82569367121607229 183.48636655497335823 2000
21.698492395115124509 1118.4785509726837063 267.80334944767633942 2000
0 1434.3726795078839586 486.51746080599923516 2000
# Layered model 51509: value=0.156729
4
2.4894317195018427213 417.64920165466935487 174.58098192069164156 2000
9.7019759798552911434 421.82569367121607229 183.48636655497335823 2000
21.698492395115124509 1118.4785509726837063 267.80334944767633942 2000
0 1463.2035703659926185 486.51746080599923516 2000
# Layered model 51610: value=0.156729
4
2.4894317195018427213 417.64920165466935487 174.58098192069164156 2000
9.7019759798552911434 421.82569367121607229 183.48636655497335823 2000
21.698492395115124509 1107.4045059135482916 267.80334944767633942 2000
0 1378.4039516702264336 486.51746080599923516 2000
# Layered model 51737: value=0.156729
4
2.4894317195018427213 417.64920165466935487 174.58098192069164156 2000
9.7019759798552911434 421.82569367121607229 183.48636655497335823 2000
21.698492395115124509 1118.4785509726837063 267.80334944767633942 2000
0 1420.1709698097861292 486.51746080599923516 2000
# Layered model 51613: value=0.156729
4
2.4894317195018427213 417.64920165466935487 174.58098192069164156 2000
9.7019759798552911434 421.82569367121607229 183.48636655497335823 2000
21.698492395115124509 1118.4785509726837063 267.80334944767633942 2000
0 1477.8356060696526129 486.51746080599923516 2000
# Layered model 51525: value=0.15673
4
2.4894317195018427213 417.64920165466935487 174.58098192069164156 2000
9.7019759798552911434 421.82569367121607229 183.48636655497335823 2000
21.698492395115124509 1118.4785509726837063 267.80334944767633942 2000
0 1492.6139621303491367 486.51746080599923516 2000
# Layered model 51514: value=0.15673
4
2.4894317195018427213 417.64920165466935487 174.58098192069164156 2000
9.7019759798552911434 421.82569367121607229 183.48636655497335823 2000
21.698492395115124509 1118.4785509726837063 267.80334944767633942 2000
0 1406.1098710987980667 486.51746080599923516 2000
# Layered model 51657: value=0.15673
4
2.4894317195018427213 417.64920165466935487 174.58098192069164156 2000
9.7019759798552911434 421.82569367121607229 183.48636655497335823 2000
21.698492395115124509 1096.4401048648992401 267.80334944767633942 2000
0 1477.8356060696526129 486.51746080599923516 2000
# Layered model 51669: value=0.15673
4
2.4894317195018427213 417.64920165466935487 174.58098192069164156 2000
9.7019759798552911434 421.82569367121607229 183.48636655497335823 2000
21.698492395115124509 1118.4785509726837063 267.80334944767633942 2000
0 1392.1879911869286843 486.51746080599923516 2000
# Layered model 51755: value=0.156731
4
2.5143260366968611663 417.64920165466935487 174.58098192069164156 2000
9.6770816626602726984 421.82569367121607229 183.48636655497335823 2000
21.698492395115124509 1107.4045059135482916 267.80334944767633942 2000
0 1477.8356060696526129 486.51746080599923516 2000
# Layered model 51578: value=0.156731
4
2.4894317195018427213 417.64920165466935487 174.58098192069164156 2000
9.7019759798552911434 421.82569367121607229 183.48636655497335823 2000
21.698492395115124509 1118.4785509726837063 267.80334944767633942 2000
0 1378.4039516702264336 486.51746080599923516 2000
# Layered model 51750: value=0.156732
4
2.5143260366968611663 417.64920165466935487 174.58098192069164156 2000
9.6770816626602726984 421.82569367121607229 183.48636655497335823 2000
21.698492395115124509 1107.4045059135482916 267.80334944767633942 2000
0 1463.2035703659926185 486.51746080599923516 2000
# Layered model 51653: value=0.156733
4
2.4894317195018427213 417.64920165466935487 174.58098192069164156 2000
9.7019759798552911434 421.82569367121607229 183.48636655497335823 2000
21.698492395115124509 1118.4785509726837063 267.80334944767633942 2000
0 1364.7563877923034852 486.51746080599923516 2000
# Layered model 51574: value=0.156733
4
2.4894317195018427213 417.64920165466935487 174.58098192069164156 2000
9.7019759798552911434 421.82569367121607229 183.48636655497335823 2000
21.698492395115124509 1107.4045059135482916 267.80334944767633942 2000
0 1364.7563877923034852 486.51746080599923516 2000
# Layered model 51595: value=0.156734
4
2.4894317195018427213 417.64920165466935487 174.58098192069164156 2000
9.7019759798552911434 421.82569367121607229 183.48636655497335823 2000
21.698492395115124509 1118.4785509726837063 267.80334944767633942 2000
0 1351.2439483092114187 486.51746080599923516 2000
# Layered model 51786: value=0.156734
4
2.4894317195018427213 417.64920165466935487 174.58098192069164156 2000
9.7019759798552911434 421.82569367121607229 183.48636655497335823 2000
21.698492395115124509 1096.4401048648992401 267.80334944767633942 2000
0 1463.2035703659926185 486.51746080599923516 2000
# Layered model 51897: value=0.156735
4
2.5143260366968611663 417.64920165466935487 174.58098192069164156 2000
9.6770816626602726984 421.82569367121607229 183.48636655497335823 2000
21.698492395115124509 1107.4045059135482916 267.80334944767633942 2000
0 1448.7164063029629233 486.51746080599923516 2000
# Layered model 51489: value=0.156736
4
2.4894317195018427213 417.64920165466935487 174.58098192069164156 2000
9.7019759798552911434 421.82569367121607229 183.48636655497335823 2000
21.698492395115124509 1118.4785509726837063 267.80334944767633942 2000
0 1337.86529535565478 486.51746080599923516 2000
# Layered model 51674: value=0.156737
4
2.4894317195018427213 417.64920165466935487 174.58098192069164156 2000
9.7019759798552911434 421.82569367121607229 183.48636655497335823 2000
21.698492395115124509 1107.4045059135482916 267.80334944767633942 2000
0 1351.2439483092114187 486.51746080599923516 2000
# Layered model 51776: value=0.156737
4
2.5143260366968611663 417.64920165466935487 174.58098192069164156 2000
9.6770816626602726984 421.82569367121607229 183.48636655497335823 2000
21.698492395115124509 1107.4045059135482916 267.80334944767633942 2000
0 1434.3726795078839586 486.51746080599923516 2000
# Layered model 51614: value=0.156738
4
2.4894317195018427213 417.64920165466935487 174.58098192069164156 2000
9.7019759798552911434 421.82569367121607229 183.48636655497335823 2000
21.698492395115124509 1118.4785509726837063 267.80334944767633942 2000
0 1324.6191043125295437 486.51746080599923516 2000
# Layered model 51633: value=0.156738
4
2.4894317195018427213 417.64920165466935487 174.58098192069164156 2000
9.7019759798552911434 421.82569367121607229 183.48636655497335823 2000
21.698492395115124509 1096.4401048648992401 267.80334944767633942 2000
0 1448.7164063029629233 486.51746080599923516 2000
# Layered model 51834: value=0.156739
4
2.5143260366968611663 417.64920165466935487 174.58098192069164156 2000
9.6770816626602726984 421.82569367121607229 183.48636655497335823 2000
21.698492395115124509 1107.4045059135482916 267.80334944767633942 2000
0 1420.1709698097861292 486.51746080599923516 2000
# Layered model 51747: value=0.15674
4
2.4647838806948936252 417.64920165466935487 174.58098192069164156 2000
9.7266238186622402395 421.82569367121607229 183.48636655497335823 2000
21.698492395115124509 1107.4045059135482916 267.80334944767633942 2000
0 1492.6139621303491367 486.51746080599923516 2000
# Layered model 51224: value=0.15674
4
2.4894317195018427213 417.64920165466935487 174.58098192069164156 2000
9.7019759798552911434 421.82569367121607229 183.48636655497335823 2000
21.698492395115124509 1118.4785509726837063 267.80334944767633942 2000
0 1311.5040636757717039 486.51746080599923516 2000
# Layered model 51409: value=0.156741
4
2.4894317195018427213 417.64920165466935487 174.58098192069164156 2000
9.7019759798552911434 421.82569367121607229 183.48636655497335823 2000
21.698492395115124509 1107.4045059135482916 267.80334944767633942 2000
0 1337.86529535565478 486.51746080599923516 2000
# Layered model 51680: value=0.156741
4
2.4647838806948936252 417.64920165466935487 174.58098192069164156 2000
9.7266238186622402395 421.82569367121607229 183.48636655497335823 2000
21.698492395115124509 1107.4045059135482916 267.80334944767633942 2000
0 1477.8356060696526129 486.51746080599923516 2000
# Layered model 51676: value=0.156742
4
2.5143260366968611663 417.64920165466935487 174.58098192069164156 2000
9.6770816626602726984 421.82569367121607229 183.48636655497335823 2000
21.698492395115124509 1107.4045059135482916 267.80334944767633942 2000
0 1406.1098710987980667 486.51746080599923516 2000
# Layered model 51455: value=0.156743
4
2.4894317195018427213 417.64920165466935487 174.58098192069164156 2000
9.7019759798552911434 421.82569367121607229 183.48636655497335823 2000
21.698492395115124509 1118.4785509726837063 267.80334944767633942 2000
0 1298.518874926506669 486.51746080599923516 2000
# Layered model 51695: value=0.156743
4
2.4894317195018427213 417.64920165466935487 174.58098192069164156 2000
9.7019759798552911434 421.82569367121607229 183.48636655497335823 2000
21.698492395115124509 1096.4401048648992401 267.80334944767633942 2000
0 1434.3726795078839586 486.51746080599923516 2000
# Layered model 51762: value=0.156743
4
2.4647838806948936252 417.64920165466935487 174.58098192069164156 2000
9.7266238186622402395 421.82569367121607229 183.48636655497335823 2000
21.698492395115124509 1107.4045059135482916 267.80334944767633942 2000
0 1463.2035703659926185 486.51746080599923516 2000
# Layered model 51632: value=0.156745
4
2.4647838806948936252 417.64920165466935487 174.58098192069164156 2000
9.7266238186622402395 421.82569367121607229 183.48636655497335823 2000
21.698492395115124509 1107.4045059135482916 267.80334944767633942 2000
0 1448.7164063029629233 486.51746080599923516 2000
# Layered model 51371: value=0.156746
4
2.4894317195018427213 417.64920165466935487 174.58098192069164156 2000
9.7019759798552911434 421.82569367121607229 183.48636655497335823 2000
21.698492395115124509 1118.4785509726837063 267.80334944767633942 2000
0 1285.6622524024817267 486.51746080599923516 2000
# Layered model 51654: value=0.156746
4
2.4894317195018427213 417.64920165466935487 174.58098192069164156 2000
9.7019759798552911434 421.82569367121607229 183.48636655497335823 2000
21.698492395115124509 1107.4045059135482916 267.80334944767633942 2000
0 1324.6191043125295437 486.51746080599923516 2000
# Layered model 51812: value=0.156747
4
2.5143260366968611663 417.64920165466935487 174.58098192069164156 2000
9.6770816626602726984 421.82569367121607229 183.48636655497335823 2000
21.698492395115124509 1096.4401048648992401 267.80334944767633942 2000
0 1492.6139621303491367 486.51746080599923516 2000
# Layered model 51544: value=0.156747
4
2.5143260366968611663 417.64920165466935487 174.58098192069164156 2000
9.6770816626602726984 421.82569367121607229 183.48636655497335823 2000
21.698492395115124509 1118.4785509726837063 267.80334944767633942 2000
0 1448.7164063029629233 486.51746080599923516 2000
# Layered model 51498: value=0.156747
4
2.5143260366968611663 417.64920165466935487 174.58098192069164156 2000
9.6770816626602726984 421.82569367121607229 183.48636655497335823 2000
21.698492395115124509 1118.4785509726837063 267.80334944767633942 2000
0 1463.2035703659926185 486.51746080599923516 2000
# Layered model 51588: value=0.156747
4
2.5143260366968611663 417.64920165466935487 174.58098192069164156 2000
9.6770816626602726984 421.82569367121607229 183.48636655497335823 2000
21.698492395115124509 1118.4785509726837063 267.80334944767633942 2000
0 1434.3726795078839586 486.51746080599923516 2000
# Layered model 51652: value=0.156747
4
2.4647838806948936252 417.64920165466935487 174.58098192069164156 2000
9.7266238186622402395 421.82569367121607229 183.48636655497335823 2000
21.698492395115124509 1107.4045059135482916 267.80334944767633942 2000
0 1434.3726795078839586 486.51746080599923516 2000
# Layered model 51407: value=0.156747
4
2.5143260366968611663 417.64920165466935487 174.58098192069164156 2000
9.6770816626602726984 421.82569367121607229 183.48636655497335823 2000
21.698492395115124509 1118.4785509726837063 267.80334944767633942 2000
0 1477.8356060696526129 486.51746080599923516 2000
# Layered model 51480: value=0.156748
4
2.5143260366968611663 417.64920165466935487 174.58098192069164156 2000
9.6770816626602726984 421.82569367121607229 183.48636655497335823 2000
21.698492395115124509 1118.4785509726837063 267.80334944767633942 2000
0 1420.1709698097861292 486.51746080599923516 2000
# Layered model 51636: value=0.156748
4
2.4894317195018427213 417.64920165466935487 174.58098192069164156 2000
9.7019759798552911434 421.82569367121607229 183.48636655497335823 2000
21.698492395115124509 1096.4401048648992401 267.80334944767633942 2000
0 1420.1709698097861292 486.51746080599923516 2000
# Layered model 51752: value=0.156748
4
2.5143260366968611663 417.64920165466935487 174.58098192069164156 2000
9.6770816626602726984 421.82569367121607229 183.48636655497335823 2000
21.698492395115124509 1118.4785509726837063 267.80334944767633942 2000
0 1492.6139621303491367 486.51746080599923516 2000
# Layered model 51650: value=0.156748
4
2.5143260366968611663 417.64920165466935487 174.58098192069164156 2000
9.6770816626602726984 421.82569367121607229 183.48636655497335823 2000
21.698492395115124509 1118.4785509726837063 267.80334944767633942 2000
0 1406.1098710987980667 486.51746080599923516 2000
# Layered model 51532: value=0.156749
4
2.5143260366968611663 417.64920165466935487 174.58098192069164156 2000
9.6770816626602726984 421.82569367121607229 183.48636655497335823 2000
21.698492395115124509 1107.4045059135482916 267.80334944767633942 2000
0 1378.4039516702264336 486.51746080599923516 2000
# Layered model 51461: value=0.156749
4
2.5143260366968611663 417.64920165466935487 174.58098192069164156 2000
9.6770816626602726984 421.82569367121607229 183.48636655497335823 2000
21.698492395115124509 1118.4785509726837063 267.80334944767633942 2000
0 1392.1879911869286843 486.51746080599923516 2000
# Layered model 51063: value=0.156749
4
2.4894317195018427213 417.64920165466935487 174.58098192069164156 2000
9.7019759798552911434 421.82569367121607229 183.48636655497335823 2000
21.698492395115124509 1118.4785509726837063 267.80334944767633942 2000
0 1272.9329231707740746 486.51746080599923516 2000
# Layered model 51604: value=0.15675
4
2.5143260366968611663 417.64920165466935487 174.58098192069164156 2000
9.6770816626602726984 421.82569367121607229 183.48636655497335823 2000
21.698492395115124509 1118.4785509726837063 267.80334944767633942 2000
0 1378.4039516702264336 486.51746080599923516 2000
# Layered model 51529: value=0.15675
4
2.4647838806948936252 417.64920165466935487 174.58098192069164156 2000
9.7266238186622402395 421.82569367121607229 183.48636655497335823 2000
21.698492395115124509 1107.4045059135482916 267.80334944767633942 2000
0 1420.1709698097861292 486.51746080599923516 2000
# Layered model 51757: value=0.15675
4
2.5143260366968611663 417.64920165466935487 174.58098192069164156 2000
9.6770816626602726984 421.82569367121607229 183.48636655497335823 2000
21.698492395115124509 1096.4401048648992401 267.80334944767633942 2000
0 1477.8356060696526129 486.51746080599923516 2000
# Layered model 51590: value=0.156751
4
2.4894317195018427213 417.64920165466935487 174.58098192069164156 2000
9.7019759798552911434 421.82569367121607229 183.48636655497335823 2000
21.698492395115124509 1107.4045059135482916 267.80334944767633942 2000
0 1311.5040636757717039 486.51746080599923516 2000
# Layered model 51521: value=0.156751
4
2.5143260366968611663 417.64920165466935487 174.58098192069164156 2000
9.6770816626602726984 421.82569367121607229 183.48636655497335823 2000
21.698492395115124509 1118.4785509726837063 267.80334944767633942 2000
0 1364.7563877923034852 486.51746080599923516 2000
# Layered model 51662: value=0.156752
4
2.5143260366968611663 417.64920165466935487 174.58098192069164156 2000
9.6770816626602726984 421.82569367121607229 183.48636655497335823 2000
21.698492395115124509 1107.4045059135482916 267.80334944767633942 2000
0 1364.7563877923034852 486.51746080599923516 2000
# Layered model 51467: value=0.156752
4
2.5143260366968611663 417.64920165466935487 174.58098192069164156 2000
9.6770816626602726984 421.82569367121607229 183.48636655497335823 2000
21.698492395115124509 1118.4785509726837063 267.80334944767633942 2000
0 1351.2439483092114187 486.51746080599923516 2000
# Layered model 51456: value=0.156752
4
2.4647838806948936252 417.64920165466935487 174.58098192069164156 2000
9.7266238186622402395 421.82569367121607229 183.48636655497335823 2000
21.698492395115124509 1107.4045059135482916 267.80334944767633942 2000
0 1406.1098710987980667 486.51746080599923516 2000
# Layered model 51861: value=0.156753
4
2.4403800798959340845 413.51406104422710541 174.58098192069164156 2000
9.7510276194611993361 421.82569367121607229 183.48636655497335823 2000
21.698492395115124509 1118.4785509726837063 267.80334944767633942 2000
0 1492.6139621303491367 486.51746080599923516 2000
# Layered model 51799: value=0.156753
4
2.4403800798959340845 413.51406104422710541 174.58098192069164156 2000
9.7510276194611993361 421.82569367121607229 183.48636655497335823 2000
21.698492395115124509 1118.4785509726837063 267.80334944767633942 2000
0 1477.8356060696526129 486.51746080599923516 2000
# Layered model 51503: value=0.156753
4
2.4894317195018427213 417.64920165466935487 174.58098192069164156 2000
9.7019759798552911434 421.82569367121607229 183.48636655497335823 2000
21.698492395115124509 1118.4785509726837063 267.80334944767633942 2000
0 1260.3296269017564555 486.51746080599923516 2000
# Layered model 51944: value=0.156754
4
2.4403800798959340845 413.51406104422710541 174.58098192069164156 2000
9.7510276194611993361 421.82569367121607229 183.48636655497335823 2000
21.698492395115124509 1118.4785509726837063 267.80334944767633942 2000
0 1463.2035703659926185 486.51746080599923516 2000
# Layered model 51481: value=0.156754
4
2.5143260366968611663 417.64920165466935487 174.58098192069164156 2000
9.6770816626602726984 421.82569367121607229 183.48636655497335823 2000
21.698492395115124509 1118.4785509726837063 267.80334944767633942 2000
0 1337.86529535565478 486.51746080599923516 2000
# Layered model 51832: value=0.156754
4
2.4403800798959340845 413.51406104422710541 174.58098192069164156 2000
9.7510276194611993361 421.82569367121607229 183.48636655497335823 2000
21.698492395115124509 1118.4785509726837063 267.80334944767633942 2000
0 1448.7164063029629233 486.51746080599923516 2000
# Layered model 51845: value=0.156754
4
2.5143260366968611663 417.64920165466935487 174.58098192069164156 2000
9.6770816626602726984 421.82569367121607229 183.48636655497335823 2000
21.698492395115124509 1096.4401048648992401 267.80334944767633942 2000
0 1463.2035703659926185 486.51746080599923516 2000
# Layered model 51778: value=0.156755
4
2.4647838806948936252 417.64920165466935487 174.58098192069164156 2000
9.7266238186622402395 421.82569367121607229 183.48636655497335823 2000
21.698492395115124509 1096.4401048648992401 267.80334944767633942 2000
0 1492.6139621303491367 486.51746080599923516 2000
# Layered model 51886: value=0.156755
4
2.4403800798959340845 413.51406104422710541 174.58098192069164156 2000
9.7510276194611993361 421.82569367121607229 183.48636655497335823 2000
21.698492395115124509 1118.4785509726837063 267.80334944767633942 2000
0 1434.3726795078839586 486.51746080599923516 2000
# Layered model 51268: value=0.156756
4
2.5143260366968611663 417.64920165466935487 174.58098192069164156 2000
9.6770816626602726984 421.82569367121607229 183.48636655497335823 2000
21.698492395115124509 1118.4785509726837063 267.80334944767633942 2000
0 1324.6191043125295437 486.51746080599923516 2000
# Layered model 51851: value=0.156756
4
2.4403800798959340845 413.51406104422710541 174.58098192069164156 2000
9.7510276194611993361 421.82569367121607229 183.48636655497335823 2000
21.698492395115124509 1118.4785509726837063 267.80334944767633942 2000
0 1420.1709698097861292 486.51746080599923516 2000
# Layered model 51659: value=0.156756
4
2.5143260366968611663 417.64920165466935487 174.58098192069164156 2000
9.6770816626602726984 421.82569367121607229 183.48636655497335823 2000
21.698492395115124509 1107.4045059135482916 267.80334944767633942 2000
0 1351.2439483092114187 486.51746080599923516 2000
# Layered model 51520: value=0.156756
4
2.4894317195018427213 417.64920165466935487 174.58098192069164156 2000
9.7019759798552911434 421.82569367121607229 183.48636655497335823 2000
21.698492395115124509 1107.4045059135482916 267.80334944767633942 2000
0 1298.518874926506669 486.51746080599923516 2000
# Layered model 51859: value=0.156757
4
2.4403800798959340845 413.51406104422710541 174.58098192069164156 2000
9.7510276194611993361 421.82569367121607229 183.48636655497335823 2000
21.698492395115124509 1107.4045059135482916 267.80334944767633942 2000
0 1492.6139621303491367 486.51746080599923516 2000
# Layered model 51494: value=0.156757
4
2.4894317195018427213 417.64920165466935487 174.58098192069164156 2000
9.7019759798552911434 421.82569367121607229 183.48636655497335823 2000
21.698492395115124509 1118.4785509726837063 267.80334944767633942 2000
0 1247.851115744313347 486.51746080599923516 2000
# Layered model 51742: value=0.156758
4
2.4403800798959340845 413.51406104422710541 174.58098192069164156 2000
9.7510276194611993361 421.82569367121607229 183.48636655497335823 2000
21.698492395115124509 1118.4785509726837063 267.80334944767633942 2000
0 1406.1098710987980667 486.51746080599923516 2000
# Layered model 51754: value=0.156758
4
2.4894317195018427213 417.64920165466935487 174.58098192069164156 2000
9.7019759798552911434 421.82569367121607229 183.48636655497335823 2000
21.698492395115124509 1096.4401048648992401 267.80334944767633942 2000
0 1392.1879911869286843 486.51746080599923516 2000
# Layered model 51301: value=0.156759
4
2.5143260366968611663 417.64920165466935487 174.58098192069164156 2000
9.6770816626602726984 421.82569367121607229 183.48636655497335823 2000
21.698492395115124509 1118.4785509726837063 267.80334944767633942 2000
0 1311.5040636757717039 486.51746080599923516 2000
# Layered model 51871: value=0.156759
4
2.4647838806948936252 417.64920165466935487 174.58098192069164156 2000
9.7266238186622402395 421.82569367121607229 183.48636655497335823 2000
21.698492395115124509 1096.4401048648992401 267.80334944767633942 2000
0 1477.8356060696526129 486.51746080599923516 2000
# Layered model 51605: value=0.156759
4
2.5143260366968611663 417.64920165466935487 174.58098192069164156 2000
9.6770816626602726984 421.82569367121607229 183.48636655497335823 2000
21.698492395115124509 1096.4401048648992401 267.80334944767633942 2000
0 1448.7164063029629233 486.51746080599923516 2000
# Layered model 51570: value=0.156759
4
2.4647838806948936252 417.64920165466935487 174.58098192069164156 2000
9.7266238186622402395 421.82569367121607229 183.48636655497335823 2000
21.698492395115124509 1107.4045059135482916 267.80334944767633942 2000
0 1378.4039516702264336 486.51746080599923516 2000
# Layered model 59065: value=0.156759
4
2.4894317195018427213 417.64920165466935487 174.58098192069164156 2000
9.7019759798552911434 421.82569367121607229 183.48636655497335823 2000
21.698492395115124509 1032.8961765296010071 267.80334944767633942 2000
0 1118.4785509726837063 491.38263541405922297 2000
# Layered model 51863: value=0.156759
4
2.4403800798959340845 413.51406104422710541 174.58098192069164156 2000
9.7510276194611993361 421.82569367121607229 183.48636655497335823 2000
21.698492395115124509 1118.4785509726837063 267.80334944767633942 2000
0 1392.1879911869286843 486.51746080599923516 2000
# Layered model 58929: value=0.156759
4
2.4894317195018427213 417.64920165466935487 174.58098192069164156 2000
9.7019759798552911434 421.82569367121607229 183.48636655497335823 2000
21.698492395115124509 1032.8961765296010071 267.80334944767633942 2000
0 1129.6633364824106138 491.38263541405922297 2000
# Layered model 51791: value=0.156759
4
2.4403800798959340845 413.51406104422710541 174.58098192069164156 2000
9.7510276194611993361 421.82569367121607229 183.48636655497335823 2000
21.698492395115124509 1107.4045059135482916 267.80334944767633942 2000
0 1477.8356060696526129 486.51746080599923516 2000
# Layered model 58771: value=0.15676
4
2.4894317195018427213 417.64920165466935487 174.58098192069164156 2000
9.7019759798552911434 421.82569367121607229 183.48636655497335823 2000
21.698492395115124509 1032.8961765296010071 267.80334944767633942 2000
0 1107.4045059135482916 491.38263541405922297 2000
# Layered model 51641: value=0.15676
4
2.4647838806948936252 417.64920165466935487 174.58098192069164156 2000
9.7266238186622402395 421.82569367121607229 183.48636655497335823 2000
21.698492395115124509 1118.4785509726837063 267.80334944767633942 2000
0 1448.7164063029629233 486.51746080599923516 2000
# Layered model 51573: value=0.15676
4
2.4647838806948936252 417.64920165466935487 174.58098192069164156 2000
9.7266238186622402395 421.82569367121607229 183.48636655497335823 2000
21.698492395115124509 1118.4785509726837063 267.80334944767633942 2000
0 1434.3726795078839586 486.51746080599923516 2000
# Layered model 51562: value=0.15676
4
2.4647838806948936252 417.64920165466935487 174.58098192069164156 2000
9.7266238186622402395 421.82569367121607229 183.48636655497335823 2000
21.698492395115124509 1118.4785509726837063 267.80334944767633942 2000
0 1463.2035703659926185 486.51746080599923516 2000
# Layered model 58857: value=0.15676
4
2.4894317195018427213 417.64920165466935487 174.58098192069164156 2000
9.7019759798552911434 421.82569367121607229 183.48636655497335823 2000
21.698492395115124509 1032.8961765296010071 267.80334944767633942 2000
0 1140.9599698472347882 491.38263541405922297 2000
# Layered model 51510: value=0.15676
4
2.4647838806948936252 417.64920165466935487 174.58098192069164156 2000
9.7266238186622402395 421.82569367121607229 183.48636655497335823 2000
21.698492395115124509 1118.4785509726837063 267.80334944767633942 2000
0 1420.1709698097861292 486.51746080599923516 2000
# Layered model 51883: value=0.15676
4
2.4647838806948936252 417.64920165466935487 174.58098192069164156 2000
9.7266238186622402395 421.82569367121607229 183.48636655497335823 2000
21.698492395115124509 1118.4785509726837063 267.80334944767633942 2000
0 1477.8356060696526129 486.51746080599923516 2000
# Layered model 51644: value=0.156761
4
2.4647838806948936252 417.64920165466935487 174.58098192069164156 2000
9.7266238186622402395 421.82569367121607229 183.48636655497335823 2000
21.698492395115124509 1118.4785509726837063 267.80334944767633942 2000
0 1406.1098710987980667 486.51746080599923516 2000
# Layered model 51850: value=0.156761
4
2.4647838806948936252 417.64920165466935487 174.58098192069164156 2000
9.7266238186622402395 421.82569367121607229 183.48636655497335823 2000
21.698492395115124509 1118.4785509726837063 267.80334944767633942 2000
0 1492.6139621303491367 486.51746080599923516 2000
# Layered model 51686: value=0.156761
4
2.5143260366968611663 417.64920165466935487 174.58098192069164156 2000
9.6770816626602726984 421.82569367121607229 183.48636655497335823 2000
21.698492395115124509 1107.4045059135482916 267.80334944767633942 2000
0 1337.86529535565478 486.51746080599923516 2000
