# 60685 2_reports/tar1_lv4_tr1.report
# Layered model 60579: value=0.152374
4
5.198545851118773875 438.95350835529916367 178.09005965729755872 2000
8.4030218203458098003 797.44538945219721882 187.17444252272832728 2000
24.208321135588036555 1324.6191043125295437 273.1861967715746573 2000
0 1351.2439483092114187 559.23927548634185314 2000
# Layered model 60493: value=0.152385
4
5.198545851118773875 438.95350835529916367 178.09005965729755872 2000
8.4030218203458098003 797.44538945219721882 187.17444252272832728 2000
24.208321135588036555 1311.5040636757717039 273.1861967715746573 2000
0 1420.1709698097861292 559.23927548634185314 2000
# Layered model 58775: value=0.152388
4
5.1470751001175978345 438.95350835529916367 178.09005965729755872 2000
8.4544925713469858408 789.54989054673001192 187.17444252272832728 2000
24.208321135588036555 1223.2635190121686719 273.1861967715746573 2000
0 1235.4961542022904268 564.83166824120530691 2000
# Layered model 60641: value=0.152388
4
5.198545851118773875 438.95350835529916367 178.09005965729755872 2000
8.4030218203458098003 789.54989054673001192 187.17444252272832728 2000
24.208321135588036555 1324.6191043125295437 273.1861967715746573 2000
0 1492.6139621303491367 559.23927548634185314 2000
# Layered model 59213: value=0.152391
4
5.1470751001175978345 438.95350835529916367 178.09005965729755872 2000
8.4544925713469858408 789.54989054673001192 187.17444252272832728 2000
24.208321135588036555 1223.2635190121686719 273.1861967715746573 2000
0 1247.851115744313347 564.83166824120530691 2000
# Layered model 59287: value=0.152393
4
5.1470751001175978345 438.95350835529916367 178.09005965729755872 2000
8.4544925713469858408 797.44538945219721882 187.17444252272832728 2000
24.208321135588036555 1199.160395071236735 273.1861967715746573 2000
0 1211.1519990219492229 564.83166824120530691 2000
# Layered model 59203: value=0.152393
4
5.1470751001175978345 438.95350835529916367 178.09005965729755872 2000
8.4544925713469858408 789.54989054673001192 187.17444252272832728 2000
24.208321135588036555 1211.1519990219492229 273.1861967715746573 2000
0 1223.2635190121686719 564.83166824120530691 2000
# Layered model 59031: value=0.152393
4
5.1470751001175978345 438.95350835529916367 178.09005965729755872 2000
8.4544925713469858408 797.44538945219721882 187.17444252272832728 2000
24.208321135588036555 1211.1519990219492229 273.1861967715746573 2000
0 1223.2635190121686719 564.83166824120530691 2000
# Layered model 59206: value=0.152394
4
5.1470751001175978345 438.95350835529916367 178.09005965729755872 2000
8.4544925713469858408 789.54989054673001192 187.17444252272832728 2000
24.208321135588036555 1223.2635190121686719 273.1861967715746573 2000
0 1260.3296269017564555 564.83166824120530691 2000
# Layered model 59266: value=0.152394
4
5.1470751001175978345 438.95350835529916367 178.09005965729755872 2000
8.4544925713469858408 797.44538945219721882 187.17444252272832728 2000
24.208321135588036555 1199.160395071236735 273.1861967715746573 2000
0 1223.2635190121686719 564.83166824120530691 2000
# Layered model 59211: value=0.152394
4
5.1470751001175978345 438.95350835529916367 178.09005965729755872 2000
8.4544925713469858408 789.54989054673001192 187.17444252272832728 2000
24.208321135588036555 1211.1519990219492229 273.1861967715746573 2000
0 1235.4961542022904268 564.83166824120530691 2000
# Layered model 59208: value=0.152396
4
5.1470751001175978345 438.95350835529916367 178.09005965729755872 2000
8.4544925713469858408 797.44538945219721882 187.17444252272832728 2000
24.208321135588036555 1211.1519990219492229 273.1861967715746573 2000
0 1235.4961542022904268 564.83166824120530691 2000
# Layered model 59276: value=0.152396
4
5.1470751001175978345 438.95350835529916367 178.09005965729755872 2000
8.4544925713469858408 797.44538945219721882 187.17444252272832728 2000
24.208321135588036555 1199.160395071236735 273.1861967715746573 2000
0 1235.4961542022904268 564.83166824120530691 2000
# Layered model 59026: value=0.152396
4
5.1470751001175978345 438.95350835529916367 178.09005965729755872 2000
8.4544925713469858408 789.54989054673001192 187.17444252272832728 2000
24.208321135588036555 1211.1519990219492229 273.1861967715746573 2000
0 1247.851115744313347 564.83166824120530691 2000
# Layered model 59197: value=0.152396
4
5.1470751001175978345 438.95350835529916367 178.09005965729755872 2000
8.4544925713469858408 789.54989054673001192 187.17444252272832728 2000
24.208321135588036555 1223.2635190121686719 273.1861967715746573 2000
0 1272.9329231707740746 564.83166824120530691 2000
# Layered model 59339: value=0.152398
4
5.1470751001175978345 438.95350835529916367 178.09005965729755872 2000
8.4544925713469858408 797.44538945219721882 187.17444252272832728 2000
24.208321135588036555 1199.160395071236735 273.1861967715746573 2000
0 1247.851115744313347 564.83166824120530691 2000
# Layered model 58977: value=0.152398
4
5.1470751001175978345 438.95350835529916367 178.09005965729755872 2000
8.4544925713469858408 789.54989054673001192 187.17444252272832728 2000
24.208321135588036555 1211.1519990219492229 273.1861967715746573 2000
0 1260.3296269017564555 564.83166824120530691 2000
# Layered model 59229: value=0.152399
4
5.1470751001175978345 438.95350835529916367 178.09005965729755872 2000
8.4544925713469858408 797.44538945219721882 187.17444252272832728 2000
24.208321135588036555 1211.1519990219492229 273.1861967715746573 2000
0 1247.851115744313347 564.83166824120530691 2000
# Layered model 59050: value=0.152399
4
5.1470751001175978345 438.95350835529916367 178.09005965729755872 2000
8.4544925713469858408 789.54989054673001192 187.17444252272832728 2000
24.208321135588036555 1223.2635190121686719 273.1861967715746573 2000
0 1285.6622524024817267 564.83166824120530691 2000
# Layered model 59192: value=0.1524
4
5.1470751001175978345 438.95350835529916367 178.09005965729755872 2000
8.4544925713469858408 797.44538945219721882 187.17444252272832728 2000
24.208321135588036555 1199.160395071236735 273.1861967715746573 2000
0 1260.3296269017564555 564.83166824120530691 2000
# Layered model 59181: value=0.1524
4
5.1470751001175978345 438.95350835529916367 178.09005965729755872 2000
8.4544925713469858408 789.54989054673001192 187.17444252272832728 2000
24.208321135588036555 1211.1519990219492229 273.1861967715746573 2000
0 1272.9329231707740746 564.83166824120530691 2000
# Layered model 59234: value=0.1524
4
5.1470751001175978345 438.95350835529916367 178.09005965729755872 2000
8.4544925713469858408 789.54989054673001192 187.17444252272832728 2000
24.208321135588036555 1235.4961542022904268 273.1861967715746573 2000
0 1247.851115744313347 564.83166824120530691 2000
# Layered model 59207: value=0.152401
4
5.1470751001175978345 438.95350835529916367 178.09005965729755872 2000
8.4544925713469858408 789.54989054673001192 187.17444252272832728 2000
24.208321135588036555 1211.1519990219492229 273.1861967715746573 2000
0 1285.6622524024817267 564.83166824120530691 2000
# Layered model 59212: value=0.152402
4
5.1470751001175978345 438.95350835529916367 178.09005965729755872 2000
8.4544925713469858408 797.44538945219721882 187.17444252272832728 2000
24.208321135588036555 1211.1519990219492229 273.1861967715746573 2000
0 1260.3296269017564555 564.83166824120530691 2000
# Layered model 59055: value=0.152402
4
5.1470751001175978345 438.95350835529916367 178.09005965729755872 2000
8.4544925713469858408 789.54989054673001192 187.17444252272832728 2000
24.208321135588036555 1223.2635190121686719 273.1861967715746573 2000
0 1298.518874926506669 564.83166824120530691 2000
# Layered model 60615: value=0.152403
4
5.198545851118773875 438.95350835529916367 178.09005965729755872 2000
8.4030218203458098003 797.44538945219721882 187.17444252272832728 2000
24.208321135588036555 1298.518874926506669 273.1861967715746573 2000
0 1463.2035703659926185 559.23927548634185314 2000
# Layered model 60661: value=0.152403
4
5.198545851118773875 438.95350835529916367 178.09005965729755872 2000
8.4030218203458098003 805.41984334671917622 187.17444252272832728 2000
24.208321135588036555 1311.5040636757717039 273.1861967715746573 2000
0 1392.1879911869286843 559.23927548634185314 2000
# Layered model 59188: value=0.152403
4
5.1470751001175978345 438.95350835529916367 178.09005965729755872 2000
8.4544925713469858408 797.44538945219721882 187.17444252272832728 2000
24.208321135588036555 1199.160395071236735 273.1861967715746573 2000
0 1285.6622524024817267 564.83166824120530691 2000
# Layered model 58692: value=0.152403
4
5.1470751001175978345 438.95350835529916367 178.09005965729755872 2000
8.4544925713469858408 789.54989054673001192 187.17444252272832728 2000
24.208321135588036555 1211.1519990219492229 273.1861967715746573 2000
0 1298.518874926506669 564.83166824120530691 2000
# Layered model 60572: value=0.152404
4
5.198545851118773875 438.95350835529916367 178.09005965729755872 2000
8.4030218203458098003 805.41984334671917622 187.17444252272832728 2000
24.208321135588036555 1311.5040636757717039 273.1861967715746573 2000
0 1406.1098710987980667 559.23927548634185314 2000
# Layered model 60633: value=0.152404
4
5.198545851118773875 438.95350835529916367 178.09005965729755872 2000
8.4030218203458098003 805.41984334671917622 187.17444252272832728 2000
24.208321135588036555 1298.518874926506669 273.1861967715746573 2000
0 1324.6191043125295437 559.23927548634185314 2000
# Layered model 60659: value=0.152404
4
5.198545851118773875 438.95350835529916367 178.09005965729755872 2000
8.4030218203458098003 805.41984334671917622 187.17444252272832728 2000
24.208321135588036555 1298.518874926506669 273.1861967715746573 2000
0 1337.86529535565478 559.23927548634185314 2000
# Layered model 59195: value=0.152404
4
5.1470751001175978345 438.95350835529916367 178.09005965729755872 2000
8.4544925713469858408 789.54989054673001192 187.17444252272832728 2000
24.208321135588036555 1235.4961542022904268 273.1861967715746573 2000
0 1260.3296269017564555 564.83166824120530691 2000
# Layered model 59182: value=0.152404
4
5.1470751001175978345 438.95350835529916367 178.09005965729755872 2000
8.4544925713469858408 797.44538945219721882 187.17444252272832728 2000
24.208321135588036555 1211.1519990219492229 273.1861967715746573 2000
0 1272.9329231707740746 564.83166824120530691 2000
# Layered model 59003: value=0.152405
4
5.1470751001175978345 438.95350835529916367 178.09005965729755872 2000
8.4544925713469858408 789.54989054673001192 187.17444252272832728 2000
24.208321135588036555 1223.2635190121686719 273.1861967715746573 2000
0 1311.5040636757717039 564.83166824120530691 2000
# Layered model 59235: value=0.152405
4
5.1470751001175978345 438.95350835529916367 178.09005965729755872 2000
8.4544925713469858408 781.73256489775235423 187.17444252272832728 2000
24.208321135588036555 1235.4961542022904268 273.1861967715746573 2000
0 1247.851115744313347 564.83166824120530691 2000
# Layered model 60665: value=0.152405
4
5.198545851118773875 438.95350835529916367 178.09005965729755872 2000
8.4030218203458098003 805.41984334671917622 187.17444252272832728 2000
24.208321135588036555 1298.518874926506669 273.1861967715746573 2000
0 1406.1098710987980667 559.23927548634185314 2000
# Layered model 59056: value=0.152405
4
5.1470751001175978345 438.95350835529916367 178.09005965729755872 2000
8.4544925713469858408 797.44538945219721882 187.17444252272832728 2000
24.208321135588036555 1199.160395071236735 273.1861967715746573 2000
0 1298.518874926506669 564.83166824120530691 2000
# Layered model 59210: value=0.152405
4
5.1470751001175978345 438.95350835529916367 178.09005965729755872 2000
8.4544925713469858408 789.54989054673001192 187.17444252272832728 2000
24.208321135588036555 1211.1519990219492229 273.1861967715746573 2000
0 1311.5040636757717039 564.83166824120530691 2000
# Layered model 60504: value=0.152405
4
5.198545851118773875 438.95350835529916367 178.09005965729755872 2000
8.4030218203458098003 805.41984334671917622 187.17444252272832728 2000
24.208321135588036555 1298.518874926506669 273.1861967715746573 2000
0 1420.1709698097861292 559.23927548634185314 2000
# Layered model 60625: value=0.152407
4
5.198545851118773875 438.95350835529916367 178.09005965729755872 2000
8.4030218203458098003 805.41984334671917622 187.17444252272832728 2000
24.208321135588036555 1298.518874926506669 273.1861967715746573 2000
0 1463.2035703659926185 559.23927548634185314 2000
# Layered model 58867: value=0.152407
4
5.1470751001175978345 438.95350835529916367 178.09005965729755872 2000
8.4544925713469858408 789.54989054673001192 187.17444252272832728 2000
24.208321135588036555 1211.1519990219492229 273.1861967715746573 2000
0 1324.6191043125295437 564.83166824120530691 2000
# Layered model 59014: value=0.152407
4
5.1470751001175978345 438.95350835529916367 178.09005965729755872 2000
8.4544925713469858408 797.44538945219721882 187.17444252272832728 2000
24.208321135588036555 1199.160395071236735 273.1861967715746573 2000
0 1311.5040636757717039 564.83166824120530691 2000
# Layered model 60594: value=0.152407
4
5.198545851118773875 438.95350835529916367 178.09005965729755872 2000
8.4030218203458098003 805.41984334671917622 187.17444252272832728 2000
24.208321135588036555 1298.518874926506669 273.1861967715746573 2000
0 1477.8356060696526129 559.23927548634185314 2000
# Layered model 58840: value=0.152407
4
5.1470751001175978345 438.95350835529916367 178.09005965729755872 2000
8.4544925713469858408 797.44538945219721882 187.17444252272832728 2000
24.208321135588036555 1211.1519990219492229 273.1861967715746573 2000
0 1285.6622524024817267 564.83166824120530691 2000
# Layered model 59044: value=0.152407
4
5.1470751001175978345 438.95350835529916367 178.09005965729755872 2000
8.4544925713469858408 789.54989054673001192 187.17444252272832728 2000
24.208321135588036555 1223.2635190121686719 273.1861967715746573 2000
0 1324.6191043125295437 564.83166824120530691 2000
# Layered model 59258: value=0.152408
4
5.1470751001175978345 438.95350835529916367 178.09005965729755872 2000
8.4544925713469858408 781.73256489775235423 187.17444252272832728 2000
24.208321135588036555 1235.4961542022904268 273.1861967715746573 2000
0 1260.3296269017564555 564.83166824120530691 2000
# Layered model 60507: value=0.152408
4
5.198545851118773875 438.95350835529916367 178.09005965729755872 2000
8.4030218203458098003 805.41984334671917622 187.17444252272832728 2000
24.208321135588036555 1311.5040636757717039 273.1861967715746573 2000
0 1463.2035703659926185 559.23927548634185314 2000
# Layered model 59144: value=0.152408
4
5.1470751001175978345 438.95350835529916367 178.09005965729755872 2000
8.4544925713469858408 789.54989054673001192 187.17444252272832728 2000
24.208321135588036555 1235.4961542022904268 273.1861967715746573 2000
0 1272.9329231707740746 564.83166824120530691 2000
# Layered model 60645: value=0.152408
4
5.198545851118773875 438.95350835529916367 178.09005965729755872 2000
8.4030218203458098003 797.44538945219721882 187.17444252272832728 2000
24.208321135588036555 1298.518874926506669 273.1861967715746573 2000
0 1324.6191043125295437 559.23927548634185314 2000
# Layered model 60558: value=0.152408
4
5.198545851118773875 438.95350835529916367 178.09005965729755872 2000
8.4030218203458098003 805.41984334671917622 187.17444252272832728 2000
24.208321135588036555 1324.6191043125295437 273.1861967715746573 2000
0 1364.7563877923034852 559.23927548634185314 2000
# Layered model 58863: value=0.152409
4
5.1470751001175978345 438.95350835529916367 178.09005965729755872 2000
8.4544925713469858408 789.54989054673001192 187.17444252272832728 2000
24.208321135588036555 1211.1519990219492229 273.1861967715746573 2000
0 1337.86529535565478 564.83166824120530691 2000
# Layered model 58725: value=0.152409
4
5.1470751001175978345 438.95350835529916367 178.09005965729755872 2000
8.4544925713469858408 797.44538945219721882 187.17444252272832728 2000
24.208321135588036555 1199.160395071236735 273.1861967715746573 2000
0 1324.6191043125295437 564.83166824120530691 2000
# Layered model 60668: value=0.152409
4
5.198545851118773875 438.95350835529916367 178.09005965729755872 2000
8.4030218203458098003 797.44538945219721882 187.17444252272832728 2000
24.208321135588036555 1364.7563877923034852 273.1861967715746573 2000
0 1392.1879911869286843 559.23927548634185314 2000
# Layered model 60667: value=0.15241
4
5.198545851118773875 438.95350835529916367 178.09005965729755872 2000
8.4030218203458098003 805.41984334671917622 187.17444252272832728 2000
24.208321135588036555 1311.5040636757717039 273.1861967715746573 2000
0 1492.6139621303491367 559.23927548634185314 2000
# Layered model 58858: value=0.15241
4
5.1470751001175978345 438.95350835529916367 178.09005965729755872 2000
8.4544925713469858408 797.44538945219721882 187.17444252272832728 2000
24.208321135588036555 1211.1519990219492229 273.1861967715746573 2000
0 1298.518874926506669 564.83166824120530691 2000
# Layered model 59015: value=0.15241
4
5.1470751001175978345 438.95350835529916367 178.09005965729755872 2000
8.4544925713469858408 789.54989054673001192 187.17444252272832728 2000
24.208321135588036555 1223.2635190121686719 273.1861967715746573 2000
0 1337.86529535565478 564.83166824120530691 2000
# Layered model 59023: value=0.15241
4
5.1470751001175978345 438.95350835529916367 178.09005965729755872 2000
8.4544925713469858408 781.73256489775235423 187.17444252272832728 2000
24.208321135588036555 1235.4961542022904268 273.1861967715746573 2000
0 1272.9329231707740746 564.83166824120530691 2000
# Layered model 59200: value=0.152411
4
5.1470751001175978345 438.95350835529916367 178.09005965729755872 2000
8.4544925713469858408 781.73256489775235423 187.17444252272832728 2000
24.208321135588036555 1247.851115744313347 273.1861967715746573 2000
0 1260.3296269017564555 564.83166824120530691 2000
# Layered model 58812: value=0.152411
4
5.1470751001175978345 438.95350835529916367 178.09005965729755872 2000
8.4544925713469858408 789.54989054673001192 187.17444252272832728 2000
24.208321135588036555 1211.1519990219492229 273.1861967715746573 2000
0 1351.2439483092114187 564.83166824120530691 2000
# Layered model 58841: value=0.152411
4
5.1470751001175978345 438.95350835529916367 178.09005965729755872 2000
8.4544925713469858408 797.44538945219721882 187.17444252272832728 2000
24.208321135588036555 1199.160395071236735 273.1861967715746573 2000
0 1337.86529535565478 564.83166824120530691 2000
# Layered model 59324: value=0.152411
4
5.1470751001175978345 438.95350835529916367 178.09005965729755872 2000
8.4544925713469858408 797.44538945219721882 187.17444252272832728 2000
24.208321135588036555 1187.2875198725116661 273.1861967715746573 2000
0 1199.160395071236735 564.83166824120530691 2000
# Layered model 59177: value=0.152411
4
5.1470751001175978345 438.95350835529916367 178.09005965729755872 2000
8.4544925713469858408 797.44538945219721882 187.17444252272832728 2000
24.208321135588036555 1223.2635190121686719 273.1861967715746573 2000
0 1235.4961542022904268 564.83166824120530691 2000
# Layered model 59199: value=0.152411
4
5.1470751001175978345 438.95350835529916367 178.09005965729755872 2000
8.4544925713469858408 797.44538945219721882 187.17444252272832728 2000
24.208321135588036555 1187.2875198725116661 273.1861967715746573 2000
0 1211.1519990219492229 564.83166824120530691 2000
# Layered model 60618: value=0.152411
4
5.198545851118773875 438.95350835529916367 178.09005965729755872 2000
8.4030218203458098003 805.41984334671917622 187.17444252272832728 2000
24.208321135588036555 1324.6191043125295437 273.1861967715746573 2000
0 1392.1879911869286843 559.23927548634185314 2000
# Layered model 59214: value=0.152411
4
5.1470751001175978345 438.95350835529916367 178.09005965729755872 2000
8.4544925713469858408 789.54989054673001192 187.17444252272832728 2000
24.208321135588036555 1235.4961542022904268 273.1861967715746573 2000
0 1285.6622524024817267 564.83166824120530691 2000
# Layered model 59222: value=0.152412
4
5.1470751001175978345 438.95350835529916367 178.09005965729755872 2000
8.4544925713469858408 797.44538945219721882 187.17444252272832728 2000
24.208321135588036555 1187.2875198725116661 273.1861967715746573 2000
0 1223.2635190121686719 564.83166824120530691 2000
# Layered model 59204: value=0.152412
4
5.1470751001175978345 438.95350835529916367 178.09005965729755872 2000
8.4544925713469858408 797.44538945219721882 187.17444252272832728 2000
24.208321135588036555 1187.2875198725116661 273.1861967715746573 2000
0 1235.4961542022904268 564.83166824120530691 2000
# Layered model 58721: value=0.152413
4
5.1470751001175978345 438.95350835529916367 178.09005965729755872 2000
8.4544925713469858408 789.54989054673001192 187.17444252272832728 2000
24.208321135588036555 1211.1519990219492229 273.1861967715746573 2000
0 1364.7563877923034852 564.83166824120530691 2000
# Layered model 58691: value=0.152413
4
5.1470751001175978345 438.95350835529916367 178.09005965729755872 2000
8.4544925713469858408 797.44538945219721882 187.17444252272832728 2000
24.208321135588036555 1199.160395071236735 273.1861967715746573 2000
0 1351.2439483092114187 564.83166824120530691 2000
# Layered model 58809: value=0.152413
4
5.1470751001175978345 438.95350835529916367 178.09005965729755872 2000
8.4544925713469858408 789.54989054673001192 187.17444252272832728 2000
24.208321135588036555 1223.2635190121686719 273.1861967715746573 2000
0 1351.2439483092114187 564.83166824120530691 2000
# Layered model 59275: value=0.152413
4
5.1470751001175978345 438.95350835529916367 178.09005965729755872 2000
8.4544925713469858408 781.73256489775235423 187.17444252272832728 2000
24.208321135588036555 1235.4961542022904268 273.1861967715746573 2000
0 1285.6622524024817267 564.83166824120530691 2000
# Layered model 59579: value=0.152413
4
5.1470751001175978345 438.95350835529916367 178.09005965729755872 2000
8.4544925713469858408 805.41984334671917622 187.17444252272832728 2000
24.208321135588036555 1187.2875198725116661 273.1861967715746573 2000
0 1199.160395071236735 564.83166824120530691 2000
# Layered model 59294: value=0.152413
4
5.1470751001175978345 438.95350835529916367 178.09005965729755872 2000
8.4544925713469858408 797.44538945219721882 187.17444252272832728 2000
24.208321135588036555 1187.2875198725116661 273.1861967715746573 2000
0 1247.851115744313347 564.83166824120530691 2000
# Layered model 58792: value=0.152413
4
5.1470751001175978345 438.95350835529916367 178.09005965729755872 2000
8.4544925713469858408 797.44538945219721882 187.17444252272832728 2000
24.208321135588036555 1211.1519990219492229 273.1861967715746573 2000
0 1311.5040636757717039 564.83166824120530691 2000
# Layered model 58917: value=0.152414
4
5.1470751001175978345 438.95350835529916367 178.09005965729755872 2000
8.4544925713469858408 797.44538945219721882 187.17444252272832728 2000
24.208321135588036555 1187.2875198725116661 273.1861967715746573 2000
0 1260.3296269017564555 564.83166824120530691 2000
# Layered model 59194: value=0.152414
4
5.1470751001175978345 438.95350835529916367 178.09005965729755872 2000
8.4544925713469858408 781.73256489775235423 187.17444252272832728 2000
24.208321135588036555 1247.851115744313347 273.1861967715746573 2000
0 1272.9329231707740746 564.83166824120530691 2000
# Layered model 59185: value=0.152414
4
5.1470751001175978345 438.95350835529916367 178.09005965729755872 2000
8.4544925713469858408 797.44538945219721882 187.17444252272832728 2000
24.208321135588036555 1187.2875198725116661 273.1861967715746573 2000
0 1272.9329231707740746 564.83166824120530691 2000
# Layered model 58740: value=0.152414
4
5.1470751001175978345 438.95350835529916367 178.09005965729755872 2000
8.4544925713469858408 789.54989054673001192 187.17444252272832728 2000
24.208321135588036555 1211.1519990219492229 273.1861967715746573 2000
0 1378.4039516702264336 564.83166824120530691 2000
# Layered model 60646: value=0.152415
4
5.198545851118773875 438.95350835529916367 178.09005965729755872 2000
8.4030218203458098003 805.41984334671917622 187.17444252272832728 2000
24.208321135588036555 1324.6191043125295437 273.1861967715746573 2000
0 1420.1709698097861292 559.23927548634185314 2000
# Layered model 59657: value=0.152415
4
5.1470751001175978345 438.95350835529916367 178.09005965729755872 2000
8.4544925713469858408 805.41984334671917622 187.17444252272832728 2000
24.208321135588036555 1187.2875198725116661 273.1861967715746573 2000
0 1211.1519990219492229 564.83166824120530691 2000
# Layered model 58908: value=0.152415
4
5.1470751001175978345 438.95350835529916367 178.09005965729755872 2000
8.4544925713469858408 797.44538945219721882 187.17444252272832728 2000
24.208321135588036555 1199.160395071236735 273.1861967715746573 2000
0 1364.7563877923034852 564.83166824120530691 2000
# Layered model 59196: value=0.152415
4
5.1470751001175978345 438.95350835529916367 178.09005965729755872 2000
8.4544925713469858408 797.44538945219721882 187.17444252272832728 2000
24.208321135588036555 1223.2635190121686719 273.1861967715746573 2000
0 1247.851115744313347 564.83166824120530691 2000
# Layered model 59186: value=0.152415
4
5.1470751001175978345 438.95350835529916367 178.09005965729755872 2000
8.4544925713469858408 789.54989054673001192 187.17444252272832728 2000
24.208321135588036555 1235.4961542022904268 273.1861967715746573 2000
0 1298.518874926506669 564.83166824120530691 2000
# Layered model 59237: value=0.152415
4
5.1470751001175978345 438.95350835529916367 178.09005965729755872 2000
8.4544925713469858408 797.44538945219721882 187.17444252272832728 2000
24.208321135588036555 1187.2875198725116661 273.1861967715746573 2000
0 1285.6622524024817267 564.83166824120530691 2000
# Layered model 55746: value=0.152415
4
5.198545851118773875 443.343043438852078 178.09005965729755872 2000
8.4030218203458098003 781.73256489775235423 187.17444252272832728 2000
24.208321135588036555 1223.2635190121686719 273.1861967715746573 2000
0 1235.4961542022904268 564.83166824120530691 2000
# Layered model 59242: value=0.152415
4
5.1470751001175978345 438.95350835529916367 178.09005965729755872 2000
8.4544925713469858408 781.73256489775235423 187.17444252272832728 2000
24.208321135588036555 1223.2635190121686719 273.1861967715746573 2000
0 1235.4961542022904268 564.83166824120530691 2000
# Layered model 59122: value=0.152416
4
5.1470751001175978345 438.95350835529916367 178.09005965729755872 2000
8.4544925713469858408 789.54989054673001192 187.17444252272832728 2000
24.208321135588036555 1199.160395071236735 273.1861967715746573 2000
0 1211.1519990219492229 564.83166824120530691 2000
# Layered model 59231: value=0.152416
4
5.1470751001175978345 438.95350835529916367 178.09005965729755872 2000
8.4544925713469858408 781.73256489775235423 187.17444252272832728 2000
24.208321135588036555 1235.4961542022904268 273.1861967715746573 2000
0 1298.518874926506669 564.83166824120530691 2000
# Layered model 58987: value=0.152416
4
5.1470751001175978345 438.95350835529916367 178.09005965729755872 2000
8.4544925713469858408 797.44538945219721882 187.17444252272832728 2000
24.208321135588036555 1211.1519990219492229 273.1861967715746573 2000
0 1324.6191043125295437 564.83166824120530691 2000
# Layered model 59334: value=0.152416
4
5.1470751001175978345 438.95350835529916367 178.09005965729755872 2000
8.4544925713469858408 789.54989054673001192 187.17444252272832728 2000
24.208321135588036555 1199.160395071236735 273.1861967715746573 2000
0 1223.2635190121686719 564.83166824120530691 2000
# Layered model 58755: value=0.152416
4
5.1470751001175978345 438.95350835529916367 178.09005965729755872 2000
8.4544925713469858408 797.44538945219721882 187.17444252272832728 2000
24.208321135588036555 1187.2875198725116661 273.1861967715746573 2000
0 1298.518874926506669 564.83166824120530691 2000
# Layered model 59380: value=0.152416
4
5.1470751001175978345 438.95350835529916367 178.09005965729755872 2000
8.4544925713469858408 805.41984334671917622 187.17444252272832728 2000
24.208321135588036555 1187.2875198725116661 273.1861967715746573 2000
0 1223.2635190121686719 564.83166824120530691 2000
# Layered model 58690: value=0.152416
4
5.1470751001175978345 438.95350835529916367 178.09005965729755872 2000
8.4544925713469858408 789.54989054673001192 187.17444252272832728 2000
24.208321135588036555 1211.1519990219492229 273.1861967715746573 2000
0 1392.1879911869286843 564.83166824120530691 2000
# Layered model 59292: value=0.152417
4
5.1470751001175978345 438.95350835529916367 178.09005965729755872 2000
8.4544925713469858408 789.54989054673001192 187.17444252272832728 2000
24.208321135588036555 1199.160395071236735 273.1861967715746573 2000
0 1235.4961542022904268 564.83166824120530691 2000
# Layered model 58952: value=0.152417
4
5.1470751001175978345 438.95350835529916367 178.09005965729755872 2000
8.4544925713469858408 797.44538945219721882 187.17444252272832728 2000
24.208321135588036555 1199.160395071236735 273.1861967715746573 2000
0 1378.4039516702264336 564.83166824120530691 2000
# Layered model 60517: value=0.152417
4
5.198545851118773875 438.95350835529916367 178.09005965729755872 2000
8.4030218203458098003 805.41984334671917622 187.17444252272832728 2000
24.208321135588036555 1285.6622524024817267 273.1861967715746573 2000
0 1477.8356060696526129 559.23927548634185314 2000
# Layered model 60651: value=0.152417
4
5.198545851118773875 438.95350835529916367 178.09005965729755872 2000
8.4030218203458098003 805.41984334671917622 187.17444252272832728 2000
24.208321135588036555 1285.6622524024817267 273.1861967715746573 2000
0 1463.2035703659926185 559.23927548634185314 2000
# Layered model 59220: value=0.152417
4
5.1470751001175978345 438.95350835529916367 178.09005965729755872 2000
8.4544925713469858408 797.44538945219721882 187.17444252272832728 2000
24.208321135588036555 1187.2875198725116661 273.1861967715746573 2000
0 1311.5040636757717039 564.83166824120530691 2000
# Layered model 59316: value=0.152417
4
5.1470751001175978345 438.95350835529916367 178.09005965729755872 2000
8.4544925713469858408 781.73256489775235423 187.17444252272832728 2000
24.208321135588036555 1223.2635190121686719 273.1861967715746573 2000
0 1247.851115744313347 564.83166824120530691 2000
