# 60046 2_reports/tar1_lv4_tr2.report
# Layered model 60041: value=0.16035
4
9.8276527082811746538 421.82569367121607229 179.87096025387054965 2000
5.3471858077981408996 736.42743800497760276 217.30371700757382314 2000
20.091127420727897146 992.59292353639978046 273.1861967715746573 2000
0 1163.8932652411642721 506.27202064974062523 2000
# Layered model 59170: value=0.160495
4
9.8276527082811746538 421.82569367121607229 179.87096025387054965 2000
5.6522000619713352876 781.73256489775235423 219.47675417764958183 2000
19.436945186982352851 907.56723924805316983 273.1861967715746573 2000
0 1163.8932652411642721 501.25942638588190903 2000
# Layered model 58588: value=0.160554
4
9.8276527082811746538 421.82569367121607229 179.87096025387054965 2000
5.1969398818963661313 673.34493423092078501 217.30371700757382314 2000
19.892205367057322007 863.51908734050743988 273.1861967715746573 2000
0 1187.2875198725116661 506.27202064974062523 2000
# Layered model 59629: value=0.160582
4
9.8276527082811746538 421.82569367121607229 179.87096025387054965 2000
5.3471858077981408996 680.0783835732299849 217.30371700757382314 2000
19.741959441155547239 992.59292353639978046 273.1861967715746573 2000
0 1118.4785509726837063 501.25942638588190903 2000
# Layered model 59710: value=0.160676
4
9.8276527082811746538 421.82569367121607229 179.87096025387054965 2000
5.1969398818963661313 634.3213869747961553 217.30371700757382314 2000
19.892205367057322007 944.41810850615354411 273.1861967715746573 2000
0 1175.5321978935758125 501.25942638588190903 2000
# Layered model 58739: value=0.160724
4
9.8276527082811746538 426.04395060792825234 179.87096025387054965 2000
5.3471858077981408996 729.13607723265113236 217.30371700757382314 2000
19.741959441155547239 898.58142499807229342 273.1861967715746573 2000
0 1260.3296269017564555 501.25942638588190903 2000
# Layered model 59887: value=0.160735
4
9.7303492161199756083 413.51406104422710541 179.87096025387054965 2000
5.5962376851201334205 621.82274970571131689 219.47675417764958183 2000
19.244500185131041547 963.40091248712724337 273.1861967715746573 2000
0 1187.2875198725116661 496.29646176819989023 2000
# Layered model 58788: value=0.160794
4
9.8276527082811746538 421.82569367121607229 179.87096025387054965 2000
5.1969398818963661313 666.67815270388200588 217.30371700757382314 2000
19.892205367057322007 944.41810850615354411 273.1861967715746573 2000
0 1107.4045059135482916 501.25942638588190903 2000
# Layered model 59736: value=0.160858
4
9.9259292353639860806 426.04395060792825234 179.87096025387054965 2000
5.0986633548135547045 647.07124685298958866 217.30371700757382314 2000
19.892205367057322007 846.50434990736948748 273.1861967715746573 2000
0 1118.4785509726837063 511.33474085623817018 2000
# Layered model 59399: value=0.160863
4
9.8276527082811746538 417.64920165466935487 179.87096025387054965 2000
5.3471858077981408996 736.42743800497760276 217.30371700757382314 2000
19.741959441155547239 953.86228959121501703 273.1861967715746573 2000
0 1187.2875198725116661 501.25942638588190903 2000
# Layered model 59061: value=0.160879
4
9.6340091248712624861 421.82569367121607229 179.87096025387054965 2000
5.6925777763688465427 673.34493423092078501 217.30371700757382314 2000
19.244500185131041547 829.82487001996798881 273.1861967715746573 2000
0 1211.1519990219492229 501.25942638588190903 2000
# Layered model 58978: value=0.160925
4
9.8276527082811746538 421.82569367121607229 179.87096025387054965 2000
5.1969398818963661313 591.64301011826387366 217.30371700757382314 2000
19.546494496193609791 944.41810850615354411 273.1861967715746573 2000
0 1096.4401048648992401 496.29646176819989023 2000
# Layered model 59973: value=0.160963
4
9.8276527082811746538 421.82569367121607229 179.87096025387054965 2000
5.1969398818963661313 579.98530547815289538 217.30371700757382314 2000
19.546494496193609791 889.68457920601224487 273.1861967715746573 2000
0 1074.8359032103708159 501.25942638588190903 2000
# Layered model 59779: value=0.160971
4
9.8276527082811746538 421.82569367121607229 179.87096025387054965 2000
5.1969398818963661313 597.55944021944651467 217.30371700757382314 2000
19.546494496193609791 953.86228959121501703 273.1861967715746573 2000
0 1096.4401048648992401 496.29646176819989023 2000
# Layered model 59570: value=0.160976
4
9.9259292353639860806 430.30439011400761729 179.87096025387054965 2000
5.0986633548135547045 615.66608881753597871 217.30371700757382314 2000
19.892205367057322007 846.50434990736948748 273.1861967715746573 2000
0 1187.2875198725116661 511.33474085623817018 2000
# Layered model 59849: value=0.160981
4
9.8276527082811746538 426.04395060792825234 179.87096025387054965 2000
5.1969398818963661313 562.92802343990035752 217.30371700757382314 2000
19.546494496193609791 963.40091248712724337 273.1861967715746573 2000
0 1247.851115744313347 496.29646176819989023 2000
# Layered model 59927: value=0.160987
4
9.9259292353639860806 426.04395060792825234 179.87096025387054965 2000
5.0986633548135547045 634.3213869747961553 217.30371700757382314 2000
19.892205367057322007 963.40091248712724337 273.1861967715746573 2000
0 1235.4961542022904268 501.25942638588190903 2000
# Layered model 53549: value=0.161001
4
9.9259292353639860806 430.30439011400761729 179.87096025387054965 2000
5.0986633548135547045 634.3213869747961553 217.30371700757382314 2000
19.892205367057322007 854.96939340644303229 273.1861967715746573 2000
0 1107.4045059135482916 511.33474085623817018 2000
# Layered model 59725: value=0.161002
4
9.9259292353639860806 426.04395060792825234 179.87096025387054965 2000
5.0986633548135547045 640.66460084454411117 217.30371700757382314 2000
19.892205367057322007 863.51908734050743988 273.1861967715746573 2000
0 1118.4785509726837063 511.33474085623817018 2000
# Layered model 59847: value=0.161006
4
9.9259292353639860806 426.04395060792825234 179.87096025387054965 2000
5.0986633548135547045 640.66460084454411117 217.30371700757382314 2000
19.892205367057322007 982.76527082811844593 273.1861967715746573 2000
0 1096.4401048648992401 501.25942638588190903 2000
# Layered model 58889: value=0.161043
4
9.9259292353639860806 426.04395060792825234 179.87096025387054965 2000
5.0986633548135547045 660.07737891473470881 217.30371700757382314 2000
19.892205367057322007 935.06743416450854056 273.1861967715746573 2000
0 1140.9599698472347882 501.25942638588190903 2000
# Layered model 59232: value=0.161053
4
9.6340091248712624861 413.51406104422710541 179.87096025387054965 2000
5.2418251228292724875 838.12311872016766756 215.15219505700380864 2000
20.742791348474749924 1012.5440412994812505 273.1861967715746573 2000
0 1364.7563877923034852 511.33474085623817018 2000
# Layered model 60031: value=0.161078
4
9.9259292353639860806 430.30439011400761729 179.87096025387054965 2000
5.0986633548135547045 634.3213869747961553 217.30371700757382314 2000
19.892205367057322007 821.60878219798814825 273.1861967715746573 2000
0 1118.4785509726837063 511.33474085623817018 2000
# Layered model 59728: value=0.161128
4
9.8276527082811746538 426.04395060792825234 179.87096025387054965 2000
5.1969398818963661313 568.55730367429941907 217.30371700757382314 2000
19.546494496193609791 944.41810850615354411 273.1861967715746573 2000
0 1152.3695695457072361 496.29646176819989023 2000
# Layered model 59963: value=0.161132
4
9.9259292353639860806 430.30439011400761729 179.87096025387054965 2000
5.0986633548135547045 628.0409772027684312 217.30371700757382314 2000
19.892205367057322007 863.51908734050743988 273.1861967715746573 2000
0 1175.5321978935758125 511.33474085623817018 2000
# Layered model 58802: value=0.16114
4
9.7303492161199756083 426.04395060792825234 179.87096025387054965 2000
5.5962376851201334205 634.3213869747961553 217.30371700757382314 2000
19.244500185131041547 880.87582099605185704 273.1861967715746573 2000
0 1118.4785509726837063 501.25942638588190903 2000
# Layered model 59861: value=0.161145
4
9.9259292353639860806 430.30439011400761729 179.87096025387054965 2000
5.0986633548135547045 603.53503462164098892 217.30371700757382314 2000
19.892205367057322007 863.51908734050743988 273.1861967715746573 2000
0 1043.2251382948970786 511.33474085623817018 2000
# Layered model 59793: value=0.16115
4
9.9259292353639860806 421.82569367121607229 179.87096025387054965 2000
4.9499050123365488929 647.07124685298958866 217.30371700757382314 2000
20.040963709534327819 872.15427821391256202 273.1861967715746573 2000
0 1175.5321978935758125 506.27202064974062523 2000
# Layered model 59214: value=0.161159
4
9.7303492161199756083 421.82569367121607229 179.87096025387054965 2000
5.4444892999593399452 634.3213869747961553 217.30371700757382314 2000
19.396248570291835023 953.86228959121501703 273.1861967715746573 2000
0 1064.193963574624604 496.29646176819989023 2000
# Layered model 59766: value=0.16116
4
9.8276527082811746538 426.04395060792825234 179.87096025387054965 2000
5.3471858077981408996 628.0409772027684312 217.30371700757382314 2000
19.396248570291835023 925.80934075693903651 273.1861967715746573 2000
0 1118.4785509726837063 496.29646176819989023 2000
# Layered model 60037: value=0.161174
4
9.8276527082811746538 426.04395060792825234 179.87096025387054965 2000
5.1969398818963661313 546.37239354314931461 217.30371700757382314 2000
19.546494496193609791 1012.5440412994812505 273.1861967715746573 2000
0 1074.8359032103708159 496.29646176819989023 2000
# Layered model 59979: value=0.161209
4
9.8276527082811746538 430.30439011400761729 179.87096025387054965 2000
5.3471858077981408996 609.57038496785742154 217.30371700757382314 2000
19.396248570291835023 863.51908734050743988 273.1861967715746573 2000
0 1175.5321978935758125 501.25942638588190903 2000
# Layered model 59781: value=0.16123
4
9.9259292353639860806 430.30439011400761729 179.87096025387054965 2000
5.0986633548135547045 660.07737891473470881 217.30371700757382314 2000
19.892205367057322007 838.12311872016766756 273.1861967715746573 2000
0 1085.5842622424745514 511.33474085623817018 2000
# Layered model 59376: value=0.16123
4
9.8276527082811746538 417.64920165466935487 179.87096025387054965 2000
5.1969398818963661313 628.0409772027684312 217.30371700757382314 2000
19.546494496193609791 916.6429116405337254 273.1861967715746573 2000
0 1053.6573896778461403 496.29646176819989023 2000
# Layered model 59990: value=0.16123
4
9.8276527082811746538 426.04395060792825234 179.87096025387054965 2000
5.3471858077981408996 621.82274970571131689 217.30371700757382314 2000
19.396248570291835023 944.41810850615354411 273.1861967715746573 2000
0 1163.8932652411642721 496.29646176819989023 2000
# Layered model 54533: value=0.161236
4
9.8276527082811746538 426.04395060792825234 179.87096025387054965 2000
5.1969398818963661313 562.92802343990035752 217.30371700757382314 2000
19.546494496193609791 1012.5440412994812505 273.1861967715746573 2000
0 1053.6573896778461403 496.29646176819989023 2000
# Layered model 59832: value=0.161237
4
9.7303492161199756083 413.51406104422710541 179.87096025387054965 2000
5.5962376851201334205 628.0409772027684312 219.47675417764958183 2000
19.244500185131041547 872.15427821391256202 273.1861967715746573 2000
0 1032.8961765296010071 501.25942638588190903 2000
# Layered model 59714: value=0.161238
4
9.8276527082811746538 417.64920165466935487 179.87096025387054965 2000
5.1969398818963661313 640.66460084454411117 217.30371700757382314 2000
19.892205367057322007 944.41810850615354411 273.1861967715746573 2000
0 1163.8932652411642721 501.25942638588190903 2000
# Layered model 59176: value=0.161266
4
9.9259292353639860806 430.30439011400761729 179.87096025387054965 2000
5.0986633548135547045 603.53503462164098892 217.30371700757382314 2000
19.892205367057322007 821.60878219798814825 273.1861967715746573 2000
0 1043.2251382948970786 516.44808826480050357 2000
# Layered model 60013: value=0.161267
4
9.8276527082811746538 426.04395060792825234 179.87096025387054965 2000
5.3471858077981408996 615.66608881753597871 217.30371700757382314 2000
19.396248570291835023 953.86228959121501703 273.1861967715746573 2000
0 1107.4045059135482916 496.29646176819989023 2000
# Layered model 59018: value=0.161277
4
9.9259292353639860806 426.04395060792825234 179.87096025387054965 2000
5.0986633548135547045 700.68543867388245872 217.30371700757382314 2000
19.892205367057322007 872.15427821391256202 273.1861967715746573 2000
0 1064.193963574624604 506.27202064974062523 2000
# Layered model 59884: value=0.16128
4
9.8276527082811746538 426.04395060792825234 179.87096025387054965 2000
5.3471858077981408996 609.57038496785742154 217.30371700757382314 2000
19.396248570291835023 944.41810850615354411 273.1861967715746573 2000
0 1129.6633364824106138 496.29646176819989023 2000
# Layered model 59811: value=0.161286
4
9.8276527082811746538 421.82569367121607229 179.87096025387054965 2000
5.0481815394193603197 579.98530547815289538 217.30371700757382314 2000
20.040963709534327819 973.03492161199847033 273.1861967715746573 2000
0 1199.160395071236735 501.25942638588190903 2000
# Layered model 59208: value=0.161297
4
9.9259292353639860806 426.04395060792825234 179.87096025387054965 2000
4.9499050123365488929 615.66608881753597871 217.30371700757382314 2000
20.040963709534327819 898.58142499807229342 273.1861967715746573 2000
0 1152.3695695457072361 506.27202064974062523 2000
# Layered model 59167: value=0.161307
4
9.8276527082811746538 426.04395060792825234 179.87096025387054965 2000
5.3471858077981408996 609.57038496785742154 217.30371700757382314 2000
19.396248570291835023 935.06743416450854056 273.1861967715746573 2000
0 1152.3695695457072361 496.29646176819989023 2000
# Layered model 59666: value=0.161318
4
9.8276527082811746538 426.04395060792825234 179.87096025387054965 2000
5.3471858077981408996 609.57038496785742154 217.30371700757382314 2000
19.396248570291835023 935.06743416450854056 273.1861967715746573 2000
0 1140.9599698472347882 496.29646176819989023 2000
# Layered model 57981: value=0.161321
4
9.8276527082811746538 426.04395060792825234 179.87096025387054965 2000
5.1969398818963661313 574.24287671104241326 217.30371700757382314 2000
19.546494496193609791 925.80934075693903651 273.1861967715746573 2000
0 1129.6633364824106138 496.29646176819989023 2000
# Layered model 59553: value=0.161321
4
9.9259292353639860806 430.30439011400761729 179.87096025387054965 2000
5.0986633548135547045 615.66608881753597871 217.30371700757382314 2000
19.892205367057322007 829.82487001996798881 273.1861967715746573 2000
0 1175.5321978935758125 511.33474085623817018 2000
# Layered model 60030: value=0.161339
4
9.8276527082811746538 426.04395060792825234 179.87096025387054965 2000
5.3471858077981408996 609.57038496785742154 217.30371700757382314 2000
19.396248570291835023 963.40091248712724337 273.1861967715746573 2000
0 1032.8961765296010071 496.29646176819989023 2000
# Layered model 59515: value=0.161342
4
9.8276527082811746538 413.51406104422710541 179.87096025387054965 2000
5.0481815394193603197 597.55944021944651467 217.30371700757382314 2000
19.695252838670615603 872.15427821391256202 273.1861967715746573 2000
0 1012.5440412994812505 501.25942638588190903 2000
# Layered model 60043: value=0.161344
4
9.8276527082811746538 426.04395060792825234 179.87096025387054965 2000
5.3471858077981408996 609.57038496785742154 217.30371700757382314 2000
19.396248570291835023 935.06743416450854056 273.1861967715746573 2000
0 1118.4785509726837063 496.29646176819989023 2000
# Layered model 59993: value=0.161344
4
9.9259292353639860806 434.60743401514764628 179.87096025387054965 2000
5.0986633548135547045 597.55944021944651467 217.30371700757382314 2000
19.892205367057322007 880.87582099605185704 273.1861967715746573 2000
0 935.06743416450854056 511.33474085623817018 2000
# Layered model 59662: value=0.161354
4
9.8276527082811746538 430.30439011400761729 179.87096025387054965 2000
5.3471858077981408996 591.64301011826387366 217.30371700757382314 2000
19.396248570291835023 889.68457920601224487 273.1861967715746573 2000
0 1096.4401048648992401 501.25942638588190903 2000
# Layered model 59699: value=0.161355
4
9.8276527082811746538 417.64920165466935487 179.87096025387054965 2000
5.1969398818963661313 615.66608881753597871 217.30371700757382314 2000
19.546494496193609791 916.6429116405337254 273.1861967715746573 2000
0 1085.5842622424745514 496.29646176819989023 2000
# Layered model 59948: value=0.161361
4
9.8276527082811746538 430.30439011400761729 179.87096025387054965 2000
5.3471858077981408996 603.53503462164098892 217.30371700757382314 2000
19.396248570291835023 889.68457920601224487 273.1861967715746573 2000
0 992.59292353639978046 501.25942638588190903 2000
# Layered model 60010: value=0.161369
4
9.8276527082811746538 426.04395060792825234 179.87096025387054965 2000
5.3471858077981408996 603.53503462164098892 217.30371700757382314 2000
19.396248570291835023 953.86228959121501703 273.1861967715746573 2000
0 1118.4785509726837063 496.29646176819989023 2000
# Layered model 59653: value=0.161382
4
9.8276527082811746538 426.04395060792825234 179.87096025387054965 2000
5.3471858077981408996 603.53503462164098892 217.30371700757382314 2000
19.396248570291835023 944.41810850615354411 273.1861967715746573 2000
0 1163.8932652411642721 496.29646176819989023 2000
# Layered model 59810: value=0.161392
4
9.8276527082811746538 426.04395060792825234 179.87096025387054965 2000
5.3471858077981408996 615.66608881753597871 217.30371700757382314 2000
19.396248570291835023 963.40091248712724337 273.1861967715746573 2000
0 1187.2875198725116661 496.29646176819989023 2000
# Layered model 57934: value=0.161396
4
9.9259292353639860806 430.30439011400761729 179.87096025387054965 2000
4.9499050123365488929 568.55730367429941907 217.30371700757382314 2000
20.040963709534327819 863.51908734050743988 273.1861967715746573 2000
0 1043.2251382948970786 511.33474085623817018 2000
# Layered model 59125: value=0.161405
4
9.8276527082811746538 426.04395060792825234 179.87096025387054965 2000
5.3471858077981408996 628.0409772027684312 217.30371700757382314 2000
19.396248570291835023 953.86228959121501703 273.1861967715746573 2000
0 1064.193963574624604 496.29646176819989023 2000
# Layered model 59883: value=0.161411
4
9.8276527082811746538 421.82569367121607229 179.87096025387054965 2000
5.3471858077981408996 640.66460084454411117 217.30371700757382314 2000
19.396248570291835023 935.06743416450854056 273.1861967715746573 2000
0 1129.6633364824106138 496.29646176819989023 2000
# Layered model 60029: value=0.161426
4
9.8276527082811746538 426.04395060792825234 179.87096025387054965 2000
5.3471858077981408996 603.53503462164098892 217.30371700757382314 2000
19.396248570291835023 944.41810850615354411 273.1861967715746573 2000
0 1118.4785509726837063 496.29646176819989023 2000
# Layered model 59935: value=0.161428
4
9.8276527082811746538 426.04395060792825234 179.87096025387054965 2000
5.6522000619713352876 660.07737891473470881 219.47675417764958183 2000
19.091234316118640635 935.06743416450854056 273.1861967715746573 2000
0 1448.7164063029629233 496.29646176819989023 2000
# Layered model 59520: value=0.161433
4
9.8276527082811746538 426.04395060792825234 179.87096025387054965 2000
5.1969398818963661313 591.64301011826387366 217.30371700757382314 2000
19.546494496193609791 935.06743416450854056 273.1861967715746573 2000
0 1074.8359032103708159 496.29646176819989023 2000
# Layered model 59637: value=0.161439
4
9.7303492161199756083 417.64920165466935487 179.87096025387054965 2000
5.5962376851201334205 615.66608881753597871 219.47675417764958183 2000
19.244500185131041547 963.40091248712724337 273.1861967715746573 2000
0 1107.4045059135482916 496.29646176819989023 2000
# Layered model 59869: value=0.161445
4
9.8276527082811746538 430.30439011400761729 179.87096025387054965 2000
5.3471858077981408996 597.55944021944651467 217.30371700757382314 2000
19.396248570291835023 953.86228959121501703 273.1861967715746573 2000
0 1140.9599698472347882 496.29646176819989023 2000
# Layered model 59895: value=0.161452
4
9.8276527082811746538 426.04395060792825234 179.87096025387054965 2000
5.3471858077981408996 609.57038496785742154 217.30371700757382314 2000
19.396248570291835023 925.80934075693903651 273.1861967715746573 2000
0 1118.4785509726837063 496.29646176819989023 2000
# Layered model 59991: value=0.16146
4
9.8276527082811746538 426.04395060792825234 179.87096025387054965 2000
5.3471858077981408996 615.66608881753597871 217.30371700757382314 2000
19.396248570291835023 916.6429116405337254 273.1861967715746573 2000
0 1085.5842622424745514 496.29646176819989023 2000
# Layered model 59683: value=0.161468
4
9.8276527082811746538 426.04395060792825234 179.87096025387054965 2000
5.3471858077981408996 615.66608881753597871 217.30371700757382314 2000
19.396248570291835023 992.59292353639978046 273.1861967715746573 2000
0 1223.2635190121686719 491.38263541405922297 2000
# Layered model 59656: value=0.161471
4
9.9259292353639860806 426.04395060792825234 179.87096025387054965 2000
5.0986633548135547045 700.68543867388245872 217.30371700757382314 2000
19.892205367057322007 880.87582099605185704 273.1861967715746573 2000
0 1074.8359032103708159 506.27202064974062523 2000
# Layered model 60014: value=0.161475
4
9.9259292353639860806 430.30439011400761729 179.87096025387054965 2000
5.0986633548135547045 647.07124685298958866 217.30371700757382314 2000
19.892205367057322007 838.12311872016766756 273.1861967715746573 2000
0 1272.9329231707740746 506.27202064974062523 2000
# Layered model 59209: value=0.161483
4
9.9259292353639860806 434.60743401514764628 179.87096025387054965 2000
5.0986633548135547045 621.82274970571131689 217.30371700757382314 2000
19.892205367057322007 821.60878219798814825 273.1861967715746573 2000
0 1152.3695695457072361 511.33474085623817018 2000
# Layered model 59837: value=0.161495
4
9.8276527082811746538 421.82569367121607229 179.87096025387054965 2000
5.3471858077981408996 660.07737891473470881 217.30371700757382314 2000
19.396248570291835023 935.06743416450854056 273.1861967715746573 2000
0 963.40091248712724337 496.29646176819989023 2000
# Layered model 59778: value=0.161495
4
9.7303492161199756083 426.04395060792825234 179.87096025387054965 2000
5.5962376851201334205 647.07124685298958866 217.30371700757382314 2000
19.244500185131041547 963.40091248712724337 273.1861967715746573 2000
0 1223.2635190121686719 491.38263541405922297 2000
# Layered model 59732: value=0.1615
4
9.8276527082811746538 426.04395060792825234 179.87096025387054965 2000
5.3471858077981408996 609.57038496785742154 217.30371700757382314 2000
19.396248570291835023 944.41810850615354411 273.1861967715746573 2000
0 982.76527082811844593 496.29646176819989023 2000
# Layered model 59858: value=0.161501
4
9.8276527082811746538 426.04395060792825234 179.87096025387054965 2000
5.3471858077981408996 603.53503462164098892 217.30371700757382314 2000
19.396248570291835023 935.06743416450854056 273.1861967715746573 2000
0 1140.9599698472347882 496.29646176819989023 2000
# Layered model 59089: value=0.161503
4
9.9259292353639860806 430.30439011400761729 179.87096025387054965 2000
5.0986633548135547045 673.34493423092078501 217.30371700757382314 2000
19.892205367057322007 829.82487001996798881 273.1861967715746573 2000
0 1163.8932652411642721 511.33474085623817018 2000
# Layered model 59602: value=0.161506
4
9.8276527082811746538 430.30439011400761729 179.87096025387054965 2000
5.1969398818963661313 540.96276588430623633 217.30371700757382314 2000
19.546494496193609791 944.41810850615354411 273.1861967715746573 2000
0 1074.8359032103708159 501.25942638588190903 2000
# Layered model 59271: value=0.16151
4
9.8276527082811746538 421.82569367121607229 179.87096025387054965 2000
5.1969398818963661313 621.82274970571131689 217.30371700757382314 2000
19.546494496193609791 889.68457920601224487 273.1861967715746573 2000
0 1032.8961765296010071 501.25942638588190903 2000
# Layered model 56611: value=0.161515
4
9.8276527082811746538 426.04395060792825234 179.87096025387054965 2000
5.3471858077981408996 686.87916740896230294 217.30371700757382314 2000
20.091127420727897146 963.40091248712724337 273.1861967715746573 2000
0 1211.1519990219492229 516.44808826480050357 2000
# Layered model 56891: value=0.161517
4
9.7303492161199756083 417.64920165466935487 179.87096025387054965 2000
5.5962376851201334205 609.57038496785742154 219.47675417764958183 2000
19.244500185131041547 935.06743416450854056 273.1861967715746573 2000
0 1064.193963574624604 501.25942638588190903 2000
# Layered model 59821: value=0.161517
4
9.8276527082811746538 426.04395060792825234 179.87096025387054965 2000
5.3471858077981408996 603.53503462164098892 217.30371700757382314 2000
19.396248570291835023 935.06743416450854056 273.1861967715746573 2000
0 1129.6633364824106138 496.29646176819989023 2000
# Layered model 57858: value=0.161517
4
9.9259292353639860806 426.04395060792825234 179.87096025387054965 2000
4.9499050123365488929 535.60669889535267885 217.30371700757382314 2000
19.695252838670615603 1022.6694817124763404 273.1861967715746573 2000
0 1053.6573896778461403 496.29646176819989023 2000
# Layered model 59731: value=0.161525
4
9.8276527082811746538 426.04395060792825234 179.87096025387054965 2000
5.1969398818963661313 557.35447865336664108 217.30371700757382314 2000
19.546494496193609791 1053.6573896778461403 273.1861967715746573 2000
0 1074.8359032103708159 491.38263541405922297 2000
# Layered model 60040: value=0.161534
4
9.8276527082811746538 426.04395060792825234 179.87096025387054965 2000
5.3471858077981408996 603.53503462164098892 217.30371700757382314 2000
19.396248570291835023 935.06743416450854056 273.1861967715746573 2000
0 1118.4785509726837063 496.29646176819989023 2000
# Layered model 58841: value=0.161539
4
9.7303492161199756083 421.82569367121607229 179.87096025387054965 2000
5.7495035541325343331 628.0409772027684312 219.47675417764958183 2000
19.091234316118640635 925.80934075693903651 273.1861967715746573 2000
0 953.86228959121501703 501.25942638588190903 2000
# Layered model 59888: value=0.161539
4
9.8276527082811746538 430.30439011400761729 179.87096025387054965 2000
5.3471858077981408996 597.55944021944651467 217.30371700757382314 2000
19.396248570291835023 925.80934075693903651 273.1861967715746573 2000
0 1107.4045059135482916 496.29646176819989023 2000
# Layered model 59911: value=0.161547
4
9.8276527082811746538 430.30439011400761729 179.87096025387054965 2000
5.3471858077981408996 579.98530547815289538 217.30371700757382314 2000
19.396248570291835023 963.40091248712724337 273.1861967715746573 2000
0 1175.5321978935758125 496.29646176819989023 2000
# Layered model 58708: value=0.161548
4
9.7303492161199756083 417.64920165466935487 179.87096025387054965 2000
5.7495035541325343331 609.57038496785742154 219.47675417764958183 2000
18.74894632516447146 925.80934075693903651 273.1861967715746573 2000
0 1235.4961542022904268 491.38263541405922297 2000
# Layered model 59485: value=0.16155
4
9.8276527082811746538 430.30439011400761729 179.87096025387054965 2000
5.1969398818963661313 530.30366227262641132 217.30371700757382314 2000
19.546494496193609791 1022.6694817124763404 273.1861967715746573 2000
0 1140.9599698472347882 496.29646176819989023 2000
# Layered model 59929: value=0.161552
4
9.9259292353639860806 421.82569367121607229 179.87096025387054965 2000
5.0986633548135547045 673.34493423092078501 217.30371700757382314 2000
19.892205367057322007 813.47404178018632592 273.1861967715746573 2000
0 1118.4785509726837063 516.44808826480050357 2000
# Layered model 59588: value=0.161553
4
9.8276527082811746538 426.04395060792825234 179.87096025387054965 2000
5.3471858077981408996 603.53503462164098892 217.30371700757382314 2000
19.396248570291835023 935.06743416450854056 273.1861967715746573 2000
0 1107.4045059135482916 496.29646176819989023 2000
# Layered model 60038: value=0.161553
4
9.9259292353639860806 430.30439011400761729 179.87096025387054965 2000
5.2489092807153294729 680.0783835732299849 217.30371700757382314 2000
19.741959441155547239 1064.193963574624604 273.1861967715746573 2000
0 1140.9599698472347882 496.29646176819989023 2000
# Layered model 59907: value=0.161556
4
9.8276527082811746538 430.30439011400761729 179.87096025387054965 2000
5.3471858077981408996 615.66608881753597871 217.30371700757382314 2000
19.396248570291835023 907.56723924805316983 273.1861967715746573 2000
0 1085.5842622424745514 496.29646176819989023 2000
# Layered model 59835: value=0.161574
4
9.8276527082811746538 421.82569367121607229 179.87096025387054965 2000
5.3471858077981408996 634.3213869747961553 217.30371700757382314 2000
19.396248570291835023 916.6429116405337254 273.1861967715746573 2000
0 1175.5321978935758125 496.29646176819989023 2000
# Layered model 59984: value=0.161578
4
9.8276527082811746538 417.64920165466935487 179.87096025387054965 2000
5.1969398818963661313 603.53503462164098892 217.30371700757382314 2000
19.546494496193609791 992.59292353639978046 273.1861967715746573 2000
0 1199.160395071236735 496.29646176819989023 2000
# Layered model 59034: value=0.161582
4
9.8276527082811746538 421.82569367121607229 179.87096025387054965 2000
5.6522000619713352876 647.07124685298958866 219.47675417764958183 2000
19.091234316118640635 916.6429116405337254 273.1861967715746573 2000
0 1163.8932652411642721 501.25942638588190903 2000
# Layered model 57597: value=0.161602
4
9.7303492161199756083 413.51406104422710541 179.87096025387054965 2000
5.4444892999593399452 603.53503462164098892 219.47675417764958183 2000
19.396248570291835023 846.50434990736948748 273.1861967715746573 2000
0 973.03492161199847033 506.27202064974062523 2000
# Layered model 60004: value=0.161602
4
9.8276527082811746538 426.04395060792825234 179.87096025387054965 2000
5.3471858077981408996 591.64301011826387366 217.30371700757382314 2000
19.396248570291835023 973.03492161199847033 273.1861967715746573 2000
0 1118.4785509726837063 496.29646176819989023 2000
# Layered model 59877: value=0.161602
4
9.8276527082811746538 426.04395060792825234 179.87096025387054965 2000
5.1969398818963661313 574.24287671104241326 217.30371700757382314 2000
19.546494496193609791 992.59292353639978046 273.1861967715746573 2000
0 1298.518874926506669 496.29646176819989023 2000
