0.362511704998853 0.00029969252818352 1.50221818638356e-05 1 
0.407539296587178 0.000301243065840869 1.50999030496676e-05 1 
0.458159766905449 0.000305337383962135 1.53051320281772e-05 1 
0.515067807616812 0.000317318834593024 1.78917528167878e-05 1 
0.579044398060249 0.000343463909133751 3.13415330103507e-05 1 
0.650967523045817 0.000476246287309625 8.57299532195613e-05 1 
0.731824221907618 0.000735050482852835 5.59968874179414e-05 1 
0.822724134170047 0.000961085443217999 4.8174708933233e-05 1 
0.924914727721733 0.00110210999907312 5.52436089760962e-05 1 
1.03979841848149 0.00117810108441883 5.90526859357811e-05 1 
1.16895181649858 0.0012352653305701 6.3529804360458e-05 1 
1.31414736261176 0.00130931523925667 7.24948314818649e-05 1 
1.47737765259851 0.0013715588674064 6.89213093360417e-05 1 
1.66088278262772 0.0014161700007295 9.02528493147157e-05 1 
1.86718109129192 0.00150341587025597 9.58340251243164e-05 1 
2.09910372010855 0.00156686607326738 8.65437235778221e-05 1 
2.35983346678219 0.00166032694512781 8.32244082770833e-05 1 
2.6529484644319 0.00175509539620008 8.79747065764452e-05 1 
2.98247128621689 0.00182535059084701 9.14962702178952e-05 1 
3.35292414924956 0.00193648840500449 9.84761169729096e-05 1 
3.76939097538836 0.00207052599224864 0.000115781618215927 1 
4.23758716060406 0.00225309122302264 0.000146657736245772 1 
4.76393801040134 0.00241557157234341 0.000147816008311464 1 
5.3556669177069 0.00252959377325224 0.000140374193085259 1 
6.02089449333613 0.00264361597416107 0.000132932377859054 1 
6.76875000945854 0.00303187902669117 0.000161804187046709 1 
7.60949668545988 0.00324207065720841 0.000198827915787018 1 
8.55467253556568 0.00344449351221829 0.00022160100444235 1 
9.61724871115297 0.00363520401261281 0.000246891897861119 1 
10.8118075107661 0.00378974161991831 0.00034981394330075 1 
12.1547425007629 0.00388426041920725 0.00023372575289618 1 
13.6644834929533 0.00443153771651578 0.000222132216366706 1 
15.3617494667183 0.00428248542322296 0.000214660923469823 1 
17.2698329065944 0.00413343312993013 0.000207189630572939 1 
19.4149194574388 0.00421972613775504 0.000211515094624313 1 
21.8264472839749 0.00433353722383201 0.000217219910969023 1 
24.5375110663982 0.00444906222948872 0.00022301063806961 1 
27.5853161762918 0.00456695066617489 0.000228919832890972 1 
31.0116892657478 0.0047326293308222 0.000237224527860762 1 
34.8636522767809 0.0049599990123314 0.000248621504377514 1 
39.1940677484722 0.00527467138447899 0.000264394555612982 1 
44.0623642777357 0.00566657125794661 0.000284038659546196 1 
49.5353520895917 0.00609410191470141 0.000305468767654206 1 
55.6881399094527 0.0066249416949022 0.00033207727793996 1 
62.6051657201482 0.00696522432679431 0.000352604732093922 1 
70.3813555493156 0.00737506034972444 0.000538244660361635 1 
