# 60769 2_reports/tar1_ln5_tr0.report
# Layered model 56924: value=0.762247
5
0.70768045424071690519 303.75797892666912503 123.2391940347446706 2000
5.1795077508759259644 363.33933971281851427 235.30878711955796234 2000
22.143861472963084935 653.5419593215194709 375.61481475443883937 2000
219.60816366103199471 1260.3296269017564555 689.20197583511321682 2000
0 5892.4659521426838182 3386.6188321843433187 2000
# Layered model 60259: value=0.796238
5
0.82981098807256747918 309.86351430309520083 133.45038765672342151 2000
5.9373600421856949083 366.97273310994671647 240.0384937406610959 2000
25.134778251855998121 615.66608881753597871 390.86628244887617711 2000
238.93741128601280366 1298.518874926506669 738.91780303482630643 2000
0 5834.1247050917663728 3594.9641327685076249 2000
# Layered model 57522: value=0.808092
5
0.75121706236299001791 349.16196384138328312 125.71630183484305121 2000
6.2210060172831287417 374.34888504545665455 242.43887867806770942 2000
27.918469020125677105 714.7692159912274974 410.80439109899407413 2000
235.9486684683552653 1272.9329231707740746 746.30698106517456836 2000
0 5387.7162830218130694 3420.4850205061870838 2000
# Layered model 57836: value=0.813612
5
0.76631652531648608573 277.73801706328180217 123.2391940347446706 2000
6.068526215244359534 405.36620041586814978 254.80569802562376935 2000
15.46222555445223179 530.30366227262641132 350.34271933694122936 2000
232.84586084748710277 1199.160395071236735 703.05493554939903333 2000
0 5719.1694001487758214 3524.1291371125453225 2000
# Layered model 58122: value=0.819581
5
0.79743204917360199779 223.13366933306332385 132.12909668982516109 2000
5.3287996046954795304 378.09237389591123701 242.43887867806770942 2000
26.742378593442534651 621.82274970571131689 406.73702089009316296 2000
243.41462146823482726 1351.2439483092114187 731.60178518299630923 2000
0 5834.1247050917663728 3420.4850205061870838 2000
# Layered model 58224: value=0.820977
5
0.69373635353467000275 261.64177562341615157 124.4715859750921112 2000
6.5615869417596304203 421.82569367121607229 242.43887867806770942 2000
25.613286952017315201 597.55944021944651467 390.86628244887617711 2000
240.67914392649674937 1337.86529535565478 738.91780303482630643 2000
0 5075.4724533222042737 3319.889062037392705 2000
# Layered model 59370: value=0.824322
5
0.74377926966632679218 352.65358347979713471 122.0190039947966909 2000
4.8022183280085712909 389.54895091733129675 240.0384937406610959 2000
22.765362577185626947 591.64301011826387366 357.3846079956137487 2000
224.30540135236736887 1199.160395071236735 717.18633975394197932 2000
0 4926.2035592726824689 3254.4741319845038561 2000
# Layered model 57988: value=0.825194
5
0.72190483137095540211 325.66966769185813746 130.82088781170807579 2000
4.9355673180172079384 356.18011931459511743 230.67227440403681271 2000
23.511750550130813053 621.82274970571131689 383.16467253100307744 2000
231.10207931874543874 1235.4961542022904268 724.35820315148146165 2000
0 4829.1378877293236656 3190.3481344814276781 2000
# Layered model 58697: value=0.825822
5
0.69373635353467000275 335.53778429258915139 120.81089504435318815 2000
7.3206542854587448588 378.09237389591123701 237.66187499075354594 2000
30.526639825324441091 666.67815270388200588 436.07713910695628101 2000
224.33298457412919902 1298.518874926506669 738.91780303482630643 2000
0 5387.7162830218130694 3420.4850205061870838 2000
# Layered model 60144: value=0.840474
5
0.79743204917360199779 316.09177094058742341 126.97346485319150133 2000
4.9737552904172641632 417.64920165466935487 247.31190013949688478 2000
19.353707313791829847 546.37239354314931461 350.34271933694122936 2000
232.5694637805424918 1235.4961542022904268 703.05493554939903333 2000
0 5834.1247050917663728 3254.4741319845038561 2000
# Layered model 54357: value=0.842347
5
0.75121706236299001791 306.79555871593584015 130.82088781170807579 2000
6.0159539678952729247 405.36620041586814978 235.30878711955796234 2000
22.113247484116961061 621.82274970571131689 390.86628244887617711 2000
213.87932400019366241 1199.160395071236735 696.09399559346434216 2000
0 5387.7162830218130694 3319.889062037392705 2000
# Layered model 60192: value=0.845711
5
0.66666700000000000959 256.48639900344682019 119.61474756866650182 2000
4.4042594686930458536 378.09237389591123701 235.30878711955796234 2000
22.682588064059160615 557.35447865336664108 364.56803861632556618 2000
219.88569880635952813 1223.2635190121686719 717.18633975394197932 2000
0 4926.2035592726824689 3065.8618492940722717 2000
# Layered model 57013: value=0.849942
5
0.92579385310763406824 397.37888483076966395 136.13274044862356504 2000
7.0092463835195095712 421.82569367121607229 244.86326746484840555 2000
25.929521769788259178 634.3213869747961553 419.06155936008383378 2000
245.18150202628649481 1311.5040636757717039 761.30775138458454876 2000
0 5334.3725574473392044 3386.6188321843433187 2000
# Layered model 57619: value=0.850698
5
0.80540636966533807328 322.44521553649320822 130.82088781170807579 2000
5.1406537175024711317 385.69203061121908149 244.86326746484840555 2000
25.327294762468760325 603.53503462164098892 390.86628244887617711 2000
226.42100358428859863 1235.4961542022904268 717.18633975394197932 2000
0 4926.2035592726824689 3254.4741319845038561 2000
# Layered model 60726: value=0.852511
5
0.70067371707001668835 322.44521553649320822 124.4715859750921112 2000
6.6272028111772272041 374.34888504545665455 240.0384937406610959 2000
19.342705428045817939 609.57038496785742154 390.86628244887617711 2000
213.68559875120089941 1187.2875198725116661 682.37819389615174259 2000
0 5441.5934458520314365 3524.1291371125453225 2000
# Layered model 59752: value=0.859879
5
0.70768045424071690519 309.86351430309520083 122.0190039947966909 2000
6.1271622863201287146 389.54895091733129675 240.0384937406610959 2000
24.438512109075723799 666.67815270388200588 386.9963192563130292 2000
211.4863876649323231 1199.160395071236735 703.05493554939903333 2000
0 5177.4894496339802572 3190.3481344814276781 2000
# Layered model 59963: value=0.864619
5
0.73641511848151164354 316.09177094058742341 120.81089504435318815 2000
6.8135033964481515056 378.09237389591123701 249.78501914089181923 2000
37.195021362112733243 653.5419593215194709 427.48469670322151615 2000
226.09442069108467877 1324.6191043125295437 768.9208288984302726 2000
0 5387.7162830218130694 3353.0879526577659817 2000
# Layered model 60463: value=0.86466
5
0.68686767676700000163 342.28209375687021065 116.09689553699986675 2000
6.285355402879118536 378.09237389591123701 235.30878711955796234 2000
27.573016623098233424 673.34493423092078501 406.73702089009316296 2000
233.61254303797551302 1311.5040636757717039 731.60178518299630923 2000
0 5606.4791688547938975 3524.1291371125453225 2000
# Layered model 59302: value=0.865033
5
0.75872923298661987257 297.77274671764445202 129.52563149674065812 2000
6.4247591781958561796 366.97273310994671647 240.0384937406610959 2000
22.277426515331686829 609.57038496785742154 402.70992167335958811 2000
208.51550161555906016 1163.8932652411642721 689.20197583511321682 2000
0 5606.4791688547938975 3489.2367694183617459 2000
# Layered model 58563: value=0.865176
5
0.78953668235010099341 356.18011931459511743 128.24319950172341009 2000
7.5502703542929099356 385.69203061121908149 252.28286933230072009 2000
18.597480739212983281 609.57038496785742154 402.70992167335958811 2000
220.70192556325574174 1187.2875198725116661 717.18633975394197932 2000
0 5550.9694741136572702 3319.889062037392705 2000
# Layered model 59855: value=0.866706
5
0.74377926966632679218 208.12080200000002606 133.45038765672342151 2000
4.7473074607048593165 409.41986242002684548 237.66187499075354594 2000
18.894888487922006703 568.55730367429941907 360.95845407556987539 2000
235.88532679997121022 1272.9329231707740746 689.20197583511321682 2000
0 5550.9694741136572702 3630.9137740961928102 2000
# Layered model 59625: value=0.868061
5
0.71475725878312412753 332.21562801246449226 122.0190039947966909 2000
5.9854120781062443157 378.09237389591123701 240.0384937406610959 2000
21.611190837971157919 597.55944021944651467 375.61481475443883937 2000
224.30540135236736887 1211.1519990219492229 724.35820315148146165 2000
0 5177.4894496339802572 3035.5067814792796526 2000
# Layered model 54418: value=0.871211
5
0.77397969056965099099 325.66966769185813746 129.52563149674065812 2000
4.1970294935231304834 389.54895091733129675 226.12711930598649701 2000
18.231409494941690497 562.92802343990035752 360.95845407556987539 2000
221.98492126068009611 1260.3296269017564555 682.37819389615174259 2000
0 5892.4659521426838182 3630.9137740961928102 2000
# Layered model 60600: value=0.871439
5
0.76631652531648608573 338.89316213551506962 123.2391940347446706 2000
5.0048708142743798533 401.35267367907738389 237.66187499075354594 2000
19.104945980590020582 504.56573866460144018 333.33907635194100294 2000
227.74062820704702403 1223.2635190121686719 710.08548490489306459 2000
0 5776.3610941502638525 3190.3481344814276781 2000
# Layered model 60063: value=0.872242
5
0.67333366999999999525 366.97273310994671647 114.9474213237622422 2000
5.0407132008820454416 413.51406104422710541 232.97899714807718397 2000
16.583021424131032973 546.37239354314931461 357.3846079956137487 2000
225.34214504409865754 1211.1519990219492229 662.30955215626477184 2000
0 5719.1694001487758214 3454.6898707112491138 2000
# Layered model 58257: value=0.8724
5
0.67333366999999999525 366.97273310994671647 119.61474756866650182 2000
6.876584844929663376 370.6424604410461825 232.97899714807718397 2000
30.991111949388191249 653.5419593215194709 414.91243500998399441 2000
226.96172472451368662 1285.6622524024817267 746.30698106517456836 2000
0 5776.3610941502638525 3319.889062037392705 2000
# Layered model 58649: value=0.875977
5
0.77397969056965099099 338.89316213551506962 129.52563149674065812 2000
5.2915962043502311474 393.44444042650462734 240.0384937406610959 2000
26.803034352391733819 621.82274970571131689 379.37096290198320503 2000
232.63414494151993495 1285.6622524024817267 731.60178518299630923 2000
0 5834.1247050917663728 3158.7605291895320079 2000
# Layered model 56090: value=0.876514
5
0.77397969056965099099 332.21562801246449226 120.81089504435318815 2000
5.7291386572620686124 389.54895091733129675 247.31190013949688478 2000
15.354609615125905719 546.37239354314931461 357.3846079956137487 2000
228.25787750954523858 1175.5321978935758125 682.37819389615174259 2000
0 5496.0093803105519328 3630.9137740961928102 2000
# Layered model 59857: value=0.876562
5
0.68686767676700000163 291.90544722835448965 124.4715859750921112 2000
5.3787082181528820257 359.7419205077410993 228.38839049904632361 2000
21.141084758694670853 647.07124685298958866 386.9963192563130292 2000
230.48769778031061151 1337.86529535565478 703.05493554939903333 2000
0 4877.429266606616693 3222.2516158262415047 2000
# Layered model 56878: value=0.877884
5
0.68686767676700000163 359.7419205077410993 123.2391940347446706 2000
4.7498518582539759336 401.35267367907738389 232.97899714807718397 2000
20.44948455125387099 585.78515853293447435 364.56803861632556618 2000
226.73055744095304931 1211.1519990219492229 682.37819389615174259 2000
0 5776.3610941502638525 3630.9137740961928102 2000
# Layered model 58291: value=0.879703
5
0.81346043336199147511 352.65358347979713471 129.52563149674065812 2000
7.043015048447061055 370.6424604410461825 235.30878711955796234 2000
27.735519529168161768 660.07737891473470881 423.25217495368474374 2000
240.69123670456923492 1298.518874926506669 746.30698106517456836 2000
0 5441.5934458520314365 3386.6188321843433187 2000
# Layered model 59065: value=0.880746
5
0.78953668235010099341 220.92442508224090147 144.50764714274973244 2000
4.2311825935836084867 409.41986242002684548 226.12711930598649701 2000
22.458007984216990849 546.37239354314931461 360.95845407556987539 2000
248.80450445539574389 1324.6191043125295437 724.35820315148146165 2000
0 5951.3906116641110202 3353.0879526577659817 2000
# Layered model 58388: value=0.881977
5
0.75121706236299001791 345.70491469443891219 124.4715859750921112 2000
6.5041062329313108492 389.54895091733129675 247.31190013949688478 2000
32.85062755540702284 693.74795908305191006 419.06155936008383378 2000
217.5884075832238409 1260.3296269017564555 746.30698106517456836 2000
0 5281.5569875716228125 3287.0188733043487446 2000
# Layered model 60499: value=0.883001
5
0.79743204917360199779 218.73705453687213662 128.24319950172341009 2000
5.7707174821364350947 381.87329763487036871 247.31190013949688478 2000
25.652819243625369694 634.3213869747961553 398.72269472609860941 2000
233.28178641389612835 1337.86529535565478 710.08548490489306459 2000
0 5951.3906116641110202 3254.4741319845038561 2000
# Layered model 58864: value=0.883186
5
0.79743204917360199779 328.92636436877671713 126.97346485319150133 2000
5.3900619212341700504 374.34888504545665455 242.43887867806770942 2000
30.482974081397060218 653.5419593215194709 390.86628244887617711 2000
239.61276366374158897 1298.518874926506669 746.30698106517456836 2000
0 5387.7162830218130694 3222.2516158262415047 2000
# Layered model 59153: value=0.88432
5
0.898566392838242467 312.96214944612614772 136.13274044862356504 2000
6.0736566868078760706 374.34888504545665455 240.0384937406610959 2000
27.918469020125677105 634.3213869747961553 410.80439109899407413 2000
235.9486684683552653 1298.518874926506669 724.35820315148146165 2000
0 5441.5934458520314365 3287.0188733043487446 2000
# Layered model 56148: value=0.885088
5
0.82159503769561137432 381.87329763487036871 124.4715859750921112 2000
9.7677469188002916667 421.82569367121607229 257.35375500588003206 2000
20.684012893140664602 707.69229306062129581 449.29071249903614671 2000
231.60066018881047967 1337.86529535565478 710.08548490489306459 2000
0 5229.2643441303198415 3319.889062037392705 2000
# Layered model 60207: value=0.886683
5
0.9166275773342911215 312.96214944612614772 137.49406785310981149 2000
6.1253177331082895307 370.6424604410461825 242.43887867806770942 2000
26.487324002839997661 653.5419593215194709 423.25217495368474374 2000
216.58633615922028071 1298.518874926506669 689.20197583511321682 2000
0 5834.1247050917663728 3420.4850205061870838 2000
# Layered model 54657: value=0.887488
5
0.75872923298661987257 332.21562801246449226 125.71630183484305121 2000
5.0124581066042459554 385.69203061121908149 237.66187499075354594 2000
22.54017283526965798 557.35447865336664108 360.95845407556987539 2000
224.30540135236736887 1211.1519990219492229 738.91780303482630643 2000
0 5281.5569875716228125 3065.8618492940722717 2000
# Layered model 60435: value=0.889688
5
0.70768045424071690519 342.28209375687021065 116.09689553699986675 2000
6.842238060688946355 381.87329763487036871 249.78501914089181923 2000
28.042076496047549483 673.34493423092078501 419.06155936008383378 2000
243.45406902172470609 1298.518874926506669 746.30698106517456836 2000
0 5662.5439605433421093 3254.4741319845038561 2000
# Layered model 60563: value=0.890565
5
0.66666700000000000959 297.77274671764445202 112.68250301319697826 2000
6.5886562952943004134 405.36620041586814978 252.28286933230072009 2000
19.681964480561692454 603.53503462164098892 390.86628244887617711 2000
215.82245473871290642 1187.2875198725116661 689.20197583511321682 2000
0 5025.2202508140635473 3319.889062037392705 2000
# Layered model 58913: value=0.890959
5
0.81346043336199147511 434.60743401514764628 124.4715859750921112 2000
7.6097446736474489981 438.95350835529916367 249.78501914089181923 2000
25.106064206273135397 660.07737891473470881 414.91243500998399441 2000
229.34474572516447211 1260.3296269017564555 717.18633975394197932 2000
0 5662.5439605433421093 3594.9641327685076249 2000
# Layered model 60055: value=0.891389
5
0.70067371707001668835 214.42707042140199292 123.2391940347446706 2000
3.8899698632451533697 385.69203061121908149 235.30878711955796234 2000
16.206234585481563926 535.60669889535267885 314.0204886013842156 2000
236.89748026812844728 1199.160395071236735 689.20197583511321682 2000
0 5776.3610941502638525 3630.9137740961928102 2000
# Layered model 57880: value=0.89188
5
0.74377926966632679218 248.9431719501842224 132.12909668982516109 2000
6.2284438099797920785 393.44444042650462734 244.86326746484840555 2000
24.929726202468145857 647.07124685298958866 394.77494527336500596 2000
218.21365619038860473 1223.2635190121686719 703.05493554939903333 2000
0 5550.9694741136572702 3386.6188321843433187 2000
# Layered model 60669: value=0.892067
5
0.74377926966632679218 261.64177562341615157 130.82088781170807579 2000
6.298166040776253638 401.35267367907738389 232.97899714807718397 2000
24.544143087690351024 640.66460084454411117 398.72269472609860941 2000
221.03067312909496422 1247.851115744313347 724.35820315148146165 2000
0 5776.3610941502638525 3222.2516158262415047 2000
# Layered model 55202: value=0.892234
5
0.75121706236299001791 325.66966769185813746 120.81089504435318815 2000
6.2210060172831287417 389.54895091733129675 240.0384937406610959 2000
22.196999619872855192 647.07124685298958866 394.77494527336500596 2000
208.80719384255425553 1337.86529535565478 682.37819389615174259 2000
0 5441.5934458520314365 3454.6898707112491138 2000
# Layered model 58867: value=0.89337
5
0.66666700000000000959 202 125.71630183484305121 2000
4.6101594177371234551 401.35267367907738389 232.97899714807718397 2000
21.929834235877429194 628.0409772027684312 364.56803861632556618 2000
208.41355374447772419 1272.9329231707740746 682.37819389615174259 2000
0 5229.2643441303198415 3454.6898707112491138 2000
# Layered model 56163: value=0.893917
5
0.68686767676700000163 234.51572898473969531 119.61474756866650182 2000
7.4076668686163484878 381.87329763487036871 252.28286933230072009 2000
21.66098953039595898 634.3213869747961553 410.80439109899407413 2000
230.51577794248510145 1272.9329231707740746 703.05493554939903333 2000
0 5334.3725574473392044 3454.6898707112491138 2000
# Layered model 59498: value=0.894245
5
0.70067371707001668835 261.64177562341615157 124.4715859750921112 2000
6.1341690234908288204 366.97273310994671647 242.43887867806770942 2000
24.751245657572088277 673.34493423092078501 406.73702089009316296 2000
221.03067312909496422 1199.160395071236735 703.05493554939903333 2000
0 5075.4724533222042737 3158.7605291895320079 2000
# Layered model 60359: value=0.894265
5
0.67333366999999999525 297.77274671764445202 118.4304431372935511 2000
5.3321870180394874694 385.69203061121908149 237.66187499075354594 2000
28.539719014704864719 634.3213869747961553 375.61481475443883937 2000
223.14911873118080621 1235.4961542022904268 753.77005087582631404 2000
0 5025.2202508140635473 3254.4741319845038561 2000
# Layered model 58659: value=0.894707
5
0.84649018893282612641 363.33933971281851427 130.82088781170807579 2000
7.088550047694317513 397.37888483076966395 252.28286933230072009 2000
16.694794733848979718 603.53503462164098892 368.21371900248880138 2000
225.48577050202675309 1199.160395071236735 682.37819389615174259 2000
0 5776.3610941502638525 3524.1291371125453225 2000
# Layered model 59297: value=0.895442
5
0.74377926966632679218 300.75047418482091643 122.0190039947966909 2000
6.8061392452633366901 393.44444042650462734 252.28286933230072009 2000
17.574976138453031638 615.66608881753597871 368.21371900248880138 2000
224.99071081912018144 1199.160395071236735 682.37819389615174259 2000
0 5177.4894496339802572 3319.889062037392705 2000
# Layered model 60629: value=0.89546
5
0.68686767676700000163 269.56978306658129441 124.4715859750921112 2000
6.285355402879118536 393.44444042650462734 237.66187499075354594 2000
27.918469020125677105 653.5419593215194709 410.80439109899407413 2000
212.74852123933993653 1175.5321978935758125 710.08548490489306459 2000
0 5281.5569875716228125 3287.0188733043487446 2000
# Layered model 57671: value=0.895919
5
0.72912387968466496613 316.09177094058742341 122.0190039947966909 2000
4.9283482697034983744 430.30439011400761729 242.43887867806770942 2000
16.418833093199040718 579.98530547815289538 326.77097966075973545 2000
235.61805319133796388 1187.2875198725116661 703.05493554939903333 2000
0 5662.5439605433421093 3454.6898707112491138 2000
# Layered model 59334: value=0.896974
5
0.74377926966632679218 374.34888504545665455 130.82088781170807579 2000
5.5680833295466412025 401.35267367907738389 232.97899714807718397 2000
27.891345027266591927 647.07124685298958866 394.77494527336500596 2000
215.91239784602331042 1199.160395071236735 703.05493554939903333 2000
0 5177.4894496339802572 3353.0879526577659817 2000
# Layered model 57128: value=0.897268
5
0.81346043336199147511 401.35267367907738389 120.81089504435318815 2000
8.4909982947172917278 409.41986242002684548 259.92729255593883408 2000
18.449055804672923387 647.07124685298958866 402.70992167335958811 2000
219.88569880635952813 1285.6622524024817267 682.37819389615174259 2000
0 5229.2643441303198415 3420.4850205061870838 2000
# Layered model 54400: value=0.897363
5
0.72190483137095540211 300.75047418482091643 119.61474756866650182 2000
5.7812135164607640903 378.09237389591123701 237.66187499075354594 2000
24.460599325075772725 609.57038496785742154 402.70992167335958811 2000
221.65304385432040135 1199.160395071236735 724.35820315148146165 2000
0 4926.2035592726824689 3127.4856724648830095 2000
# Layered model 60349: value=0.897642
5
0.69373635353467000275 389.54895091733129675 123.2391940347446706 2000
5.6812448716704269103 413.51406104422710541 237.66187499075354594 2000
18.010993993088096232 585.78515853293447435 383.16467253100307744 2000
238.48803982015385827 1211.1519990219492229 703.05493554939903333 2000
0 5951.3906116641110202 3667.2229118371546974 2000
# Layered model 56563: value=0.897989
5
0.75872923298661987257 300.75047418482091643 126.97346485319150133 2000
5.8094202983234168869 378.09237389591123701 235.30878711955796234 2000
29.739244579387818845 700.68543867388245872 419.06155936008383378 2000
211.33181922841387745 1187.2875198725116661 717.18633975394197932 2000
0 5025.2202508140635473 3319.889062037392705 2000
# Layered model 58525: value=0.899257
5
0.74377926966632679218 381.87329763487036871 126.97346485319150133 2000
7.1912609669608169582 385.69203061121908149 240.0384937406610959 2000
23.338314613009423226 653.5419593215194709 394.77494527336500596 2000
216.36585848947515842 1260.3296269017564555 682.37819389615174259 2000
0 5334.3725574473392044 3454.6898707112491138 2000
# Layered model 57862: value=0.899309
5
0.72190483137095540211 212.30403012019999665 122.0190039947966909 2000
5.9119261952521817705 389.54895091733129675 237.66187499075354594 2000
19.772685761785833591 597.55944021944651467 368.21371900248880138 2000
228.73641235409121464 1260.3296269017564555 703.05493554939903333 2000
0 5334.3725574473392044 3524.1291371125453225 2000
# Layered model 60409: value=0.899327
5
0.86350464173037588811 261.64177562341615157 128.24319950172341009 2000
6.319983769452099942 389.54895091733129675 244.86326746484840555 2000
17.941406242200219623 609.57038496785742154 375.61481475443883937 2000
232.5694637805424918 1311.5040636757717039 703.05493554939903333 2000
0 5834.1247050917663728 3489.2367694183617459 2000
# Layered model 60633: value=0.899594
5
0.68686767676700000163 297.77274671764445202 119.61474756866650182 2000
5.7518633606901481414 363.33933971281851427 237.66187499075354594 2000
26.104447425227615298 660.07737891473470881 427.48469670322151615 2000
232.95957672614679268 1298.518874926506669 731.60178518299630923 2000
0 5229.2643441303198415 3386.6188321843433187 2000
# Layered model 55910: value=0.899677
5
0.75121706236299001791 332.21562801246449226 122.0190039947966909 2000
5.8169324689470469636 374.34888504545665455 235.30878711955796234 2000
19.576916595827558609 579.98530547815289538 375.61481475443883937 2000
247.40268804667076097 1298.518874926506669 753.77005087582631404 2000
0 5025.2202508140635473 3287.0188733043487446 2000
# Layered model 59810: value=0.899731
5
0.80540636966533807328 266.90077531344684303 130.82088781170807579 2000
6.378082041517138201 378.09237389591123701 247.31190013949688478 2000
33.728592051617944492 628.0409772027684312 410.80439109899407413 2000
227.24570227791946309 1406.1098710987980667 746.30698106517456836 2000
0 5892.4659521426838182 3287.0188733043487446 2000
# Layered model 55004: value=0.899764
5
0.73641511848151164354 309.86351430309520083 136.13274044862356504 2000
4.6464755102521282382 349.16196384138328312 230.67227440403681271 2000
19.003084589559552597 585.78515853293447435 368.21371900248880138 2000
220.80136472142137904 1152.3695695457072361 682.37819389615174259 2000
0 5719.1694001487758214 3287.0188733043487446 2000
# Layered model 59587: value=0.899844
5
0.71475725878312412753 359.7419205077410993 125.71630183484305121 2000
5.7239737786740239045 366.97273310994671647 242.43887867806770942 2000
25.147357360675783866 666.67815270388200588 406.73702089009316296 2000
228.68521362013146359 1272.9329231707740746 738.91780303482630643 2000
0 5951.3906116641110202 3319.889062037392705 2000
# Layered model 58143: value=0.900329
5
0.72912387968466496613 306.79555871593584015 119.61474756866650182 2000
5.458370090723106749 381.87329763487036871 249.78501914089181923 2000
22.981728729111203791 647.07124685298958866 364.56803861632556618 2000
247.11400901602746671 1364.7563877923034852 724.35820315148146165 2000
0 4975.4655948654090025 3254.4741319845038561 2000
# Layered model 44808: value=0.900869
5
0.74377926966632679218 325.66966769185813746 125.71630183484305121 2000
5.2617414183731607835 381.87329763487036871 244.86326746484840555 2000
25.896428594074777152 591.64301011826387366 383.16467253100307744 2000
244.38128243343217605 1337.86529535565478 738.91780303482630643 2000
0 5075.4724533222042737 3158.7605291895320079 2000
# Layered model 54809: value=0.901149
5
0.68686767676700000163 352.65358347979713471 124.4715859750921112 2000
7.4886122140701827377 378.09237389591123701 249.78501914089181923 2000
28.86169284148569858 686.87916740896230294 440.43791049802592852 2000
233.80218783580417607 1272.9329231707740746 746.30698106517456836 2000
0 5387.7162830218130694 3319.889062037392705 2000
# Layered model 54894: value=0.902031
5
0.84649018893282612641 300.75047418482091643 125.71630183484305121 2000
8.6449881595808513168 421.82569367121607229 262.52656548149820992 2000
30.217383879903476185 647.07124685298958866 423.25217495368474374 2000
242.12766244461175802 1337.86529535565478 761.30775138458454876 2000
0 5177.4894496339802572 3287.0188733043487446 2000
# Layered model 58375: value=0.903884
5
0.84649018893282612641 370.6424604410461825 133.45038765672342151 2000
5.1590304991066613383 393.44444042650462734 235.30878711955796234 2000
19.370622911877035222 574.24287671104241326 353.8461465303106479 2000
229.76678554258364784 1187.2875198725116661 724.35820315148146165 2000
0 5025.2202508140635473 3222.2516158262415047 2000
# Layered model 58124: value=0.903948
5
0.68686767676700000163 319.25268864999327434 124.4715859750921112 2000
3.9960478395125047513 401.35267367907738389 230.67227440403681271 2000
20.441979137103192699 551.83611747858083163 346.87397954152595503 2000
237.74912038506437284 1199.160395071236735 710.08548490489306459 2000
0 5951.3906116641110202 3778.3434332887322853 2000
# Layered model 60421: value=0.90407
5
0.70768045424071690519 253.94692970638300267 116.09689553699986675 2000
7.4677994365964659451 421.82569367121607229 254.80569802562376935 2000
20.704938623538041043 628.0409772027684312 394.77494527336500596 2000
250.16564551832669849 1298.518874926506669 746.30698106517456836 2000
0 5025.2202508140635473 3319.889062037392705 2000
# Layered model 59922: value=0.904475
5
0.72190483137095540211 241.62179008870637631 117.25786449236984765 2000
6.1129379091898901066 409.41986242002684548 237.66187499075354594 2000
22.626072185953319149 647.07124685298958866 379.37096290198320503 2000
218.17829841259757018 1175.5321978935758125 710.08548490489306459 2000
0 5177.4894496339802572 3319.889062037392705 2000
# Layered model 53294: value=0.904574
5
0.78953668235010099341 312.96214944612614772 134.7848915332906472 2000
5.6491943551070473717 363.33933971281851427 237.66187499075354594 2000
23.022183889057014738 615.66608881753597871 398.72269472609860941 2000
206.15929947157812308 1152.3695695457072361 675.62197415460570937 2000
0 5719.1694001487758214 3524.1291371125453225 2000
# Layered model 46067: value=0.905361
5
0.78171948747534747426 309.86351430309520083 125.71630183484305121 2000
6.2602258229672322898 378.09237389591123701 247.31190013949688478 2000
26.487324002839997661 680.0783835732299849 398.72269472609860941 2000
216.58633615922028071 1211.1519990219492229 696.09399559346434216 2000
0 4975.4655948654090025 3254.4741319845038561 2000
# Layered model 60696: value=0.905508
5
0.79743204917360199779 291.90544722835448965 134.7848915332906472 2000
6.7524864657560614845 430.30439011400761729 242.43887867806770942 2000
19.387369260926327286 579.98530547815289538 371.89585619251369053 2000
213.41889293163796992 1187.2875198725116661 689.20197583511321682 2000
0 5387.7162830218130694 3319.889062037392705 2000
# Layered model 56530: value=0.906863
5
0.81346043336199147511 378.09237389591123701 132.12909668982516109 2000
4.6232591016589843491 413.51406104422710541 235.30878711955796234 2000
22.874640639839547873 535.60669889535267885 353.8461465303106479 2000
221.80424529764235331 1211.1519990219492229 689.20197583511321682 2000
0 5834.1247050917663728 3319.889062037392705 2000
# Layered model 58940: value=0.906891
5
0.68006700669999997633 300.75047418482091643 120.81089504435318815 2000
5.0911203328908660737 356.18011931459511743 232.97899714807718397 2000
30.17672762149611998 673.34493423092078501 390.86628244887617711 2000
243.0981490716149267 1311.5040636757717039 776.61003718741471857 2000
0 5951.3906116641110202 3127.4856724648830095 2000
# Layered model 60587: value=0.908035
5
0.78171948747534747426 335.53778429258915139 125.71630183484305121 2000
6.3306452760716585004 393.44444042650462734 249.78501914089181923 2000
22.348550162967157462 686.87916740896230294 386.9963192563130292 2000
220.65469054598870002 1235.4961542022904268 717.18633975394197932 2000
0 5177.4894496339802572 3222.2516158262415047 2000
# Layered model 56038: value=0.908595
5
0.83810909795329313621 309.86351430309520083 136.13274044862356504 2000
4.2328173707397533931 374.34888504545665455 244.86326746484840555 2000
19.31504874960014817 535.60669889535267885 353.8461465303106479 2000
233.30838321563197724 1187.2875198725116661 703.05493554939903333 2000
0 5550.9694741136572702 3489.2367694183617459 2000
# Layered model 60304: value=0.909106
5
0.66666700000000000959 236.86088627458710221 132.12909668982516109 2000
4.4042594686930458536 356.18011931459511743 226.12711930598649701 2000
22.960123209386683385 562.92802343990035752 368.21371900248880138 2000
212.32513102941422289 1140.9599698472347882 689.20197583511321682 2000
0 5834.1247050917663728 3319.889062037392705 2000
# Layered model 59769: value=0.910388
5
0.79743204917360199779 342.28209375687021065 129.52563149674065812 2000
7.1376081874535417526 401.35267367907738389 249.78501914089181923 2000
17.441103363289379047 640.66460084454411117 402.70992167335958811 2000
224.73946187258633245 1199.160395071236735 696.09399559346434216 2000
0 5334.3725574473392044 3254.4741319845038561 2000
# Layered model 59395: value=0.910847
5
0.9166275773342911215 359.7419205077410993 133.45038765672342151 2000
6.6332909375953725828 378.09237389591123701 247.31190013949688478 2000
24.993259947755099404 647.07124685298958866 402.70992167335958811 2000
241.00457571112360711 1247.851115744313347 753.77005087582631404 2000
0 5550.9694741136572702 3386.6188321843433187 2000
# Layered model 57372: value=0.911078
5
0.76631652531648608573 319.25268864999327434 124.4715859750921112 2000
7.0901589564925666664 378.09237389591123701 240.0384937406610959 2000
21.604439444705111129 666.67815270388200588 406.73702089009316296 2000
215.7264250132004122 1187.2875198725116661 696.09399559346434216 2000
0 5025.2202508140635473 3158.7605291895320079 2000
# Layered model 59532: value=0.91116
5
0.88966969587944799702 335.53778429258915139 130.82088781170807579 2000
4.9975185092371949835 413.51406104422710541 244.86326746484840555 2000
21.866326327635562166 525.05313096299641984 343.43958370448115147 2000
224.86324699447570197 1199.160395071236735 724.35820315148146165 2000
0 5662.5439605433421093 3454.6898707112491138 2000
# Layered model 58773: value=0.911302
5
0.69373635353467000275 342.28209375687021065 128.24319950172341009 2000
4.5830900642024534619 359.7419205077410993 226.12711930598649701 2000
20.868239709400473458 680.0783835732299849 364.56803861632556618 2000
223.97053934536526754 1311.5040636757717039 689.20197583511321682 2000
0 4926.2035592726824689 3190.3481344814276781 2000
# Layered model 52460: value=0.911881
5
0.72190483137095540211 322.44521553649320822 125.71630183484305121 2000
5.465589139036816313 374.34888504545665455 235.30878711955796234 2000
22.123866204452752982 634.3213869747961553 406.73702089009316296 2000
221.80424529764235331 1298.518874926506669 689.20197583511321682 2000
0 4926.2035592726824689 3190.3481344814276781 2000
# Layered model 57279: value=0.912074
5
0.66666700000000000959 366.97273310994671647 120.81089504435318815 2000
5.7720640374571479114 378.09237389591123701 230.67227440403681271 2000
23.022183889057014738 653.5419593215194709 398.72269472609860941 2000
225.68201421598601542 1175.5321978935758125 703.05493554939903333 2000
0 5075.4724533222042737 3287.0188733043487446 2000
# Layered model 57898: value=0.91235
5
1.0025020818668595179 322.44521553649320822 144.50764714274973244 2000
8.0283138914062721625 393.44444042650462734 247.31190013949688478 2000
24.49845334000944419 680.0783835732299849 449.29071249903614671 2000
209.23047320128631554 1298.518874926506669 689.20197583511321682 2000
0 5834.1247050917663728 3353.0879526577659817 2000
# Layered model 57269: value=0.912763
5
0.72912387968466496613 269.56978306658129441 119.61474756866650182 2000
5.2763968083548222765 389.54895091733129675 240.0384937406610959 2000
28.8851714117323084 640.66460084454411117 414.91243500998399441 2000
227.98332293867525777 1247.851115744313347 731.60178518299630923 2000
0 5334.3725574473392044 3524.1291371125453225 2000
# Layered model 55305: value=0.912838
5
0.80540636966533807328 363.33933971281851427 132.12909668982516109 2000
6.0294363708955076575 374.34888504545665455 247.31190013949688478 2000
28.404756280208673047 647.07124685298958866 414.91243500998399441 2000
235.59976154735755927 1272.9329231707740746 761.30775138458454876 2000
0 5387.7162830218130694 3254.4741319845038561 2000
# Layered model 56400: value=0.91369
5
0.70067371707001668835 246.47838806948934121 120.81089504435318815 2000
6.5546495782242839567 401.35267367907738389 244.86326746484840555 2000
20.223403964856398574 653.5419593215194709 379.37096290198320503 2000
225.13803426707721655 1235.4961542022904268 724.35820315148146165 2000
0 4926.2035592726824689 3127.4856724648830095 2000
# Layered model 56218: value=0.913854
5
0.86350464173037588811 352.65358347979713471 124.4715859750921112 2000
6.8381672353493732075 397.37888483076966395 254.80569802562376935 2000
21.1787466372954718 673.34493423092078501 390.86628244887617711 2000
206.73979588371707905 1235.4961542022904268 668.93264767782739 2000
0 5550.9694741136572702 3454.6898707112491138 2000
# Layered model 58408: value=0.915169
5
0.96338479597715509506 306.79555871593584015 132.12909668982516109 2000
7.8894884255434130083 381.87329763487036871 249.78501914089181923 2000
21.50073688818190476 660.07737891473470881 431.75954367025371994 2000
219.76199536280040547 1311.5040636757717039 696.09399559346434216 2000
0 5776.3610941502638525 3319.889062037392705 2000
# Layered model 52959: value=0.915455
5
0.66666700000000000959 316.09177094058742341 120.81089504435318815 2000
7.8407701580795343688 413.51406104422710541 249.78501914089181923 2000
19.246077374672672988 660.07737891473470881 410.80439109899407413 2000
215.00622798181669282 1163.8932652411642721 689.20197583511321682 2000
0 5177.4894496339802572 3287.0188733043487446 2000
# Layered model 60186: value=0.915525
5
0.84649018893282612641 349.16196384138328312 133.45038765672342151 2000
7.088550047694317513 374.34888504545665455 242.43887867806770942 2000
32.170910614074180955 666.67815270388200588 414.91243500998399441 2000
230.73340971742572947 1298.518874926506669 761.30775138458454876 2000
0 5177.4894496339802572 3190.3481344814276781 2000
# Layered model 52242: value=0.916111
5
0.87213968814767961479 325.66966769185813746 129.52563149674065812 2000
8.3401956861882435845 409.41986242002684548 249.78501914089181923 2000
20.543188701443384048 721.91690815113975077 410.80439109899407413 2000
213.00421843878959294 1272.9329231707740746 682.37819389615174259 2000
0 5334.3725574473392044 3489.2367694183617459 2000
# Layered model 57664: value=0.916257
5
0.86350464173037588811 356.18011931459511743 137.49406785310981149 2000
6.319983769452099942 389.54895091733129675 244.86326746484840555 2000
21.410985365426654425 591.64301011826387366 379.37096290198320503 2000
214.16526873795976371 1187.2875198725116661 696.09399559346434216 2000
0 5662.5439605433421093 3667.2229118371546974 2000
