# 60208 2_reports/tar1_ln7_tr0.report
# Layered model 54599: value=0.756565
7
0.69373635353467000275 248.9431719501842224 125.71630183484305121 2000
3.0312503410561237871 370.6424604410461825 226.12711930598649701 2000
5.6568581199721581498 438.95350835529916367 287.12143835552120663 2000
20.957734010791803314 686.87916740896230294 419.06155936008383378 2000
27.850209444182237206 953.86228959121501703 605.57599951097461144 2000
228.71327218881421572 1364.7563877923034852 792.21989893488171219 2000
0 5387.7162830218130694 3524.1291371125453225 2000
# Layered model 53997: value=0.820163
7
0.70768045424071690519 241.62179008870637631 119.61474756866650182 2000
5.0063664166413284207 393.44444042650462734 244.86326746484840555 2000
1.6016196525790062921 470.61757423911592468 307.83304440876798935 2000
15.193962323078594068 585.78515853293447435 343.43958370448115147 2000
109.07326309761705829 1163.8932652411642721 682.37819389615174259 2000
146.88239194700832968 1311.5040636757717039 808.1435189034727955 2000
0 5550.9694741136572702 3386.6188321843433187 2000
# Layered model 59239: value=0.829488
7
0.70768045424071690519 212.30403012019999665 129.52563149674065812 2000
3.130177062182872838 332.21562801246449226 219.47675417764958183 2000
13.548692711304809677 551.83611747858083163 340.03919178661499245 2000
6.7468186214544978441 615.66608881753597871 368.21371900248880138 2000
59.122763730674151361 1032.8961765296010071 623.92555787215667351 2000
221.29724736577972521 1507.5401017516526281 840.95738642646472272 2000
0 5550.9694741136572702 3319.889062037392705 2000
# Layered model 59951: value=0.852685
7
0.66666700000000000959 206.06020000000000891 118.4304431372935511 2000
6.3752783104425798655 389.54895091733129675 240.0384937406610959 2000
6.1168143142777537946 557.35447865336664108 368.21371900248880138 2000
9.1280016094773355206 640.66460084454411117 419.06155936008383378 2000
43.282948685996288418 1053.6573896778461403 587.76609894678790624 2000
186.52127892135581533 1260.3296269017564555 731.60178518299630923 2000
0 5892.4659521426838182 3489.2367694183617459 2000
# Layered model 49595: value=0.864787
7
0.70768045424071690519 200 122.0190039947966909 2000
5.6673007709643803409 401.35267367907738389 244.86326746484840555 2000
3.0068635893578541385 579.98530547815289538 357.3846079956137487 2000
18.358840356124908055 686.87916740896230294 379.37096290198320503 2000
43.971940903213905472 1043.2251382948970786 668.93264767782739 2000
177.88241238307821845 1199.160395071236735 717.18633975394197932 2000
0 5892.4659521426838182 3319.889062037392705 2000
# Layered model 58985: value=0.874993
7
0.68686767676700000163 244.03800798959338181 119.61474756866650182 2000
3.7246505724421004047 366.97273310994671647 230.67227440403681271 2000
5.647089244465675506 562.92802343990035752 330.03868945736735441 2000
11.146481108548544015 603.53503462164098892 333.33907635194100294 2000
67.172973792403354309 1002.5188527717638181 655.75203183788585193 2000
195.68437370275074727 1665.2621513395340571 784.37613755928884984 2000
0 4975.4655948654090025 3222.2516158262415047 2000
# Layered model 51736: value=0.880363
7
0.68006700669999997633 218.73705453687213662 129.52563149674065812 2000
2.8641300199948194205 359.7419205077410993 221.671521719426039 2000
15.661371039427189444 514.70751001176006412 314.0204886013842156 2000
15.668995434113472953 992.59292353639978046 559.23927548634185314 2000
3.0593547827311553533 1129.6633364824106138 617.74807710114521342 2000
237.77428358947398124 1272.9329231707740746 746.30698106517456836 2000
0 5951.3906116641110202 3703.8951409555261307 2000
# Layered model 52348: value=0.89619
7
0.79743204917360199779 223.13366933306332385 130.82088781170807579 2000
4.0273804901646892418 434.60743401514764628 228.38839049904632361 2000
10.604867990292955682 546.37239354314931461 326.77097966075973545 2000
21.960571888271999796 880.87582099605185704 467.53371708225427028 2000
10.775757980557784776 1085.5842622424745514 623.92555787215667351 2000
211.56358749597660562 1235.4961542022904268 746.30698106517456836 2000
0 5834.1247050917663728 3489.2367694183617459 2000
# Layered model 56168: value=0.925113
7
0.68686767676700000163 225.36500602639395652 132.12909668982516109 2000
3.637726234819217197 397.37888483076966395 226.12711930598649701 2000
7.2375160234716497953 519.85458511187766817 323.53562342649479433 2000
9.2251546490253790722 551.83611747858083163 357.3846079956137487 2000
60.82839327284945341 973.03492161199847033 570.47998492361739409 2000
202.44677824044472914 1732.8784723851460967 800.14209792423037015 2000
0 5075.4724533222042737 3353.0879526577659817 2000
# Layered model 44848: value=0.926895
7
0.70768045424071690519 253.94692970638300267 129.52563149674065812 2000
2.6311134675592637855 366.97273310994671647 217.30371700757382314 2000
13.203912045734893965 509.61139605124753871 307.83304440876798935 2000
5.304918024424413403 700.68543867388245872 379.37096290198320503 2000
82.818906938150888664 1012.5440412994812505 649.2594374632533345 2000
193.88594426412254279 1522.6155027691690975 784.37613755928884984 2000
0 5387.7162830218130694 3524.1291371125453225 2000
# Layered model 54887: value=0.941923
7
0.66666700000000000959 229.89484264752448439 110.46221254112045074 2000
5.1622322129867743712 417.64920165466935487 257.35375500588003206 2000
2.5802708083774312797 461.34454880807362542 284.27865183714970954 2000
13.656930210514675039 525.05313096299641984 346.87397954152595503 2000
54.058297398082530094 1107.4045059135482916 649.2594374632533345 2000
202.34088626120362164 1324.6191043125295437 784.37613755928884984 2000
0 5387.7162830218130694 3222.2516158262415047 2000
# Layered model 49705: value=0.968255
7
0.87213968814767961479 232.1937910739997335 137.49406785310981149 2000
0.77515794958072048448 335.53778429258915139 215.15219505700380864 2000
3.9448265603511689648 421.82569367121607229 262.52656548149820992 2000
11.614324422677386295 470.61757423911592468 298.77972010972325734 2000
109.24212420778393096 992.59292353639978046 636.4664615853870373 2000
163.32351823439387317 1732.8784723851460967 792.21989893488171219 2000
0 5776.3610941502638525 3559.3704284836708212 2000
# Layered model 39618: value=0.96977
7
0.72190483137095540211 259.05126299348131624 129.52563149674065812 2000
3.6896134178381450042 342.28209375687021065 215.15219505700380864 2000
13.148897480796582826 519.85458511187766817 330.03868945736735441 2000
2.4157369508620831766 546.37239354314931461 357.3846079956137487 2000
99.144122856953714518 1022.6694817124763404 605.57599951097461144 2000
153.85814215766424695 1378.4039516702264336 792.21989893488171219 2000
0 5126.2271778554259072 3353.0879526577659817 2000
# Layered model 51460: value=0.97123
7
0.71475725878312412753 248.9431719501842224 118.4304431372935511 2000
3.8758863215320458195 381.87329763487036871 235.30878711955796234 2000
11.465543851838027933 546.37239354314931461 343.43958370448115147 2000
3.7221815588049871337 551.83611747858083163 353.8461465303106479 2000
73.107862794159331088 973.03492161199847033 636.4664615853870373 2000
202.71027830818223947 1839.4854169795112284 824.38720363343270492 2000
0 5177.4894496339802572 3353.0879526577659817 2000
# Layered model 46067: value=0.97232
7
0.9350517916387104389 239.22949513733300364 134.7848915332906472 2000
6.2484366195437655023 452.25423861197299402 247.31190013949688478 2000
4.3786215238753909418 530.30366227262641132 333.33907635194100294 2000
18.477077020738917668 797.44538945219721882 419.06155936008383378 2000
22.117700387528579142 1032.8961765296010071 564.83166824120530691 2000
226.30839654783966353 1378.4039516702264336 753.77005087582631404 2000
0 5951.3906116641110202 3222.2516158262415047 2000
# Layered model 57341: value=0.973337
7
0.68686767676700000163 294.82450170063805217 132.12909668982516109 2000
4.0901744413897231922 366.97273310994671647 232.97899714807718397 2000
2.6856693024258957436 519.85458511187766817 307.83304440876798935 2000
13.742377181640701878 628.0409772027684312 371.89585619251369053 2000
54.165602120510747852 1012.5440412994812505 593.64375993625583305 2000
229.18268922290269529 1600.2841958484607403 808.1435189034727955 2000
0 5177.4894496339802572 3319.889062037392705 2000
# Layered model 59972: value=0.979487
7
0.898566392838242467 227.61865608665786453 134.7848915332906472 2000
1.8106317222181402826 417.64920165466935487 237.66187499075354594 2000
4.5340360665882224467 470.61757423911592468 304.78519248392871077 2000
12.932680026031839304 484.87775735613541883 307.83304440876798935 2000
79.410698613153869019 1187.2875198725116661 675.62197415460570937 2000
145.09041733011562769 1378.4039516702264336 682.37819389615174259 2000
0 5229.2643441303198415 3386.6188321843433187 2000
# Layered model 43329: value=0.984199
7
0.72190483137095540211 212.30403012019999665 128.24319950172341009 2000
1.5656810657076154492 374.34888504545665455 235.30878711955796234 2000
3.0331283982295444979 480.0769874813221918 237.66187499075354594 2000
15.67442293461596492 568.55730367429941907 326.77097966075973545 2000
95.777998284066185875 1053.6573896778461403 655.75203183788585193 2000
206.51641423194575964 1537.8416577968605452 816.22495409250768716 2000
0 5496.0093803105519328 3630.9137740961928102 2000
# Layered model 51472: value=0.984707
7
0.9350517916387104389 259.05126299348131624 145.95272361417724483 2000
2.2102431138886675654 426.04395060792825234 226.12711930598649701 2000
6.2365499090355731582 480.0769874813221918 298.77972010972325734 2000
12.249466068565057597 535.60669889535267885 333.33907635194100294 2000
174.2776848931846132 1152.3695695457072361 682.37819389615174259 2000
58.70290295365265365 1463.2035703659926185 738.91780303482630643 2000
0 5662.5439605433421093 3254.4741319845038561 2000
# Layered model 57891: value=0.985123
7
0.66666700000000000959 312.96214944612614772 118.4304431372935511 2000
4.2063936647316735318 359.7419205077410993 226.12711930598649701 2000
5.2861329038798503532 551.83611747858083163 320.33230042227205558 2000
11.257945919634028797 621.82274970571131689 357.3846079956137487 2000
52.468450868321511393 963.40091248712724337 623.92555787215667351 2000
196.39007072807228838 1648.7744072668654098 731.60178518299630923 2000
0 5177.4894496339802572 3222.2516158262415047 2000
# Layered model 59406: value=0.994154
7
0.73641511848151164354 286.15375671831628779 120.81089504435318815 2000
4.0406269996752115503 413.51406104422710541 262.52656548149820992 2000
5.0833710704275087977 421.82569367121607229 265.15183113631320566 2000
16.01382472006282498 680.0783835732299849 379.37096290198320503 2000
27.331002870279146322 944.41810850615354411 564.83166824120530691 2000
248.33275916724883814 1507.5401017516526281 792.21989893488171219 2000
0 5387.7162830218130694 3559.3704284836708212 2000
# Layered model 37685: value=0.996856
7
0.9166275773342911215 227.61865608665786453 134.7848915332906472 2000
4.8545597622565743734 475.32374998150709189 242.43887867806770942 2000
10.607729459948611606 489.7265349296968111 323.53562342649479433 2000
7.9957857381352468451 579.98530547815289538 379.37096290198320503 2000
13.559215745291911759 1022.6694817124763404 636.4664615853870373 2000
254.73589369059746446 1378.4039516702264336 792.21989893488171219 2000
0 5834.1247050917663728 3158.7605291895320079 2000
# Layered model 51450: value=0.997176
7
0.68686767676700000163 244.03800798959338181 125.71630183484305121 2000
3.510540567606457607 381.87329763487036871 223.88823693662030223 2000
1.9797758728726240207 574.24287671104241326 289.99265273907644769 2000
26.350950909454017079 700.68543867388245872 383.16467253100307744 2000
39.184491047201660763 1285.6622524024817267 605.57599951097461144 2000
209.53731065617492391 1406.1098710987980667 784.37613755928884984 2000
0 5892.4659521426838182 3594.9641327685076249 2000
# Layered model 58987: value=0.998871
7
0.75872923298661987257 261.64177562341615157 130.82088781170807579 2000
3.8319143473285501855 417.64920165466935487 228.38839049904632361 2000
3.735267331926618084 504.56573866460144018 326.77097966075973545 2000
10.306207356789919061 519.85458511187766817 343.43958370448115147 2000
95.840125152191959046 935.06743416450854056 611.63175950608433595 2000
196.20265946132047929 1616.287037806945591 883.85466484004371068 2000
0 4975.4655948654090025 3127.4856724648830095 2000
# Layered model 56499: value=1.00225
7
0.82981098807256747918 239.22949513733300364 132.12909668982516109 2000
3.9472311300841558257 378.09237389591123701 235.30878711955796234 2000
9.9037694765213348802 525.05313096299641984 326.77097966075973545 2000
9.6938909429966670928 551.83611747858083163 346.87397954152595503 2000
62.2619628820161779 982.76527082811844593 623.92555787215667351 2000
206.03314655387319476 1914.1759012454012918 800.14209792423037015 2000
0 5177.4894496339802572 3420.4850205061870838 2000
# Layered model 40880: value=1.00308
7
1.0964217627731958071 269.56978306658129441 150.37523709241045822 2000
4.1804046549639277686 389.54895091733129675 240.0384937406610959 2000
14.908418637636732029 628.0409772027684312 336.67246711546039251 2000
1.4460658277541540429 805.41984334671917622 481.70045624356362168 2000
33.186101896640437303 1298.518874926506669 570.47998492361739409 2000
220.89078909267215067 1364.7563877923034852 753.77005087582631404 2000
0 5606.4791688547938975 3454.6898707112491138 2000
# Layered model 59644: value=1.00515
7
0.76631652531648608573 214.42707042140199292 126.97346485319150133 2000
6.1368746426499676261 461.34454880807362542 237.66187499075354594 2000
2.4786536465964976728 557.35447865336664108 298.77972010972325734 2000
19.199410857481922221 562.92802343990035752 371.89585619251369053 2000
44.572794185942314016 1032.8961765296010071 682.37819389615174259 2000
171.52298029295874926 1351.2439483092114187 696.09399559346434216 2000
0 5951.3906116641110202 3353.0879526577659817 2000
# Layered model 54642: value=1.01146
7
0.67333366999999999525 253.94692970638300267 122.0190039947966909 2000
3.0889028915367018335 363.33933971281851427 206.75703052211355271 2000
14.878498588795102009 535.60669889535267885 333.33907635194100294 2000
1.1376338406263819536 557.35447865336664108 368.21371900248880138 2000
64.310324914697432064 973.03492161199847033 617.74807710114521342 2000
205.68339715727913131 1507.5401017516526281 849.36696029072936653 2000
0 5229.2643441303198415 3353.0879526577659817 2000
# Layered model 50880: value=1.01286
7
0.69373635353467000275 283.32055120625375366 133.45038765672342151 2000
3.3398904670783484683 359.7419205077410993 228.38839049904632361 2000
5.3482179939499330246 519.85458511187766817 307.83304440876798935 2000
15.731435584705858233 647.07124685298958866 390.86628244887617711 2000
103.87690874312576739 1211.1519990219492229 642.83112620124086334 2000
130.73940875204306167 1272.9329231707740746 808.1435189034727955 2000
0 5075.4724533222042737 3096.5204677870128762 2000
# Layered model 50781: value=1.0132
7
0.75872923298661987257 338.89316213551506962 137.49406785310981149 2000
4.3121972357064262127 356.18011931459511743 235.30878711955796234 2000
5.821104105113543703 540.96276588430623633 320.33230042227205558 2000
14.982207334840467183 821.60878219798814825 390.86628244887617711 2000
25.25495270337663456 1085.5842622424745514 593.64375993625583305 2000
235.7738698463275 1311.5040636757717039 768.9208288984302726 2000
0 5550.9694741136572702 3386.6188321843433187 2000
# Layered model 51869: value=1.01673
7
1.1872676580155152593 322.44521553649320822 148.88637335882222601 2000
6.1406088702317287442 385.69203061121908149 254.80569802562376935 2000
8.5693387511123582101 647.07124685298958866 368.21371900248880138 2000
7.5263947619612281414 1012.5440412994812505 453.78361962402658492 2000
20.616491440745857489 1118.4785509726837063 501.25942638588190903 2000
210.5717972478985871 1223.2635190121686719 724.35820315148146165 2000
0 5441.5934458520314365 3353.0879526577659817 2000
# Layered model 59588: value=1.02054
7
0.82981098807256747918 202 125.71630183484305121 2000
4.3947696235483473259 401.35267367907738389 240.0384937406610959 2000
0.83088857497459756019 621.82274970571131689 323.53562342649479433 2000
20.077511101138014737 653.5419593215194709 346.87397954152595503 2000
42.78144382053197603 1032.8961765296010071 623.92555787215667351 2000
175.76260604268043153 1199.160395071236735 710.08548490489306459 2000
0 5776.3610941502638525 3353.0879526577659817 2000
# Layered model 56054: value=1.02145
7
0.68686767676700000163 212.30403012019999665 116.09689553699986675 2000
8.6175910513122833123 426.04395060792825234 252.28286933230072009 2000
6.592756551280320565 557.35447865336664108 368.21371900248880138 2000
6.6124135671800416958 773.9926385126260584 371.89585619251369053 2000
15.80362861925665996 982.76527082811844593 617.74807710114521342 2000
216.29864126416896397 1175.5321978935758125 703.05493554939903333 2000
0 5834.1247050917663728 3386.6188321843433187 2000
# Layered model 58280: value=1.02215
7
0.83810909795329313621 294.82450170063805217 134.7848915332906472 2000
3.4436670521320702498 366.97273310994671647 240.0384937406610959 2000
1.7137378960488067747 546.37239354314931461 281.46401171995017876 2000
14.585936037116569608 628.0409772027684312 323.53562342649479433 2000
88.334961715410955208 944.41810850615354411 611.63175950608433595 2000
169.54887209250333058 1715.7212597872733113 776.61003718741471857 2000
0 5126.2271778554259072 3287.0188733043487446 2000
# Layered model 56648: value=1.02225
7
0.77397969056965099099 229.89484264752448439 129.52563149674065812 2000
4.3476560428103256939 385.69203061121908149 226.12711930598649701 2000
3.5423405488015866638 489.7265349296968111 295.82150505913193683 2000
12.541112320041756689 557.35447865336664108 336.67246711546039251 2000
170.8437260005730991 1260.3296269017564555 668.93264767782739 2000
62.563084127168849591 1463.2035703659926185 746.30698106517456836 2000
0 5951.3906116641110202 3386.6188321843433187 2000
# Layered model 46352: value=1.02321
7
0.78953668235010099341 306.79555871593584015 122.0190039947966909 2000
3.1646117546786403096 356.18011931459511743 230.67227440403681271 2000
7.380142255116996175 525.05313096299641984 326.77097966075973545 2000
9.2471593911050025127 574.24287671104241326 371.89585619251369053 2000
84.08508084685944084 963.40091248712724337 599.58019753561836751 2000
182.23652952824102158 1681.9147728529294454 792.21989893488171219 2000
0 5229.2643441303198415 3353.0879526577659817 2000
# Layered model 56026: value=1.03319
7
0.68686767676700000163 246.47838806948934121 125.71630183484305121 2000
2.2761424024543965849 345.70491469443891219 215.15219505700380864 2000
11.428531529128822086 519.85458511187766817 317.16069348739807765 2000
2.6445461349735008838 525.05313096299641984 323.53562342649479433 2000
59.088309886637688351 944.41810850615354411 623.92555787215667351 2000
202.34088626120362164 1616.287037806945591 753.77005087582631404 2000
0 5177.4894496339802572 3420.4850205061870838 2000
# Layered model 59662: value=1.03651
7
0.81346043336199147511 220.92442508224090147 136.13274044862356504 2000
3.8694550829175131668 389.54895091733129675 213.02197530396412617 2000
11.53383379019522792 546.37239354314931461 360.95845407556987539 2000
8.4017002565767420208 1053.6573896778461403 423.25217495368474374 2000
7.732402507459365637 1140.9599698472347882 559.23927548634185314 2000
219.74013677103891951 1211.1519990219492229 675.62197415460570937 2000
0 5776.3610941502638525 3353.0879526577659817 2000
# Layered model 57794: value=1.04105
7
0.87213968814767961479 210.20201001999996038 138.86900853164090108 2000
0.9475017296247220111 359.7419205077410993 213.02197530396412617 2000
4.672641170771328234 484.87775735613541883 252.28286933230072009 2000
12.896374397004926493 530.30366227262641132 333.33907635194100294 2000
60.618849981349391953 1043.2251382948970786 655.75203183788585193 2000
233.77414494447151583 1568.7522751185776997 840.95738642646472272 2000
0 5496.0093803105519328 3630.9137740961928102 2000
# Layered model 32605: value=1.04212
7
0.69373635353467000275 470.61757423911592468 124.4715859750921112 2000
0.69720468669999979827 480.0769874813221918 219.47675417764958183 2000
5.2980642030245244101 494.62380027899376955 237.66187499075354594 2000
20.777019678213932252 597.55944021944651467 350.34271933694122936 2000
30.147626830543696741 1285.6622524024817267 710.08548490489306459 2000
256.16800015935274359 1392.1879911869286843 776.61003718741471857 2000
0 5834.1247050917663728 3454.6898707112491138 2000
# Layered model 50475: value=1.04383
7
0.88966969587944799702 214.42707042140199292 130.82088781170807579 2000
6.2226950676675585328 426.04395060792825234 257.35375500588003206 2000
13.684513402249727676 551.83611747858083163 360.95845407556987539 2000
3.0975464373546479635 628.0409772027684312 379.37096290198320503 2000
20.586077893735971855 1012.5440412994812505 581.94663262058213604 2000
257.05749744928766631 1392.1879911869286843 824.38720363343270492 2000
0 5834.1247050917663728 3319.889062037392705 2000
# Layered model 53983: value=1.04472
7
0.81346043336199147511 225.36500602639395652 140.25769861695729901 2000
3.5980578158471088202 374.34888504545665455 242.43887867806770942 2000
0.85651570654150877004 562.92802343990035752 244.86326746484840555 2000
25.990864447591214059 603.53503462164098892 390.86628244887617711 2000
200.75699344036698335 1272.9329231707740746 696.09399559346434216 2000
27.713706050728831087 1584.4397978697634244 776.61003718741471857 2000
0 5776.3610941502638525 3703.8951409555261307 2000
# Layered model 49942: value=1.04507
7
0.80540636966533807328 253.94692970638300267 154.93175715154760042 2000
3.3920018747081197574 345.70491469443891219 208.82460082733467743 2000
13.189141983354941701 514.70751001176006412 326.77097966075973545 2000
1.0610916227980418114 591.64301011826387366 379.37096290198320503 2000
74.438589934591078645 1032.8961765296010071 617.74807710114521342 2000
172.06393102699831843 1364.7563877923034852 776.61003718741471857 2000
0 5177.4894496339802572 3254.4741319845038561 2000
# Layered model 57232: value=1.04562
7
1.0432076864240023006 214.42707042140199292 138.86900853164090108 2000
2.2625288698136021281 421.82569367121607229 232.97899714807718397 2000
2.7497326303579074924 434.60743401514764628 262.52656548149820992 2000
16.906603199759580036 579.98530547815289538 336.67246711546039251 2000
147.47149934598772347 1187.2875198725116661 682.37819389615174259 2000
84.178326997622463068 1785.3864229768882979 724.35820315148146165 2000
0 5441.5934458520314365 3158.7605291895320079 2000
# Layered model 58332: value=1.04763
7
0.83810909795329313621 253.94692970638300267 130.82088781170807579 2000
5.7957219286698444805 405.36620041586814978 237.66187499075354594 2000
5.3977469358589180715 557.35447865336664108 357.3846079956137487 2000
20.174496321379429276 805.41984334671917622 394.77494527336500596 2000
34.681586805728372269 1096.4401048648992401 682.37819389615174259 2000
172.96826494800052387 1223.2635190121686719 689.20197583511321682 2000
0 5776.3610941502638525 3386.6188321843433187 2000
# Layered model 59483: value=1.04898
7
0.68686767676700000163 335.53778429258915139 124.4715859750921112 2000
2.651926245032980578 338.89316213551506962 215.15219505700380864 2000
14.934645104111011094 551.83611747858083163 340.03919178661499245 2000
3.5741849660482962747 621.82274970571131689 371.89585619251369053 2000
38.10537305193294344 953.86228959121501703 611.63175950608433595 2000
229.81909401904252377 1584.4397978697634244 776.61003718741471857 2000
0 5177.4894496339802572 3222.2516158262415047 2000
# Layered model 52248: value=1.05503
7
0.75121706236299001791 208.12080200000002606 124.4715859750921112 2000
4.3197094063300562894 401.35267367907738389 242.43887867806770942 2000
4.2180287932504691994 540.96276588430623633 244.86326746484840555 2000
20.15834103821998724 707.69229306062129581 419.06155936008383378 2000
40.852307732678141861 1085.5842622424745514 689.20197583511321682 2000
176.8241964196137701 1187.2875198725116661 703.05493554939903333 2000
0 5892.4659521426838182 3319.889062037392705 2000
# Layered model 57083: value=1.05509
7
0.72190483137095540211 256.48639900344682019 130.82088781170807579 2000
5.9119261952521817705 393.44444042650462734 235.30878711955796234 2000
1.0550080127145555764 484.87775735613541883 259.92729255593883408 2000
14.597922194859975775 546.37239354314931461 333.33907635194100294 2000
68.769244829048602696 1053.6573896778461403 675.62197415460570937 2000
190.19393066683039706 1420.1709698097861292 800.14209792423037015 2000
0 5441.5934458520314365 3420.4850205061870838 2000
# Layered model 35576: value=1.05537
7
0.82981098807256747918 316.09177094058742341 125.71630183484305121 2000
9.4480999879392033591 438.95350835529916367 267.80334944767633942 2000
1.3998200583966742272 609.57038496785742154 320.33230042227205558 2000
6.2273683982102170376 628.0409772027684312 390.86628244887617711 2000
50.327003644871943777 992.59292353639978046 511.33474085623817018 2000
218.67095738086061374 1378.4039516702264336 808.1435189034727955 2000
0 5126.2271778554259072 3319.889062037392705 2000
# Layered model 47447: value=1.05597
7
0.86350464173037588811 220.92442508224090147 136.13274044862356504 2000
8.627973706783301111 397.37888483076966395 259.92729255593883408 2000
0.9755489444203444549 434.60743401514764628 270.48138294215311817 2000
9.115516262470121589 773.9926385126260584 406.73702089009316296 2000
24.457557926662545356 916.6429116405337254 516.44808826480050357 2000
226.23555960257266406 1272.9329231707740746 724.35820315148146165 2000
0 5441.5934458520314365 3319.889062037392705 2000
# Layered model 59992: value=1.056
7
0.95384633265064855401 309.86351430309520083 137.49406785310981149 2000
2.8840111837729409672 461.34454880807362542 240.0384937406610959 2000
3.4778090070374618747 489.7265349296968111 310.91137485285565845 2000
16.578758079690331328 551.83611747858083163 336.67246711546039251 2000
95.225850934670106085 1129.6633364824106138 630.16481345087822774 2000
135.49162319214377703 1235.4961542022904268 761.30775138458454876 2000
0 5334.3725574473392044 3420.4850205061870838 2000
# Layered model 51829: value=1.05672
7
0.88086108502915638763 223.13366933306332385 133.45038765672342151 2000
3.5306571641799440187 385.69203061121908149 247.31190013949688478 2000
12.296614778001123014 615.66608881753597871 330.03868945736735441 2000
10.485951053456236792 781.73256489775235423 449.29071249903614671 2000
3.281881968771958924 1085.5842622424745514 537.41795160518540797 2000
224.13593268052684948 1285.6622524024817267 689.20197583511321682 2000
0 5951.3906116641110202 3353.0879526577659817 2000
# Layered model 45133: value=1.05761
7
0.94440230955509751887 210.20201001999996038 134.7848915332906472 2000
5.1818293443139840093 397.37888483076966395 237.66187499075354594 2000
7.5668263782409939111 634.3213869747961553 394.77494527336500596 2000
21.882484194480142037 714.7692159912274974 414.91243500998399441 2000
7.169346385637361152 1129.6633364824106138 481.70045624356362168 2000
206.8501498447523943 1223.2635190121686719 738.91780303482630643 2000
0 5834.1247050917663728 3489.2367694183617459 2000
# Layered model 57295: value=1.06182
7
0.898566392838242467 259.05126299348131624 140.25769861695729901 2000
2.6810726041235248829 359.7419205077410993 235.30878711955796234 2000
10.669412100414685796 535.60669889535267885 330.03868945736735441 2000
9.8843177518064440079 766.32934506200615488 360.95845407556987539 2000
2.6447226951549787088 1032.8961765296010071 570.47998492361739409 2000
201.43659204957151587 1096.4401048648992401 655.75203183788585193 2000
0 5719.1694001487758214 3454.6898707112491138 2000
# Layered model 59325: value=1.06247
7
0.85495509082215437324 229.89484264752448439 137.49406785310981149 2000
7.9102659205843481871 385.69203061121908149 249.78501914089181923 2000
1.4955644928911375757 421.82569367121607229 275.91805873929041582 2000
25.670512144558475853 766.32934506200615488 506.27202064974062523 2000
18.886115130912330073 907.56723924805316983 542.79213112123727569 2000
210.13275003234736005 1247.851115744313347 746.30698106517456836 2000
0 5441.5934458520314365 3287.0188733043487446 2000
# Layered model 56637: value=1.06287
7
0.72912387968466496613 289.01529428549946488 122.0190039947966909 2000
5.0997753333021096367 409.41986242002684548 242.43887867806770942 2000
3.8372248813022480363 470.61757423911592468 287.12143835552120663 2000
2.8481966247250340984 621.82274970571131689 343.43958370448115147 2000
48.038206295317095851 916.6429116405337254 526.82869483892307017 2000
186.57127343812425124 1298.518874926506669 696.09399559346434216 2000
0 5387.7162830218130694 3190.3481344814276781 2000
# Layered model 60202: value=1.06399
7
0.67333366999999999525 261.64177562341615157 138.86900853164090108 2000
3.0516530245907937946 359.7419205077410993 198.68944241538483197 2000
17.279860252863908698 535.60669889535267885 336.67246711546039251 2000
6.1892371332117583904 789.54989054673001192 419.06155936008383378 2000
15.550804531561116306 1272.9329231707740746 668.93264767782739 2000
232.96331326021302743 1392.1879911869286843 738.91780303482630643 2000
0 5951.3906116641110202 3740.9340923650820514 2000
# Layered model 58154: value=1.0641
7
0.82159503769561137432 251.43260366968610242 130.82088781170807579 2000
2.7938403492357739566 393.44444042650462734 259.92729255593883408 2000
0.70195271105313405968 426.04395060792825234 270.48138294215311817 2000
15.460980892973665846 535.60669889535267885 301.76751731082049446 2000
91.327262684856606256 1043.2251382948970786 655.75203183788585193 2000
167.35965221535025194 1337.86529535565478 808.1435189034727955 2000
0 5441.5934458520314365 3386.6188321843433187 2000
# Layered model 50381: value=1.06429
7
0.72190483137095540211 241.62179008870637631 143.07687835915814389 2000
2.9296849094297439109 325.66966769185813746 196.72222021325231367 2000
9.7716609523765143308 499.57003828178363847 320.33230042227205558 2000
8.4243732987820756364 546.37239354314931461 343.43958370448115147 2000
89.258007683855510095 1043.2251382948970786 642.83112620124086334 2000
159.17002940882457551 1351.2439483092114187 800.14209792423037015 2000
0 5334.3725574473392044 3454.6898707112491138 2000
# Layered model 55437: value=1.06552
7
0.79743204917360199779 214.42707042140199292 129.52563149674065812 2000
3.002426877978466635 405.36620041586814978 259.92729255593883408 2000
7.6477746719151262766 409.41986242002684548 267.80334944767633942 2000
7.3708058526548292377 838.12311872016766756 390.86628244887617711 2000
27.931015706004725274 889.68457920601224487 587.76609894678790624 2000
231.71582873343828624 1337.86529535565478 776.61003718741471857 2000
0 5387.7162830218130694 3319.889062037392705 2000
# Layered model 51546: value=1.06752
7
0.75121706236299001791 206.06020000000000891 133.45038765672342151 2000
1.8522690755160895471 385.69203061121908149 221.671521719426039 2000
4.2199681107696243032 417.64920165466935487 259.92729255593883408 2000
33.263957192789987971 829.82487001996798881 402.70992167335958811 2000
16.391023762969524569 1199.160395071236735 623.92555787215667351 2000
221.98684868675681514 1351.2439483092114187 768.9208288984302726 2000
0 5387.7162830218130694 3420.4850205061870838 2000
# Layered model 52203: value=1.06856
7
0.67333366999999999525 210.20201001999996038 120.81089504435318815 2000
5.0978536695908660548 456.77678099809264722 235.30878711955796234 2000
13.244226587262605932 499.57003828178363847 326.77097966075973545 2000
19.89303267412884324 1032.8961765296010071 453.78361962402658492 2000
11.714514401021340007 1211.1519990219492229 738.91780303482630643 2000
219.65270008263570389 1492.6139621303491367 746.30698106517456836 2000
0 5892.4659521426838182 3489.2367694183617459 2000
# Layered model 59500: value=1.06887
7
1.0964217627731958071 325.66966769185813746 150.37523709241045822 2000
6.0159430007738103896 370.6424604410461825 244.86326746484840555 2000
12.285258983236222008 707.69229306062129581 364.56803861632556618 2000
16.177918479806987051 821.60878219798814825 501.25942638588190903 2000
22.038109525426605728 1337.86529535565478 636.4664615853870373 2000
237.98285834128290617 1351.2439483092114187 761.30775138458454876 2000
0 5496.0093803105519328 3353.0879526577659817 2000
# Layered model 50469: value=1.07216
7
0.68006700669999997633 206.06020000000000891 133.45038765672342151 2000
1.6534993669098501101 356.18011931459511743 217.30371700757382314 2000
8.3438481679121458967 426.04395060792825234 281.46401171995017876 2000
5.2124520782509744521 519.85458511187766817 298.77972010972325734 2000
22.80652342068129812 925.80934075693903651 491.38263541405922297 2000
215.91550868951100028 1235.4961542022904268 703.05493554939903333 2000
0 5606.4791688547938975 3319.889062037392705 2000
# Layered model 51788: value=1.0739
7
1.477810883701244915 274.98813570621962299 156.48107472306307386 2000
2.0663861429935743708 401.35267367907738389 242.43887867806770942 2000
10.991259997738900722 494.62380027899376955 320.33230042227205558 2000
6.0459930588170198718 880.87582099605185704 398.72269472609860941 2000
38.777952930503943207 1129.6633364824106138 587.76609894678790624 2000
216.34879885868593874 1298.518874926506669 753.77005087582631404 2000
0 5719.1694001487758214 3319.889062037392705 2000
# Layered model 47882: value=1.07705
7
0.9350517916387104389 234.51572898473969531 133.45038765672342151 2000
3.0190966453900305311 443.343043438852078 254.80569802562376935 2000
2.6686290315447180888 509.61139605124753871 295.82150505913193683 2000
23.41640948722332638 615.66608881753597871 346.87397954152595503 2000
145.5586924336077459 1175.5321978935758125 731.60178518299630923 2000
125.94012055677049489 1584.4397978697634244 849.36696029072936653 2000
0 5550.9694741136572702 3319.889062037392705 2000
# Layered model 41213: value=1.07952
7
0.9166275773342911215 261.64177562341615157 133.45038765672342151 2000
4.4662630513993484271 438.95350835529916367 242.43887867806770942 2000
3.906064633209875403 519.85458511187766817 307.83304440876798935 2000
15.824325137325294222 597.55944021944651467 357.3846079956137487 2000
50.257410323465258273 1012.5440412994812505 617.74807710114521342 2000
174.22434773424589594 1337.86529535565478 724.35820315148146165 2000
0 5951.3906116641110202 3158.7605291895320079 2000
# Layered model 43653: value=1.08014
7
0.76631652531648608573 241.62179008870637631 136.13274044862356504 2000
4.3046099433765601106 405.36620041586814978 217.30371700757382314 2000
0.98454271790246572493 494.62380027899376955 289.99265273907644769 2000
16.679255948409529964 615.66608881753597871 371.89585619251369053 2000
14.451745096312116345 935.06743416450854056 532.096981787312302 2000
205.06801506664913859 1406.1098710987980667 696.09399559346434216 2000
0 5951.3906116641110202 3158.7605291895320079 2000
# Layered model 40284: value=1.08204
7
0.83810909795329313621 280.51539723391459802 130.82088781170807579 2000
4.9907901150334819107 434.60743401514764628 254.80569802562376935 2000
10.227288219166423389 499.57003828178363847 314.0204886013842156 2000
13.685581831011937481 1002.5188527717638181 576.18478477285361805 2000
166.16722651314748305 1272.9329231707740746 668.93264767782739 2000
85.340940953764061305 1463.2035703659926185 808.1435189034727955 2000
0 5606.4791688547938975 3454.6898707112491138 2000
# Layered model 45383: value=1.08328
7
0.87213968814767961479 248.9431719501842224 136.13274044862356504 2000
3.9526728511906115138 452.25423861197299402 232.97899714807718397 2000
4.1016908881696565459 504.56573866460144018 278.67723932668332054 2000
11.860761156575298614 519.85458511187766817 333.33907635194100294 2000
108.20292455831132372 1064.193963574624604 655.75203183788585193 2000
130.73940875204306167 1568.7522751185776997 696.09399559346434216 2000
0 5281.5569875716228125 3454.6898707112491138 2000
# Layered model 57324: value=1.08582
7
0.79743204917360199779 246.47838806948934121 128.24319950172341009 2000
2.8541576916270976483 405.36620041586814978 232.97899714807718397 2000
8.9937196163296206919 447.77647387324060446 292.89257926646723718 2000
6.743347628418336015 591.64301011826387366 353.8461465303106479 2000
136.44554503678227775 1260.3296269017564555 642.83112620124086334 2000
98.777696707634333961 3654.8633183089041268 776.61003718741471857 2000
0 5496.0093803105519328 3353.0879526577659817 2000
# Layered model 53835: value=1.08601
7
0.90755205676662487058 202 133.45038765672342151 2000
2.6015539102579490205 401.35267367907738389 259.92729255593883408 2000
6.751679537273066245 456.77678099809264722 267.80334944767633942 2000
14.11391703337708492 621.82274970571131689 368.21371900248880138 2000
27.782184805650640413 1022.6694817124763404 599.58019753561836751 2000
210.17000653005663935 1247.851115744313347 753.77005087582631404 2000
0 5951.3906116641110202 3065.8618492940722717 2000
# Layered model 57939: value=1.08623
7
0.96338479597715509506 212.30403012019999665 132.12909668982516109 2000
6.0088382836689637756 434.60743401514764628 247.31190013949688478 2000
3.4948042132879031385 470.61757423911592468 301.76751731082049446 2000
10.738061309289298251 647.07124685298958866 383.16467253100307744 2000
28.916654964116929705 1032.8961765296010071 605.57599951097461144 2000
209.60785432809737472 1223.2635190121686719 731.60178518299630923 2000
0 5892.4659521426838182 3065.8618492940722717 2000
# Layered model 42161: value=1.08858
7
1.2729116285717296808 234.51572898473969531 154.93175715154760042 2000
2.3067273683900380021 417.64920165466935487 232.97899714807718397 2000
2.8483635659528161455 461.34454880807362542 281.46401171995017876 2000
17.229843578819455274 640.66460084454411117 320.33230042227205558 2000
206.06085865401723822 1163.8932652411642721 703.05493554939903333 2000
22.37228404579849439 1632.4499081850153743 724.35820315148146165 2000
0 5662.5439605433421093 3319.889062037392705 2000
# Layered model 56239: value=1.0896
7
0.90755205676662487058 289.01529428549946488 153.39777935796792008 2000
1.6701569906384043929 345.70491469443891219 206.75703052211355271 2000
8.5332513409350720934 514.70751001176006412 298.77972010972325734 2000
11.623764746664940972 568.55730367429941907 336.67246711546039251 2000
67.419736313753645618 1043.2251382948970786 605.57599951097461144 2000
188.31082244240633372 1553.2200743748294371 784.37613755928884984 2000
0 5229.2643441303198415 3254.4741319845038561 2000
# Layered model 59266: value=1.09
7
0.70768045424071690519 244.03800798959338181 117.25786449236984765 2000
3.0173062403500767736 401.35267367907738389 221.671521719426039 2000
8.187466733609261027 535.60669889535267885 307.83304440876798935 2000
8.2634607794763912381 557.35447865336664108 350.34271933694122936 2000
61.43974364925625764 935.06743416450854056 617.74807710114521342 2000
211.0541541166313948 1698.7339205814587331 832.63107566976702856 2000
0 5441.5934458520314365 3353.0879526577659817 2000
# Layered model 57387: value=1.09013
7
0.70067371707001668835 286.15375671831628779 117.25786449236984765 2000
3.2534747199587243927 374.34888504545665455 237.66187499075354594 2000
4.9723549904792063714 456.77678099809264722 284.27865183714970954 2000
5.4583855351840107062 597.55944021944651467 323.53562342649479433 2000
33.781121435769073003 1022.6694817124763404 506.27202064974062523 2000
203.92497844308874733 1211.1519990219492229 710.08548490489306459 2000
0 5662.5439605433421093 3005.4522588903760152 2000
# Layered model 55920: value=1.0902
7
0.73641511848151164354 239.22949513733300364 133.45038765672342151 2000
6.1667760494849419572 356.18011931459511743 235.30878711955796234 2000
4.6589187670914133932 546.37239354314931461 326.77097966075973545 2000
17.019145736987006501 647.07124685298958866 423.25217495368474374 2000
6.8003947962632018687 1032.8961765296010071 623.92555787215667351 2000
204.47427556928229819 1175.5321978935758125 682.37819389615174259 2000
0 5776.3610941502638525 3594.9641327685076249 2000
# Layered model 54098: value=1.09151
7
0.69373635353467000275 269.56978306658129441 126.97346485319150133 2000
3.8514553101437161153 378.09237389591123701 223.88823693662030223 2000
14.281950838156737049 525.05313096299641984 343.43958370448115147 2000
9.4711304407835612551 907.56723924805316983 486.51746080599923516 2000
14.874064555731170145 1107.4045059135482916 710.08548490489306459 2000
255.3801376958828655 1392.1879911869286843 731.60178518299630923 2000
0 5892.4659521426838182 3594.9641327685076249 2000
# Layered model 49229: value=1.09157
7
0.66666700000000000959 286.15375671831628779 128.24319950172341009 2000
1.8352320056352748878 356.18011931459511743 223.88823693662030223 2000
7.9651282872987465566 426.04395060792825234 281.46401171995017876 2000
8.5395965533052251573 854.96939340644303229 436.07713910695628101 2000
34.198616932686960013 1053.6573896778461403 449.29071249903614671 2000
201.40665795103907953 1364.7563877923034852 746.30698106517456836 2000
0 5606.4791688547938975 3454.6898707112491138 2000
# Layered model 59746: value=1.0948
7
0.78171948747534747426 322.44521553649320822 120.81089504435318815 2000
1.4607919301097629372 349.16196384138328312 230.67227440403681271 2000
2.2951068635787428285 413.51406104422710541 259.92729255593883408 2000
11.039155191802494826 514.70751001176006412 295.82150505913193683 2000
93.339638325695347021 963.40091248712724337 630.16481345087822774 2000
169.54887209250333058 1537.8416577968605452 792.21989893488171219 2000
0 5776.3610941502638525 3524.1291371125453225 2000
# Layered model 58388: value=1.09484
7
0.75872923298661987257 345.70491469443891219 120.81089504435318815 2000
3.1175068586012057992 381.87329763487036871 226.12711930598649701 2000
2.5517664713267578236 540.96276588430623633 336.67246711546039251 2000
12.768687521787056127 579.98530547815289538 350.34271933694122936 2000
64.892003820953974014 944.41810850615354411 559.23927548634185314 2000
208.58111806790847709 1507.5401017516526281 849.36696029072936653 2000
0 5441.5934458520314365 3420.4850205061870838 2000
# Layered model 43749: value=1.0955
7
0.81346043336199147511 239.22949513733300364 130.82088781170807579 2000
3.8694550829175131668 409.41986242002684548 247.31190013949688478 2000
2.4175983369158737801 579.98530547815289538 254.80569802562376935 2000
18.517543482098737684 640.66460084454411117 379.37096290198320503 2000
64.536404113464570287 1187.2875198725116661 581.94663262058213604 2000
191.09547528131798799 1522.6155027691690975 784.37613755928884984 2000
0 5662.5439605433421093 3667.2229118371546974 2000
# Layered model 39061: value=1.09627
7
0.99257631868005891107 266.90077531344684303 141.66027560312687683 2000
3.0011136027189695419 452.25423861197299402 244.86326746484840555 2000
6.7904987655381887635 535.60669889535267885 273.1861967715746573 2000
14.080445371744772842 653.5419593215194709 390.86628244887617711 2000
11.228187584039080349 1002.5188527717638181 526.82869483892307017 2000
236.88559605276466868 1311.5040636757717039 731.60178518299630923 2000
0 5606.4791688547938975 3222.2516158262415047 2000
# Layered model 38269: value=1.09643
7
0.70067371707001668835 225.36500602639395652 129.52563149674065812 2000
3.4967345273034409203 417.64920165466935487 210.91284683560803614 2000
15.590107739720115987 540.96276588430623633 340.03919178661499245 2000
7.953169186594283957 916.6429116405337254 467.53371708225427028 2000
20.906985331757784508 1140.9599698472347882 710.08548490489306459 2000
211.0819273919919965 1272.9329231707740746 753.77005087582631404 2000
0 5951.3906116641110202 3667.2229118371546974 2000
# Layered model 45649: value=1.09666
7
0.95384633265064855401 232.1937910739997335 137.49406785310981149 2000
2.3518902235869560968 480.0769874813221918 232.97899714807718397 2000
3.186546032306125209 499.57003828178363847 265.15183113631320566 2000
11.955359261982710706 514.70751001176006412 314.0204886013842156 2000
97.16932400490946975 1152.3695695457072361 662.30955215626477184 2000
162.84831803572910758 1463.2035703659926185 816.22495409250768716 2000
0 5334.3725574473392044 3420.4850205061870838 2000
# Layered model 57032: value=1.09693
7
0.68006700669999997633 259.05126299348131624 145.95272361417724483 2000
2.5284483264284784987 332.21562801246449226 208.82460082733467743 2000
12.531301775148357081 530.30366227262641132 336.67246711546039251 2000
3.4568729764248047331 557.35447865336664108 360.95845407556987539 2000
45.081037510822284275 944.41810850615354411 605.57599951097461144 2000
192.88029012174104082 1298.518874926506669 753.77005087582631404 2000
0 5229.2643441303198415 3319.889062037392705 2000
# Layered model 54733: value=1.09893
7
0.80540636966533807328 319.25268864999327434 125.71630183484305121 2000
2.9195803249254557166 370.6424604410461825 228.38839049904632361 2000
2.6393722785919622176 540.96276588430623633 343.43958370448115147 2000
15.05278051506279624 568.55730367429941907 346.87397954152595503 2000
90.799548504327390219 953.86228959121501703 623.92555787215667351 2000
171.84574810480449969 1553.2200743748294371 792.21989893488171219 2000
0 5229.2643441303198415 3319.889062037392705 2000
# Layered model 45572: value=1.0998
7
0.76631652531648608573 309.86351430309520083 122.0190039947966909 2000
11.166019043889743756 447.77647387324060446 265.15183113631320566 2000
1.3580116517613092242 591.64301011826387366 298.77972010972325734 2000
0.95211709852945070054 603.53503462164098892 310.91137485285565845 2000
66.565117717070037884 1022.6694817124763404 576.18478477285361805 2000
173.80431669339824907 1392.1879911869286843 731.60178518299630923 2000
0 5177.4894496339802572 3287.0188733043487446 2000
# Layered model 45153: value=1.10035
7
0.898566392838242467 261.64177562341615157 138.86900853164090108 2000
0.79864601061096573975 374.34888504545665455 213.02197530396412617 2000
7.5917428584943067449 409.41986242002684548 257.35375500588003206 2000
11.916133340279804642 889.68457920601224487 390.86628244887617711 2000
12.459337789267067365 1175.5321978935758125 506.27202064974062523 2000
223.49359132577455966 1199.160395071236735 703.05493554939903333 2000
0 5550.9694741136572702 3630.9137740961928102 2000
# Layered model 53935: value=1.10066
7
0.83810909795329313621 261.64177562341615157 144.50764714274973244 2000
5.288122555915788503 413.51406104422710541 230.67227440403681271 2000
12.14720737204191181 621.82274970571131689 379.37096290198320503 2000
15.24033102023314612 758.74192580396641006 431.75954367025371994 2000
18.643117297181227343 1324.6191043125295437 581.94663262058213604 2000
220.82153035216038006 1434.3726795078839586 738.91780303482630643 2000
0 5496.0093803105519328 3524.1291371125453225 2000
# Layered model 53595: value=1.10155
7
0.78171948747534747426 223.13366933306332385 128.24319950172341009 2000
5.721398860356371685 401.35267367907738389 257.35375500588003206 2000
3.0673015475039466793 640.66460084454411117 317.16069348739807765 2000
13.391652491019426563 666.67815270388200588 346.87397954152595503 2000
116.71581888672128002 1053.6573896778461403 636.4664615853870373 2000
97.803223615626961873 1616.287037806945591 753.77005087582631404 2000
0 5776.3610941502638525 3319.889062037392705 2000
# Layered model 53392: value=1.10203
7
0.75121706236299001791 202 130.82088781170807579 2000
5.2543036256764974468 421.82569367121607229 242.43887867806770942 2000
18.624314282436635892 591.64301011826387366 336.67246711546039251 2000
6.0131396431321739726 781.73256489775235423 431.75954367025371994 2000
23.631691504974323692 1187.2875198725116661 668.93264767782739 2000
200.33723261138266025 1223.2635190121686719 746.30698106517456836 2000
0 5951.3906116641110202 3703.8951409555261307 2000
# Layered model 33908: value=1.1043
7
0.90755205676662487058 349.16196384138328312 128.24319950172341009 2000
6.064671022879493556 409.41986242002684548 254.80569802562376935 2000
9.2445262268286132468 634.3213869747961553 350.34271933694122936 2000
1.5110719139397836841 880.87582099605185704 394.77494527336500596 2000
22.141108134655564044 1107.4045059135482916 491.38263541405922297 2000
192.93286937907691936 1235.4961542022904268 682.37819389615174259 2000
0 5387.7162830218130694 3559.3704284836708212 2000
# Layered model 57529: value=1.10476
7
0.70067371707001668835 246.47838806948934121 124.4715859750921112 2000
1.3294426150198521697 345.70491469443891219 219.47675417764958183 2000
15.530299397915815263 470.61757423911592468 307.83304440876798935 2000
1.0717025390260239703 568.55730367429941907 353.8461465303106479 2000
55.992327991101035423 944.41810850615354411 623.92555787215667351 2000
248.66510348580328582 1600.2841958484607403 883.85466484004371068 2000
0 5281.5569875716228125 3386.6188321843433187 2000
# Layered model 56992: value=1.10556
7
0.68006700669999997633 200 118.4304431372935511 2000
3.9564830094183216502 540.96276588430623633 235.30878711955796234 2000
8.3919248598424047714 546.37239354314931461 304.78519248392871077 2000
38.380904153960187841 721.91690815113975077 462.90467037846951825 2000
2.865287088661709447 1260.3296269017564555 731.60178518299630923 2000
216.00099496605673721 1298.518874926506669 784.37613755928884984 2000
0 5834.1247050917663728 3667.2229118371546974 2000
# Layered model 59611: value=1.10573
7
0.88086108502915638763 234.51572898473969531 125.71630183484305121 2000
5.0063271200874863709 430.30439011400761729 249.78501914089181923 2000
7.9428004073145332953 499.57003828178363847 289.99265273907644769 2000
35.573414157389890988 925.80934075693903651 491.38263541405922297 2000
173.55930889963403274 1298.518874926506669 724.35820315148146165 2000
34.195306047809850725 1933.3176602578553229 832.63107566976702856 2000
0 5550.9694741136572702 3594.9641327685076249 2000
# Layered model 58919: value=1.10803
7
0.9166275773342911215 251.43260366968610242 134.7848915332906472 2000
3.0770623440647373315 461.34454880807362542 232.97899714807718397 2000
5.3881548931639233757 499.57003828178363847 278.67723932668332054 2000
8.5232546180557111626 557.35447865336664108 340.03919178661499245 2000
27.020208089237563343 1012.5440412994812505 542.79213112123727569 2000
220.02485529025960886 1463.2035703659926185 717.18633975394197932 2000
0 5606.4791688547938975 3386.6188321843433187 2000
# Layered model 37864: value=1.10867
7
1.0432076864240023006 312.96214944612614772 147.41225085031902609 2000
4.2336187313131219412 393.44444042650462734 242.43887867806770942 2000
17.695865343683145454 693.74795908305191006 360.95845407556987539 2000
14.047360137493836163 953.86228959121501703 516.44808826480050357 2000
2.8488774561559750964 1085.5842622424745514 611.63175950608433595 2000
225.08123345704575513 1351.2439483092114187 710.08548490489306459 2000
0 5387.7162830218130694 3420.4850205061870838 2000
# Layered model 40477: value=1.10904
7
0.92579385310763406824 274.98813570621962299 144.50764714274973244 2000
2.4130000686923467335 370.6424604410461825 237.66187499075354594 2000
1.1988243593638725493 568.55730367429941907 278.67723932668332054 2000
19.356806321987527042 585.78515853293447435 323.53562342649479433 2000
98.835314403741648448 1118.4785509726837063 642.83112620124086334 2000
144.86992543334397965 1337.86529535565478 761.30775138458454876 2000
0 5496.0093803105519328 3190.3481344814276781 2000
