# 60103 2_reports/tar1_ln9_tr2.report
# Layered model 52061: value=0.96242
9
0.77397969056965099099 322.44521553649320822 128.24319950172341009 2000
3.7712119731087350161 366.97273310994671647 226.12711930598649701 2000
1.1028537763819787898 525.05313096299641984 336.67246711546039251 2000
24.093723823104770787 585.78515853293447435 386.9963192563130292 2000
2.6090828073457039693 1022.6694817124763404 636.4664615853870373 2000
158.4405747666352795 1118.4785509726837063 717.18633975394197932 2000
89.073658646618355306 1785.3864229768882979 800.14209792423037015 2000
40.009159446174123786 5550.9694741136572702 1939.8555300386694853 2000
0 5606.4791688547938975 3386.6188321843433187 2000
# Layered model 41163: value=1.00634
9
0.80540636966533807328 378.09237389591123701 124.4715859750921112 2000
5.0817818354513049073 438.95350835529916367 262.52656548149820992 2000
6.1443897573654124855 480.0769874813221918 317.16069348739807765 2000
14.101402325251472192 574.24287671104241326 379.37096290198320503 2000
16.188691605561100317 1107.4045059135482916 717.18633975394197932 2000
128.68920907990255387 1152.3695695457072361 731.60178518299630923 2000
120.21784924020090557 1821.2726900787238264 883.85466484004371068 2000
95.214208102827171842 5177.4894496339802572 1512.6381262911336307 2000
0 5606.4791688547938975 3319.889062037392705 2000
# Layered model 49648: value=1.01038
9
0.78953668235010099341 264.25819337965032219 132.12909668982516109 2000
4.3833154083636758358 356.18011931459511743 232.97899714807718397 2000
5.7191784830928131811 480.0769874813221918 314.0204886013842156 2000
10.739280309321419082 579.98530547815289538 336.67246711546039251 2000
109.95158106102869056 973.03492161199847033 636.4664615853870373 2000
72.971341646885775845 1568.7522751185776997 792.21989893488171219 2000
36.507410813197395782 1803.2402872066572854 1046.7529962597045596 2000
122.98508433419544872 4926.2035592726824689 1410.8648906301123134 2000
0 5550.9694741136572702 3524.1291371125453225 2000
# Layered model 55134: value=1.03433
9
0.81346043336199147511 306.79555871593584015 134.7848915332906472 2000
2.2698597367462118868 374.34888504545665455 242.43887867806770942 2000
3.218025347894524657 494.62380027899376955 254.80569802562376935 2000
21.164679403470394448 591.64301011826387366 390.86628244887617711 2000
3.3147007884596781935 953.86228959121501703 587.76609894678790624 2000
167.75759813042307655 1378.4039516702264336 675.62197415460570937 2000
52.311389983890194344 1553.2200743748294371 792.21989893488171219 2000
30.211821666199398351 5229.2643441303198415 1882.8046658584914894 2000
0 5834.1247050917663728 3386.6188321843433187 2000
# Layered model 32940: value=1.04839
9
1.0964217627731958071 378.09237389591123701 141.66027560312687683 2000
2.0803260918094563792 421.82569367121607229 247.31190013949688478 2000
12.563069253694182592 489.7265349296968111 314.0204886013842156 2000
6.7698117382628097971 585.78515853293447435 326.77097966075973545 2000
16.964558633727758519 1118.4785509726837063 689.20197583511321682 2000
131.53669349292977131 1152.3695695457072361 703.05493554939903333 2000
87.439830029637391817 1600.2841958484607403 800.14209792423037015 2000
143.68336024521209993 4926.2035592726824689 1704.4785022367732381 2000
0 5776.3610941502638525 3489.2367694183617459 2000
# Layered model 52078: value=1.06156
9
0.9166275773342911215 385.69203061121908149 137.49406785310981149 2000
4.2050081560456860075 447.77647387324060446 252.28286933230072009 2000
3.8048676941279708785 456.77678099809264722 289.99265273907644769 2000
10.27018665719369217 519.85458511187766817 343.43958370448115147 2000
17.621597273038123177 992.59292353639978046 630.16481345087822774 2000
146.52852372858893659 1298.518874926506669 717.18633975394197932 2000
91.003826580335811514 1681.9147728529294454 738.91780303482630643 2000
15.227343410676951407 3375.2049549243033653 1527.7645075540449398 2000
0 5550.9694741136572702 3420.4850205061870838 2000
# Layered model 38494: value=1.06358
9
0.79743204917360199779 227.61865608665786453 144.50764714274973244 2000
2.4755744421507586139 438.95350835529916367 202.68310020793407489 2000
10.420051540785713939 465.95799429615436793 295.82150505913193683 2000
11.671355171151423846 758.74192580396641006 481.70045624356362168 2000
108.86329486897275842 1064.193963574624604 668.93264767782739 2000
26.87227752519038404 1324.6191043125295437 768.9208288984302726 2000
23.168481339753299153 1448.7164063029629233 792.21989893488171219 2000
277.97427822671255626 3308.700083250958869 1329.0985478055445128 2000
0 5776.3610941502638525 3778.3434332887322853 2000
# Layered model 51130: value=1.07098
9
0.80540636966533807328 225.36500602639395652 141.66027560312687683 2000
3.3920018747081197574 430.30439011400761729 223.88823693662030223 2000
16.393560236613410552 585.78515853293447435 343.43958370448115147 2000
5.2832694276601905869 898.58142499807229342 532.096981787312302 2000
93.246037629174423955 1053.6573896778461403 668.93264767782739 2000
75.506058978751255495 1448.7164063029629233 753.77005087582631404 2000
127.07136443255734548 2406.4311536594955214 1089.255365387363554 2000
168.98228951146262489 4328.4708239356277772 2274.6331687604865692 2000
0 5834.1247050917663728 3386.6188321843433187 2000
# Layered model 54803: value=1.07337
9
0.67333366999999999525 397.37888483076966395 118.4304431372935511 2000
4.763385865020976162 409.41986242002684548 252.28286933230072009 2000
6.1253904000368910587 470.61757423911592468 273.1861967715746573 2000
11.629583175160776776 574.24287671104241326 368.21371900248880138 2000
9.8094110869094635063 1298.518874926506669 559.23927548634185314 2000
199.80069453701887028 1337.86529535565478 738.91780303482630643 2000
64.280628956540397212 1378.4039516702264336 800.14209792423037015 2000
16.489030921153187137 4549.2663375209731385 2142.8073385819939176 2000
0 5550.9694741136572702 3667.2229118371546974 2000
# Layered model 59823: value=1.0989
9
0.83810909795329313621 225.36500602639395652 126.97346485319150133 2000
5.288122555915788503 421.82569367121607229 230.67227440403681271 2000
14.260865852058511649 579.98530547815289538 357.3846079956137487 2000
12.466318871039504756 1022.6694817124763404 486.51746080599923516 2000
73.916911824838308576 1107.4045059135482916 617.74807710114521342 2000
130.7107866868979329 1187.2875198725116661 738.91780303482630643 2000
42.383970595061128961 3582.8480720604884482 1252.0709541434987386 2000
43.20790189547352611 3691.4119514919934772 1264.591663684933792 2000
0 5951.3906116641110202 3489.2367694183617459 2000
# Layered model 58688: value=1.10679
9
1.074817922530336034 413.51406104422710541 143.07687835915814389 2000
4.3619016124906400123 443.343043438852078 254.80569802562376935 2000
2.7251380399636202512 456.77678099809264722 262.52656548149820992 2000
7.7280090447883740268 568.55730367429941907 323.53562342649479433 2000
41.153352936679326035 1012.5440412994812505 526.82869483892307017 2000
135.65612154906526143 1107.4045059135482916 717.18633975394197932 2000
104.38308658516982064 1895.2236645994071296 1089.255365387363554 2000
25.990559688550604278 2711.6268572328722257 1396.8959313169427787 2000
0 5387.7162830218130694 3524.1291371125453225 2000
# Layered model 59792: value=1.12038
9
0.75121706236299001791 349.16196384138328312 125.71630183484305121 2000
3.4881652644542020525 438.95350835529916367 217.30371700757382314 2000
3.1494408618784701659 551.83611747858083163 275.91805873929041582 2000
11.999833796852994894 603.53503462164098892 314.0204886013842156 2000
113.51006387804960696 944.41810850615354411 617.74807710114521342 2000
36.418983070260310342 1324.6191043125295437 875.10362855449875497 2000
121.91102627953949877 2382.6051026331638241 1133.4835011361055876 2000
161.90600673777385055 5229.2643441303198415 1482.8331793854854368 2000
0 5606.4791688547938975 3630.9137740961928102 2000
# Layered model 55758: value=1.12725
9
0.75121706236299001791 218.73705453687213662 136.13274044862356504 2000
1.8009701132855537864 430.30439011400761729 230.67227440403681271 2000
10.347292899560095236 452.25423861197299402 295.82150505913193683 2000
17.139706880588146731 736.42743800497760276 368.21371900248880138 2000
47.615311066526835759 1118.4785509726837063 703.05493554939903333 2000
116.97183649424911778 1272.9329231707740746 717.18633975394197932 2000
39.345722585419650841 1337.86529535565478 840.95738642646472272 2000
237.56176723969230125 3148.1145997948806325 1845.7059757459967386 2000
0 5892.4659521426838182 3778.3434332887322853 2000
# Layered model 46724: value=1.12777
9
0.68006700669999997633 216.57134112561604411 123.2391940347446706 2000
5.1488322062867748485 405.36620041586814978 265.15183113631320566 2000
6.4445134665411707431 470.61757423911592468 289.99265273907644769 2000
10.236216167011699341 653.5419593215194709 406.73702089009316296 2000
65.868433548087040208 1002.5188527717638181 655.75203183788585193 2000
110.16026144572919065 1351.2439483092114187 800.14209792423037015 2000
40.13657160938657853 1933.3176602578553229 824.38720363343270492 2000
78.032277748216529289 5075.4724533222042737 1078.4706587993698577 2000
0 5951.3906116641110202 3489.2367694183617459 2000
# Layered model 46092: value=1.13308
9
0.92579385310763406824 216.57134112561604411 137.49406785310981149 2000
2.9504422384801918255 484.87775735613541883 240.0384937406610959 2000
21.248658561794869115 540.96276588430623633 336.67246711546039251 2000
66.430099130449605127 963.40091248712724337 630.16481345087822774 2000
40.027898160324397736 1096.4401048648992401 668.93264767782739 2000
53.597387253035293497 1732.8784723851460967 761.30775138458454876 2000
130.17870418593722093 1767.7093296800874214 1036.3891052076282904 2000
63.469502369468841607 4285.6146771639878352 1215.2477325980453315 2000
0 5719.1694001487758214 3667.2229118371546974 2000
# Layered model 54586: value=1.13867
9
1.0328788974495071162 280.51539723391459802 141.66027560312687683 2000
5.1546150729582649319 363.33933971281851427 235.30878711955796234 2000
12.827919956445700933 525.05313096299641984 336.67246711546039251 2000
4.8790106762979092991 562.92802343990035752 357.3846079956137487 2000
9.7700017883390053441 1118.4785509726837063 617.74807710114521342 2000
170.88980719955208087 1163.8932652411642721 662.30955215626477184 2000
83.791043847965511304 2200.2958380824743472 976.32541843021692785 2000
16.004090960945575262 5025.2202508140635473 3190.3481344814276781 2000
0 5496.0093803105519328 3524.1291371125453225 2000
# Layered model 46628: value=1.14651
9
0.77397969056965099099 303.75797892666912503 145.95272361417724483 2000
2.2788125570622335125 401.35267367907738389 204.70993121001342274 2000
2.1114406273319512586 413.51406104422710541 262.52656548149820992 2000
9.6565326081866516006 465.95799429615436793 289.99265273907644769 2000
36.308425128873203391 1043.2251382948970786 570.47998492361739409 2000
193.5478395389222328 1235.4961542022904268 753.77005087582631404 2000
55.376221816648296681 2878.446549863554992 1687.6024774621516826 2000
361.30923825457824705 4285.6146771639878352 2463.1017796363412344 2000
0 5892.4659521426838182 3703.8951409555261307 2000
# Layered model 51247: value=1.1508
9
0.76631652531648608573 306.79555871593584015 150.37523709241045822 2000
5.8018330059935507848 438.95350835529916367 228.38839049904632361 2000
0.96918900347840875042 509.61139605124753871 292.89257926646723718 2000
18.336899373858610574 621.82274970571131689 379.37096290198320503 2000
98.082798488314892893 1187.2875198725116661 675.62197415460570937 2000
55.777118182323121687 1247.851115744313347 776.61003718741471857 2000
102.92958175931704545 1648.7744072668654098 938.22953693039960399 2000
85.023459687217552982 4037.2428867578296376 1179.5074765510712496 2000
0 5606.4791688547938975 3630.9137740961928102 2000
# Layered model 50352: value=1.15525
9
0.66666700000000000959 239.22949513733300364 111.56683466653166192 2000
1.8602509956916275513 452.25423861197299402 235.30878711955796234 2000
0.70828287093321096179 494.62380027899376955 287.12143835552120663 2000
16.740951814242926332 509.61139605124753871 310.91137485285565845 2000
19.107201259991047237 935.06743416450854056 570.47998492361739409 2000
94.265534450606395467 1247.851115744313347 703.05493554939903333 2000
130.29668190252635895 1285.6622524024817267 746.30698106517456836 2000
384.68546609672739578 5719.1694001487758214 2831.2719802716710547 2000
0 5892.4659521426838182 3420.4850205061870838 2000
# Layered model 51349: value=1.15541
9
1.1409408829930562934 401.35267367907738389 137.49406785310981149 2000
8.7359295472984541675 430.30439011400761729 281.46401171995017876 2000
8.3965685956194811013 591.64301011826387366 326.77097966075973545 2000
18.380077705687131839 925.80934075693903651 516.44808826480050357 2000
93.626574302220376467 1085.5842622424745514 662.30955215626477184 2000
58.622311775237051279 1152.3695695457072361 696.09399559346434216 2000
29.327559146941553081 1681.9147728529294454 995.94955934066422287 2000
114.6324600138191272 5496.0093803105519328 1089.255365387363554 2000
0 5719.1694001487758214 3630.9137740961928102 2000
# Layered model 53774: value=1.15889
9
0.70768045424071690519 389.54895091733129675 130.82088781170807579 2000
4.3632460144523292911 430.30439011400761729 232.97899714807718397 2000
10.05472839811535124 551.83611747858083163 326.77097966075973545 2000
5.6616097172748478528 597.55944021944651467 343.43958370448115147 2000
94.829701271352661252 992.59292353639978046 655.75203183788585193 2000
95.135465567648751062 1260.3296269017564555 832.63107566976702856 2000
77.592846015923328196 1821.2726900787238264 1191.302551316581912 2000
54.603208778915643506 5441.5934458520314365 1383.0652785316265181 2000
0 5550.9694741136572702 3594.9641327685076249 2000
# Layered model 49735: value=1.16018
9
1.0964217627731958071 266.90077531344684303 151.87898946333456252 2000
5.1529471473386534441 363.33933971281851427 235.30878711955796234 2000
20.157147878297124066 562.92802343990035752 371.89585619251369053 2000
9.1690254381812437146 1012.5440412994812505 436.07713910695628101 2000
75.530089449224576015 1129.6633364824106138 682.37819389615174259 2000
85.46696618592368111 1392.1879911869286843 776.61003718741471857 2000
28.269950171487323587 1991.8991186813284457 910.63634503936191322 2000
161.60039028299945585 3691.4119514919934772 1396.8959313169427787 2000
0 5387.7162830218130694 3319.889062037392705 2000
# Layered model 47976: value=1.16147
9
0.81346043336199147511 234.51572898473969531 119.61474756866650182 2000
4.9005864375200536287 470.61757423911592468 244.86326746484840555 2000
3.8563730244536209568 475.32374998150709189 292.89257926646723718 2000
7.2969937119155421357 519.85458511187766817 343.43958370448115147 2000
113.41267742656729922 1107.4045059135482916 559.23927548634185314 2000
89.029734222293427592 1507.5401017516526281 892.69321148844414893 2000
71.918904957286144963 1584.4397978697634244 928.94013557465291342 2000
48.324226438011464779 3341.7870840834689261 1605.6958516253787366 2000
0 5496.0093803105519328 3489.2367694183617459 2000
# Layered model 58148: value=1.1624
9
0.85495509082215437324 300.75047418482091643 126.97346485319150133 2000
5.5200261343829426508 421.82569367121607229 249.78501914089181923 2000
0.94068529825595437188 519.85458511187766817 326.77097966075973545 2000
18.302390811833063822 621.82274970571131689 343.43958370448115147 2000
11.200230022445648359 1032.8961765296010071 682.37819389615174259 2000
150.21379463142415034 1311.5040636757717039 710.08548490489306459 2000
110.05034570152346873 1821.2726900787238264 938.22953693039960399 2000
151.56582671641353954 3618.6765527810935055 2185.8777660874920912 2000
0 5719.1694001487758214 3065.8618492940722717 2000
# Layered model 53924: value=1.16344
9
0.75872923298661987257 294.82450170063805217 125.71630183484305121 2000
5.9414401039027486817 438.95350835529916367 249.78501914089181923 2000
5.0943390078631605178 546.37239354314931461 310.91137485285565845 2000
38.102928452766754219 1064.193963574624604 462.90467037846951825 2000
29.317916635053045127 1140.9599698472347882 753.77005087582631404 2000
102.31614269250559346 1223.2635190121686719 808.1435189034727955 2000
50.124005956102649861 1537.8416577968605452 910.63634503936191322 2000
174.49990987934657483 2738.743125805201089 1215.2477325980453315 2000
0 5776.3610941502638525 3420.4850205061870838 2000
# Layered model 55125: value=1.16785
9
1.0641761609211248807 239.22949513733300364 143.07687835915814389 2000
2.850822291582579382 430.30439011400761729 230.67227440403681271 2000
2.4493605206790518558 456.77678099809264722 295.82150505913193683 2000
7.4592365775320255139 509.61139605124753871 330.03868945736735441 2000
40.451070567867844829 916.6429116405337254 453.78361962402658492 2000
224.19061777258241364 1337.86529535565478 816.22495409250768716 2000
40.047289325795475179 3341.7870840834689261 840.95738642646472272 2000
108.36084665605932287 3547.3743287727602365 2343.5568284070982372 2000
0 5719.1694001487758214 3740.9340923650820514 2000
# Layered model 56353: value=1.16889
9
0.73641511848151164354 370.6424604410461825 128.24319950172341009 2000
6.8890025815974480494 438.95350835529916367 262.52656548149820992 2000
4.0523133343294857056 504.56573866460144018 298.77972010972325734 2000
12.696971503266279768 562.92802343990035752 340.03919178661499245 2000
129.91658659334601111 1211.1519990219492229 662.30955215626477184 2000
76.20554129882776806 1420.1709698097861292 776.61003718741471857 2000
12.975430418433774094 2072.7782104152565807 816.22495409250768716 2000
37.58927464216318981 3918.5081706781124922 1179.5074765510712496 2000
0 5662.5439605433421093 3386.6188321843433187 2000
# Layered model 58999: value=1.17237
9
1.0125271026855280354 312.96214944612614772 148.88637335882222601 2000
1.8920999723280949034 438.95350835529916367 194.77447545866564838 2000
6.4772177395493280017 499.57003828178363847 292.89257926646723718 2000
14.276001327171089272 603.53503462164098892 371.89585619251369053 2000
118.82757074593115476 1163.8932652411642721 642.83112620124086334 2000
66.180356798557227194 1199.160395071236735 753.77005087582631404 2000
68.428370357108718736 1914.1759012454012918 976.32541843021692785 2000
83.348161638287990627 2821.7297812602246267 1574.0572998974403163 2000
0 5719.1694001487758214 3703.8951409555261307 2000
# Layered model 55677: value=1.17318
9
0.71475725878312412753 309.86351430309520083 117.25786449236984765 2000
2.1326371878531107384 393.44444042650462734 223.88823693662030223 2000
15.065985639542562424 499.57003828178363847 314.0204886013842156 2000
2.0627725946889690078 797.44538945219721882 481.70045624356362168 2000
64.112541224787847227 1140.9599698472347882 655.75203183788585193 2000
146.4081365241928836 1298.518874926506669 776.61003718741471857 2000
75.587491902294402735 1876.459073860799208 1203.2155768297477607 2000
165.44950200954178854 5126.2271778554259072 1845.7059757459967386 2000
0 5550.9694741136572702 3386.6188321843433187 2000
# Layered model 49588: value=1.17423
9
0.898566392838242467 239.22949513733300364 130.82088781170807579 2000
6.6513521220914206822 465.95799429615436793 257.35375500588003206 2000
4.1278125194787822494 480.0769874813221918 273.1861967715746573 2000
8.6999423153447636992 872.15427821391256202 357.3846079956137487 2000
23.662428132313479523 935.06743416450854056 559.23927548634185314 2000
98.927955926595217306 1129.6633364824106138 623.92555787215667351 2000
151.17296010687013563 1839.4854169795112284 995.94955934066422287 2000
42.050028673982353666 4243.1828486772155884 1179.5074765510712496 2000
0 5776.3610941502638525 3489.2367694183617459 2000
# Layered model 39770: value=1.17573
9
0.82981098807256747918 229.89484264752448439 126.97346485319150133 2000
6.5713443054571492041 434.60743401514764628 247.31190013949688478 2000
13.395722872267018744 504.56573866460144018 314.0204886013842156 2000
33.775213604348799379 1053.6573896778461403 668.93264767782739 2000
27.043566086787166114 1175.5321978935758125 753.77005087582631404 2000
120.91328629261431615 1507.5401017516526281 776.61003718741471857 2000
77.33614133421744441 2093.5059925194091193 875.10362855449875497 2000
73.475082815048494922 2684.7790665672000614 1424.9735395364134547 2000
0 5892.4659521426838182 3254.4741319845038561 2000
# Layered model 47272: value=1.18022
9
1.0432076864240023006 438.95350835529916367 134.7848915332906472 2000
4.614264462964161595 461.34454880807362542 257.35375500588003206 2000
1.5857620322564418558 484.87775735613541883 273.1861967715746573 2000
19.151075908966255668 579.98530547815289538 364.56803861632556618 2000
12.302079949843406581 1211.1519990219492229 611.63175950608433595 2000
189.5182935534551234 1351.2439483092114187 731.60178518299630923 2000
40.730162662991403977 1392.1879911869286843 910.63634503936191322 2000
84.395322041912152145 4077.6153156254085843 1100.1479190412371736 2000
0 5606.4791688547938975 3559.3704284836708212 2000
# Layered model 59074: value=1.18089
9
0.85495509082215437324 291.90544722835448965 129.52563149674065812 2000
3.9698574485161364223 370.6424604410461825 244.86326746484840555 2000
7.0876408888617632442 494.62380027899376955 289.99265273907644769 2000
42.659638341945480988 944.41810850615354411 548.22005243244962003 2000
78.326629093452737607 992.59292353639978046 605.57599951097461144 2000
41.549478817160149902 1392.1879911869286843 738.91780303482630643 2000
137.78841753026057404 2995.323022358680646 1100.1479190412371736 2000
114.63680266200083224 4640.7065909051452763 1791.4240360302442241 2000
0 5334.3725574473392044 3524.1291371125453225 2000
# Layered model 58315: value=1.18109
9
1.6162599993167121593 303.75797892666912503 156.48107472306307386 2000
2.2987384531869921034 430.30439011400761729 240.0384937406610959 2000
11.824818655773130516 540.96276588430623633 310.91137485285565845 2000
7.2222552780782578452 647.07124685298958866 340.03919178661499245 2000
29.716383830403525934 1107.4045059135482916 682.37819389615174259 2000
147.84525086200079613 1152.3695695457072361 717.18633975394197932 2000
42.948553769522845869 1477.8356060696526129 731.60178518299630923 2000
92.718785341232120345 4975.4655948654090025 1901.6327125170762429 2000
0 5951.3906116641110202 3222.2516158262415047 2000
# Layered model 47742: value=1.18194
9
1.0226523737123833779 378.09237389591123701 130.82088781170807579 2000
3.9980669022213257691 430.30439011400761729 247.31190013949688478 2000
6.541390659124157736 447.77647387324060446 295.82150505913193683 2000
4.1704312726381438381 494.62380027899376955 317.16069348739807765 2000
17.26856298943209822 982.76527082811844593 537.41795160518540797 2000
136.31659973673046693 1107.4045059135482916 630.16481345087822774 2000
60.044179314835048444 1732.8784723851460967 1005.9090549340709231 2000
96.941834004336726593 2849.9470790728269094 1342.3895332836000307 2000
0 5334.3725574473392044 3386.6188321843433187 2000
# Layered model 47060: value=1.18212
9
0.88966969587944799702 393.44444042650462734 140.25769861695729901 2000
2.3509307905803153993 438.95350835529916367 232.97899714807718397 2000
4.2967380483286827797 470.61757423911592468 292.89257926646723718 2000
18.080718800505668042 603.53503462164098892 317.16069348739807765 2000
21.59889237400990325 1107.4045059135482916 703.05493554939903333 2000
104.54652412227120806 1163.8932652411642721 746.30698106517456836 2000
160.47314337944376916 1803.2402872066572854 986.08867261451916875 2000
78.070750488368503284 4877.429266606616693 1302.9100556862508711 2000
0 5776.3610941502638525 3454.6898707112491138 2000
# Layered model 51435: value=1.18266
9
0.74377926966632679218 342.28209375687021065 130.82088781170807579 2000
0.83924138170364059874 475.32374998150709189 194.77447545866564838 2000
9.8646129476972284067 480.0769874813221918 301.76751731082049446 2000
14.685346688666331971 562.92802343990035752 368.21371900248880138 2000
84.972651388081260393 1235.4961542022904268 668.93264767782739 2000
65.087050001751222794 1477.8356060696526129 738.91780303482630643 2000
179.1617142755158909 1715.7212597872733113 976.32541843021692785 2000
67.292554416244627191 4159.5753834694787656 2463.1017796363412344 2000
0 5662.5439605433421093 3703.8951409555261307 2000
# Layered model 57444: value=1.18408
9
1.0432076864240023006 381.87329763487036871 144.50764714274973244 2000
3.1961746403931896587 452.25423861197299402 259.92729255593883408 2000
4.2538793947606565737 504.56573866460144018 292.89257926646723718 2000
9.7717302096364484498 530.30366227262641132 307.83304440876798935 2000
36.009674187368325704 907.56723924805316983 564.83166824120530691 2000
158.58528961873290086 1337.86529535565478 662.30955215626477184 2000
14.231017776242538275 1406.1098710987980667 800.14209792423037015 2000
68.307524983438014488 2711.6268572328722257 1605.6958516253787366 2000
0 5496.0093803105519328 3524.1291371125453225 2000
# Layered model 54236: value=1.18534
9
0.85495509082215437324 214.42707042140199292 138.86900853164090108 2000
1.7745659084357157109 426.04395060792825234 210.91284683560803614 2000
1.1264467712796828458 438.95350835529916367 235.30878711955796234 2000
11.666580222498435404 509.61139605124753871 301.76751731082049446 2000
95.683083682778800494 1002.5188527717638181 599.58019753561836751 2000
46.820047764852446903 1507.5401017516526281 875.10362855449875497 2000
45.621346153742564411 1785.3864229768882979 919.74270848975561421 2000
142.83094548569309268 2995.323022358680646 1122.2608922139659171 2000
0 5177.4894496339802572 3287.0188733043487446 2000
# Layered model 52181: value=1.18694
9
0.78171948747534747426 253.94692970638300267 119.61474756866650182 2000
4.2389997884583614507 397.37888483076966395 230.67227440403681271 2000
12.71530061137203127 540.96276588430623633 340.03919178661499245 2000
28.804220297348674507 925.80934075693903651 587.76609894678790624 2000
36.715892395202637033 1043.2251382948970786 655.75203183788585193 2000
119.27281156968996356 1260.3296269017564555 784.37613755928884984 2000
58.506273963315919673 3477.4770402634644597 1439.223274931777496 2000
286.40091335472311584 3547.3743287727602365 1809.3382763905467527 2000
0 5662.5439605433421093 3524.1291371125453225 2000
# Layered model 57239: value=1.18828
9
0.85495509082215437324 227.61865608665786453 134.7848915332906472 2000
0.9111709420288296446 426.04395060792825234 206.75703052211355271 2000
10.630020773472240947 465.95799429615436793 275.91805873929041582 2000
6.051495044203216267 673.34493423092078501 436.07713910695628101 2000
80.152964902770904132 1129.6633364824106138 581.94663262058213604 2000
67.380869507714891142 1337.86529535565478 668.93264767782739 2000
25.769029350367560482 1616.287037806945591 892.69321148844414893 2000
298.92948284921294544 2580.0199122500016529 1558.4725741558813752 2000
0 5892.4659521426838182 3778.3434332887322853 2000
# Layered model 59779: value=1.1891
9
0.72190483137095540211 297.77274671764445202 118.4304431372935511 2000
3.6896134178381450042 381.87329763487036871 235.30878711955796234 2000
0.75271462575473524481 401.35267367907738389 249.78501914089181923 2000
9.3645049773550432803 465.95799429615436793 287.12143835552120663 2000
53.703365225171729946 1022.6694817124763404 655.75203183788585193 2000
134.29684107205639521 1118.4785509726837063 689.20197583511321682 2000
244.20946085021265048 3512.2518106660995727 1882.8046658584914894 2000
176.2949776898947789 4877.429266606616693 2588.7447248169901286 2000
0 5834.1247050917663728 3630.9137740961928102 2000
# Layered model 43005: value=1.19563
9
0.83810909795329313621 229.89484264752448439 144.50764714274973244 2000
2.7060879287415260386 461.34454880807362542 217.30371700757382314 2000
15.096538123636983997 499.57003828178363847 287.12143835552120663 2000
102.33005111067130599 1064.193963574624604 696.09399559346434216 2000
20.103883924804009098 1096.4401048648992401 717.18633975394197932 2000
9.1861949939703322343 1648.7744072668654098 738.91780303482630643 2000
100.58884864446861229 2031.9362909668232078 883.85466484004371068 2000
82.012708145570172746 4201.1711373041734987 1100.1479190412371736 2000
0 5951.3906116641110202 3454.6898707112491138 2000
# Layered model 57368: value=1.19627
9
0.78953668235010099341 294.82450170063805217 119.61474756866650182 2000
8.4227986919858217618 484.87775735613541883 252.28286933230072009 2000
0.94685819427560069528 504.56573866460144018 304.78519248392871077 2000
5.7306730511614460966 525.05313096299641984 317.16069348739807765 2000
79.810910874665381698 1043.2251382948970786 605.57599951097461144 2000
146.55370780352791371 1211.1519990219492229 800.14209792423037015 2000
26.690360958934519431 2312.5330390178828566 866.43923619257304836 2000
26.453652240095266279 4733.9847933823384665 1756.1259053330497863 2000
0 5496.0093803105519328 3127.4856724648830095 2000
# Layered model 48728: value=1.1982
9
1.0641761609211248807 312.96214944612614772 154.93175715154760042 2000
2.0191440091870784812 430.30439011400761729 198.68944241538483197 2000
7.4883773957551582612 579.98530547815289538 307.83304440876798935 2000
14.046751997188112071 597.55944021944651467 340.03919178661499245 2000
123.65244661677463966 1223.2635190121686719 689.20197583511321682 2000
89.210218708877221161 1324.6191043125295437 710.08548490489306459 2000
20.969596114131235254 2965.6663587709708736 746.30698106517456836 2000
109.23648502298510721 3341.7870840834689261 1978.8466261924468199 2000
0 5281.5569875716228125 3454.6898707112491138 2000
# Layered model 58717: value=1.19875
9
0.86350464173037588811 381.87329763487036871 129.52563149674065812 2000
3.2511980779769644734 452.25423861197299402 242.43887867806770942 2000
3.8863340168720093004 461.34454880807362542 259.92729255593883408 2000
4.1452396613024884431 557.35447865336664108 301.76751731082049446 2000
29.756369041023734923 1012.5440412994812505 491.38263541405922297 2000
108.35821974087187414 1211.1519990219492229 675.62197415460570937 2000
76.83010833378060056 1492.6139621303491367 689.20197583511321682 2000
48.432539367968701072 2479.3484240465322728 1637.9703382430489 2000
0 5662.5439605433421093 3454.6898707112491138 2000
# Layered model 34736: value=1.20141
9
1.1296444386069863786 266.90077531344684303 140.25769861695729901 2000
2.78535401389671744 370.6424604410461825 240.0384937406610959 2000
11.060897455227383546 461.34454880807362542 301.76751731082049446 2000
18.873011838874496959 898.58142499807229342 576.18478477285361805 2000
21.516679160960549666 1002.5188527717638181 617.74807710114521342 2000
153.30018677865629684 1378.4039516702264336 689.20197583511321682 2000
32.395870718017448553 3408.9570044735464762 1252.0709541434987386 2000
115.81192557756122596 4975.4655948654090025 1574.0572998974403163 2000
0 5281.5569875716228125 3489.2367694183617459 2000
# Layered model 50319: value=1.20344
9
0.82159503769561137432 294.82450170063805217 138.86900853164090108 2000
2.1120783080681477806 456.77678099809264722 228.38839049904632361 2000
3.0024791751611616952 484.87775735613541883 265.15183113631320566 2000
9.0328206170570730649 514.70751001176006412 298.77972010972325734 2000
92.869058345841466462 1012.5440412994812505 599.58019753561836751 2000
26.844345791556392555 1584.4397978697634244 910.63634503936191322 2000
210.22109845946067708 1821.2726900787238264 1046.7529962597045596 2000
140.91829501822155635 4037.2428867578296376 2487.7327974327045013 2000
0 5951.3906116641110202 3630.9137740961928102 2000
# Layered model 58893: value=1.20474
9
1.4925889925382573864 338.89316213551506962 167.7688921462945757 2000
3.4292022788407336975 461.34454880807362542 230.67227440403681271 2000
0.72625416868137371296 519.85458511187766817 292.89257926646723718 2000
27.533905100676406619 621.82274970571131689 375.61481475443883937 2000
42.942447089224636159 1175.5321978935758125 768.9208288984302726 2000
112.77800517909415134 1199.160395071236735 792.21989893488171219 2000
64.455808153432968766 1584.4397978697634244 901.62014360332864271 2000
79.504211007327711513 4459.627818371702233 1005.9090549340709231 2000
0 5719.1694001487758214 3703.8951409555261307 2000
# Layered model 47862: value=1.2072
9
0.88086108502915638763 342.28209375687021065 128.24319950172341009 2000
2.457932836770824192 438.95350835529916367 247.31190013949688478 2000
14.574586164378816378 475.32374998150709189 289.99265273907644769 2000
3.7179307969492114694 568.55730367429941907 353.8461465303106479 2000
53.739379839606058908 1074.8359032103708159 689.20197583511321682 2000
131.22908520421884759 1272.9329231707740746 768.9208288984302726 2000
59.682250069978607598 1732.8784723851460967 808.1435189034727955 2000
120.16091231929374317 5387.7162830218130694 1290.0099561250008264 2000
0 5606.4791688547938975 3386.6188321843433187 2000
# Layered model 55567: value=1.20922
9
1.5378159316011590363 259.05126299348131624 171.14104687843510533 2000
1.4251941476202376613 393.44444042650462734 223.88823693662030223 2000
1.1448365560926379025 509.61139605124753871 226.12711930598649701 2000
22.286463455296825487 540.96276588430623633 350.34271933694122936 2000
83.611265826037453053 1129.6633364824106138 617.74807710114521342 2000
96.59420001030458991 1272.9329231707740746 724.35820315148146165 2000
41.766277364379845949 2529.1833273698675839 768.9208288984302726 2000
200.2822011157681743 4781.3246413161623423 2614.6321720651599207 2000
0 5496.0093803105519328 3630.9137740961928102 2000
# Layered model 56663: value=1.20982
9
0.69373635353467000275 359.7419205077410993 123.2391940347446706 2000
1.3363799785551990773 430.30439011400761729 230.67227440403681271 2000
6.2133598186445739842 484.87775735613541883 249.78501914089181923 2000
11.732676530133323567 621.82274970571131689 317.16069348739807765 2000
15.405497787440307178 1140.9599698472347882 630.16481345087822774 2000
159.24468404826467349 1351.2439483092114187 649.2594374632533345 2000
32.464638996985314634 1492.6139621303491367 938.22953693039960399 2000
83.375817191234574466 1522.6155027691690975 1005.9090549340709231 2000
0 5606.4791688547938975 3386.6188321843433187 2000
# Layered model 47894: value=1.21212
9
1.5378159316011590363 269.56978306658129441 154.93175715154760042 2000
11.003188672800289893 499.57003828178363847 287.12143835552120663 2000
1.5669667791395944789 509.61139605124753871 320.33230042227205558 2000
17.463516003834200774 781.73256489775235423 423.25217495368474374 2000
8.696131261245540145 973.03492161199847033 611.63175950608433595 2000
104.13011933412775534 1324.6191043125295437 703.05493554939903333 2000
132.69640606058260346 1648.7744072668654098 857.86062989363665565 2000
109.34879427289411069 5075.4724533222042737 2414.5689438646618328 2000
0 5662.5439605433421093 3524.1291371125453225 2000
# Layered model 51495: value=1.21213
9
1.0855661017556395009 253.94692970638300267 136.13274044862356504 2000
5.1019278686521323252 475.32374998150709189 247.31190013949688478 2000
13.797897173526738612 647.07124685298958866 326.77097966075973545 2000
45.290878669866103223 992.59292353639978046 630.16481345087822774 2000
67.622451049797660971 1211.1519990219492229 710.08548490489306459 2000
28.201264733826377551 1681.9147728529294454 816.22495409250768716 2000
133.04103191810739304 1821.2726900787238264 1046.7529962597045596 2000
216.46254610331453705 3341.7870840834689261 1901.6327125170762429 2000
0 5951.3906116641110202 3703.8951409555261307 2000
# Layered model 43533: value=1.21291
9
0.78171948747534747426 352.65358347979713471 128.24319950172341009 2000
3.7634721762030385328 465.95799429615436793 232.97899714807718397 2000
2.0120137507507811492 489.7265349296968111 254.80569802562376935 2000
11.890436436097274964 525.05313096299641984 287.12143835552120663 2000
58.437999755734580276 1260.3296269017564555 605.57599951097461144 2000
115.81369949925654339 1311.5040636757717039 784.37613755928884984 2000
119.53727610550143368 1584.4397978697634244 966.65883012892766146 2000
74.206321105206257016 3148.1145997948806325 1482.8331793854854368 2000
0 5441.5934458520314365 3594.9641327685076249 2000
# Layered model 40108: value=1.21304
9
1.0855661017556395009 345.70491469443891219 138.86900853164090108 2000
4.5158914718960074808 413.51406104422710541 254.80569802562376935 2000
11.958958156354036362 540.96276588430623633 330.03868945736735441 2000
5.8631943113151478997 838.12311872016766756 467.53371708225427028 2000
112.14637511163577699 1175.5321978935758125 630.16481345087822774 2000
77.289970584358911765 1665.2621513395340571 636.4664615853870373 2000
28.20168866692435472 3341.7870840834689261 1277.2375803217830708 2000
115.81192557756122596 3765.6093317169829788 1687.6024774621516826 2000
0 5606.4791688547938975 3353.0879526577659817 2000
# Layered model 58362: value=1.21338
9
0.99257631868005891107 374.34888504545665455 141.66027560312687683 2000
8.0382396545930738796 421.82569367121607229 265.15183113631320566 2000
13.941875788147136461 530.30366227262641132 340.03919178661499245 2000
11.90187173881521332 1032.8961765296010071 506.27202064974062523 2000
70.838632739175807274 1043.2251382948970786 623.92555787215667351 2000
50.648862612734504296 1175.5321978935758125 761.30775138458454876 2000
96.996152110342734431 1584.4397978697634244 1005.9090549340709231 2000
232.46355979057355512 4733.9847933823384665 1527.7645075540449398 2000
0 5606.4791688547938975 3667.2229118371546974 2000
# Layered model 56522: value=1.21497
9
0.77397969056965099099 234.51572898473969531 125.71630183484305121 2000
5.0549195224171237228 401.35267367907738389 265.15183113631320566 2000
10.227288219166423389 456.77678099809264722 281.46401171995017876 2000
2.3914544183732431293 700.68543867388245872 379.37096290198320503 2000
74.438589934591078645 1012.5440412994812505 611.63175950608433595 2000
130.83172095864227913 1698.7339205814587331 753.77005087582631404 2000
61.772420958228309473 2222.2987964632989133 892.69321148844414893 2000
57.458112515935511055 5606.4791688547938975 1978.8466261924468199 2000
0 5951.3906116641110202 3454.6898707112491138 2000
# Layered model 52455: value=1.21794
9
1.1523502918229868719 309.86351430309520083 130.82088781170807579 2000
8.4340428401758273935 438.95350835529916367 275.91805873929041582 2000
2.6870195475291307474 525.05313096299641984 301.76751731082049446 2000
12.83986771974086416 714.7692159912274974 410.80439109899407413 2000
23.052729999192223431 1012.5440412994812505 559.23927548634185314 2000
96.231727584287511945 1364.7563877923034852 662.30955215626477184 2000
161.68658434939436574 1477.8356060696526129 976.32541843021692785 2000
104.13264374798950485 4926.2035592726824689 2640.7784937858114063 2000
0 5662.5439605433421093 3703.8951409555261307 2000
# Layered model 46981: value=1.21843
9
1.1073859804009278385 253.94692970638300267 134.7848915332906472 2000
7.400051177678607317 465.95799429615436793 267.80334944767633942 2000
8.8791130696488647089 519.85458511187766817 307.83304440876798935 2000
61.474295585891034932 1140.9599698472347882 581.94663262058213604 2000
111.28649537726811047 1152.3695695457072361 746.30698106517456836 2000
10.376365887871884297 2266.9670022722111753 866.43923619257304836 2000
71.110587640710406276 2658.1970956110890256 883.85466484004371068 2000
96.052901306349838251 4877.429266606616693 2297.3795004480916759 2000
0 5951.3906116641110202 3035.5067814792796526 2000
# Layered model 47011: value=1.21959
9
0.88086108502915638763 393.44444042650462734 128.24319950172341009 2000
8.7055320469696582109 405.36620041586814978 254.80569802562376935 2000
1.7478975601469226575 574.24287671104241326 340.03919178661499245 2000
19.308683921462559852 1096.4401048648992401 440.43791049802592852 2000
119.11063052801607398 1175.5321978935758125 649.2594374632533345 2000
65.23495015306428968 1247.851115744313347 668.93264767782739 2000
21.323222378323663406 2430.4954651960906631 761.30775138458454876 2000
31.108629452212994693 4285.6146771639878352 1005.9090549340709231 2000
0 5496.0093803105519328 3524.1291371125453225 2000
# Layered model 43031: value=1.22057
9
2.1784742869749935679 417.64920165466935487 172.8524573472194561 2000
0.75519905878876558702 430.30439011400761729 221.671521719426039 2000
5.4754966756004463946 452.25423861197299402 287.12143835552120663 2000
9.6749804055806425396 494.62380027899376955 320.33230042227205558 2000
82.498328522093771653 1199.160395071236735 662.30955215626477184 2000
134.54733777244985049 1311.5040636757717039 784.37613755928884984 2000
13.236236569844294308 1648.7744072668654098 976.32541843021692785 2000
98.011917788770148263 2114.4410524446034287 1355.8134286164361129 2000
0 5334.3725574473392044 3222.2516158262415047 2000
# Layered model 48503: value=1.22104
9
0.90755205676662487058 241.62179008870637631 134.7848915332906472 2000
3.0074463957370793921 465.95799429615436793 237.66187499075354594 2000
11.060897455227383546 499.57003828178363847 310.91137485285565845 2000
14.765873355434047554 963.40091248712724337 542.79213112123727569 2000
108.55317259136592156 1285.6622524024817267 623.92555787215667351 2000
81.014883401580874533 1298.518874926506669 636.4664615853870373 2000
14.662231845880455694 2312.5330390178828566 1215.2477325980453315 2000
30.800623220012880665 3582.8480720604884482 1791.4240360302442241 2000
0 5606.4791688547938975 3559.3704284836708212 2000
# Layered model 53388: value=1.22296
9
0.95384633265064855401 363.33933971281851427 134.7848915332906472 2000
5.3580162665623189966 393.44444042650462734 254.80569802562376935 2000
3.25855729612269851 686.87916740896230294 350.34271933694122936 2000
14.562948953847230982 953.86228959121501703 402.70992167335958811 2000
124.13752733064320921 963.40091248712724337 636.4664615853870373 2000
14.440089273572795037 1085.5842622424745514 717.18633975394197932 2000
38.820723055917738975 2479.3484240465322728 832.63107566976702856 2000
155.34186147248445309 4549.2663375209731385 1252.0709541434987386 2000
0 5550.9694741136572702 3489.2367694183617459 2000
# Layered model 50757: value=1.22429
9
0.82159503769561137432 286.15375671831628779 130.82088781170807579 2000
2.7580439592661560866 461.34454880807362542 244.86326746484840555 2000
1.3830872902104633937 509.61139605124753871 270.48138294215311817 2000
14.815642703785954382 707.69229306062129581 320.33230042227205558 2000
129.9752361506662055 1163.8932652411642721 655.75203183788585193 2000
19.564098792234204893 1247.851115744313347 738.91780303482630643 2000
155.59697200476279022 1648.7744072668654098 976.32541843021692785 2000
24.927074852282544271 3654.8633183089041268 1959.2540853390562461 2000
0 5550.9694741136572702 3524.1291371125453225 2000
# Layered model 56905: value=1.22575
9
0.71475725878312412753 204.02000000000001023 133.45038765672342151 2000
5.17243094633351852 499.57003828178363847 213.02197530396412617 2000
17.315230473917829102 504.56573866460144018 330.03868945736735441 2000
23.337821505619942286 1074.8359032103708159 649.2594374632533345 2000
87.687467887579856551 1096.4401048648992401 668.93264767782739 2000
10.170029910514273297 1681.9147728529294454 816.22495409250768716 2000
132.69640606058260346 1857.8802711493058268 901.62014360332864271 2000
129.06126791719600533 4118.3914687816622973 1827.4316591544520634 2000
0 5892.4659521426838182 3703.8951409555261307 2000
# Layered model 58593: value=1.23098
9
0.80540636966533807328 370.6424604410461825 130.82088781170807579 2000
4.3674457210484387559 426.04395060792825234 252.28286933230072009 2000
3.4053422480798509753 456.77678099809264722 254.80569802562376935 2000
8.8003187681708983092 535.60669889535267885 346.87397954152595503 2000
98.238452748471388531 1129.6633364824106138 581.94663262058213604 2000
82.921357984919964679 1463.2035703659926185 668.93264767782739 2000
37.773453832656457507 1616.287037806945591 768.9208288984302726 2000
62.040705808953703126 2936.303325515812503 1901.6327125170762429 2000
0 5496.0093803105519328 3559.3704284836708212 2000
# Layered model 41690: value=1.23242
9
0.71475725878312412753 401.35267367907738389 130.82088781170807579 2000
2.2189160869806352494 447.77647387324060446 217.30371700757382314 2000
2.3343606099868501325 530.30366227262641132 249.78501914089181923 2000
27.260101070949488644 686.87916740896230294 350.34271933694122936 2000
8.5488627567579626998 1053.6573896778461403 576.18478477285361805 2000
142.26981330287063088 1260.3296269017564555 792.21989893488171219 2000
107.88191912706938069 1698.7339205814587331 1005.9090549340709231 2000
95.214208102827171842 3728.326071006913935 1329.0985478055445128 2000
0 5892.4659521426838182 3386.6188321843433187 2000
# Layered model 59640: value=1.23575
9
0.72912387968466496613 374.34888504545665455 119.61474756866650182 2000
6.312821430757915131 475.32374998150709189 257.35375500588003206 2000
1.0391017935025637087 499.57003828178363847 270.48138294215311817 2000
8.4540118189557542649 634.3213869747961553 298.77972010972325734 2000
50.352602166688953389 935.06743416450854056 593.64375993625583305 2000
118.29261810760213791 1260.3296269017564555 768.9208288984302726 2000
103.16499824181599365 2631.878312486226605 808.1435189034727955 2000
25.226181172832582433 4781.3246413161623423 1302.9100556862508711 2000
0 5441.5934458520314365 3594.9641327685076249 2000
# Layered model 50646: value=1.23886
9
1.0536397632882423814 378.09237389591123701 148.88637335882222601 2000
1.5758812359696277028 514.70751001176006412 223.88823693662030223 2000
2.2840693840809724868 530.30366227262641132 230.67227440403681271 2000
16.717720499789166411 546.37239354314931461 310.91137485285565845 2000
24.655278381947979938 925.80934075693903651 605.57599951097461144 2000
205.80439957647377014 1420.1709698097861292 784.37613755928884984 2000
27.774096642214686881 1477.8356060696526129 832.63107566976702856 2000
151.27706858798558187 4640.7065909051452763 1901.6327125170762429 2000
0 5496.0093803105519328 3287.0188733043487446 2000
# Layered model 51294: value=1.23983
9
0.90755205676662487058 370.6424604410461825 143.07687835915814389 2000
2.566810286822061471 434.60743401514764628 228.38839049904632361 2000
5.1896139385928767851 452.25423861197299402 284.27865183714970954 2000
16.449304117087244492 1022.6694817124763404 368.21371900248880138 2000
66.853285724609918361 1074.8359032103708159 682.37819389615174259 2000
41.38232226758647414 1337.86529535565478 696.09399559346434216 2000
96.012994857228420642 1914.1759012454012918 703.05493554939903333 2000
246.88727933640791434 2244.5217844279318342 1439.223274931777496 2000
0 5719.1694001487758214 3630.9137740961928102 2000
# Layered model 52474: value=1.24095
9
0.72912387968466496613 291.90544722835448965 140.25769861695729901 2000
0.93464673442101908751 456.77678099809264722 217.30371700757382314 2000
2.283789260580975089 509.61139605124753871 221.671521719426039 2000
20.917074183995332248 514.70751001176006412 330.03868945736735441 2000
99.092402338279967466 1022.6694817124763404 605.57599951097461144 2000
21.884678965614071444 1648.7744072668654098 883.85466484004371068 2000
125.79257935689381043 1839.4854169795112284 986.08867261451916875 2000
64.556751470044559937 3025.2762525822672615 1067.7927314845246656 2000
0 5229.2643441303198415 3454.6898707112491138 2000
# Layered model 39276: value=1.24292
9
0.72190483137095540211 241.62179008870637631 124.4715859750921112 2000
4.4509472593428212051 456.77678099809264722 237.66187499075354594 2000
12.740527995465020794 546.37239354314931461 357.3846079956137487 2000
9.8273050845090601513 1053.6573896778461403 436.07713910695628101 2000
122.01291997093652242 1140.9599698472347882 630.16481345087822774 2000
50.770101937135052594 1260.3296269017564555 776.61003718741471857 2000
33.448350023232961803 3477.4770402634644597 1078.4706587993698577 2000
247.03959710896015167 3582.8480720604884482 2164.2354119678138886 2000
0 5834.1247050917663728 3594.9641327685076249 2000
# Layered model 47334: value=1.24341
9
0.90755205676662487058 374.34888504545665455 136.13274044862356504 2000
3.6376396069117609144 401.35267367907738389 235.30878711955796234 2000
8.483283212282341168 525.05313096299641984 320.33230042227205558 2000
9.9335975103943656705 944.41810850615354411 436.07713910695628101 2000
147.47149934598772347 1260.3296269017564555 642.83112620124086334 2000
22.26576937317474858 1285.6622524024817267 784.37613755928884984 2000
45.975554344224889292 1537.8416577968605452 919.74270848975561421 2000
140.15359030285560493 2995.323022358680646 1670.8935420417344631 2000
0 5719.1694001487758214 3096.5204677870128762 2000
# Layered model 55051: value=1.2455
9
0.68686767676700000163 229.89484264752448439 112.68250301319697826 2000
2.7874946668216864509 438.95350835529916367 221.671521719426039 2000
11.651292523219712649 530.30366227262641132 304.78519248392871077 2000
7.8364175195466945212 653.5419593215194709 394.77494527336500596 2000
66.299770632217857269 1012.5440412994812505 662.30955215626477184 2000
99.640559790482612357 1298.518874926506669 738.91780303482630643 2000
27.166866454307921686 1537.8416577968605452 776.61003718741471857 2000
137.27089903544947447 5662.5439605433421093 1026.1278269382457893 2000
0 5951.3906116641110202 3703.8951409555261307 2000
# Layered model 51345: value=1.24975
9
1.0536397632882423814 269.56978306658129441 150.37523709241045822 2000
4.8924203238795662685 413.51406104422710541 232.97899714807718397 2000
1.1544537660275695501 430.30439011400761729 284.27865183714970954 2000
23.239064972159376055 935.06743416450854056 390.86628244887617711 2000
14.585728696501472967 973.03492161199847033 611.63175950608433595 2000
167.93464821545927634 1043.2251382948970786 689.20197583511321682 2000
21.112101364676874482 2878.446549863554992 1589.797872896414674 2000
119.36811119682056415 4159.5753834694787656 1654.3500416254794345 2000
0 5229.2643441303198415 3420.4850205061870838 2000
# Layered model 45167: value=1.25147
9
0.70768045424071690519 214.42707042140199292 134.7848915332906472 2000
2.0836090728999896449 465.95799429615436793 235.30878711955796234 2000
10.108190548067932824 470.61757423911592468 295.82150505913193683 2000
30.509442215425064404 751.22962950887767875 436.07713910695628101 2000
48.557643833245030862 1187.2875198725116661 703.05493554939903333 2000
170.36032774950325575 1434.3726795078839586 753.77005087582631404 2000
14.767250169949136307 1785.3864229768882979 849.36696029072936653 2000
21.258339438634891394 5334.3725574473392044 1342.3895332836000307 2000
0 5606.4791688547938975 3386.6188321843433187 2000
# Layered model 53482: value=1.25324
9
1.434348684220674075 426.04395060792825234 156.48107472306307386 2000
5.4004940563401717668 470.61757423911592468 262.52656548149820992 2000
1.0869758105078179966 499.57003828178363847 270.48138294215311817 2000
18.472491539542197359 535.60669889535267885 326.77097966075973545 2000
53.613196876287190662 1199.160395071236735 662.30955215626477184 2000
107.02457502226586428 1324.6191043125295437 768.9208288984302726 2000
79.249944007767595622 1337.86529535565478 776.61003718741471857 2000
66.580395972884730327 3443.0465745182823412 1998.6350924543714882 2000
0 5177.4894496339802572 3254.4741319845038561 2000
# Layered model 35637: value=1.25508
9
0.92579385310763406824 359.7419205077410993 137.49406785310981149 2000
4.0452153309851475171 484.87775735613541883 265.15183113631320566 2000
12.243396981974939308 504.56573866460144018 298.77972010972325734 2000
6.2092038752531095724 546.37239354314931461 336.67246711546039251 2000
96.887868251878870751 1118.4785509726837063 696.09399559346434216 2000
84.24275529784277694 1211.1519990219492229 784.37613755928884984 2000
59.091336702949092796 2359.0149531021424991 857.86062989363665565 2000
53.061602903967411748 3582.8480720604884482 2164.2354119678138886 2000
0 5496.0093803105519328 3254.4741319845038561 2000
# Layered model 58835: value=1.25564
9
1.1184598402049370502 259.05126299348131624 156.48107472306307386 2000
1.7007425822071764454 374.34888504545665455 240.0384937406610959 2000
5.0241822816162660104 540.96276588430623633 301.76751731082049446 2000
18.030853204618676244 707.69229306062129581 353.8461465303106479 2000
9.1570991886876704768 1107.4045059135482916 576.18478477285361805 2000
175.72109432574993093 1118.4785509726837063 724.35820315148146165 2000
74.737942278903460647 2454.8004198480516607 1122.2608922139659171 2000
34.3838712279504648 5334.3725574473392044 2563.1135889277129536 2000
0 5441.5934458520314365 3319.889062037392705 2000
# Layered model 52801: value=1.26279
9
1.4201472120996772031 241.62179008870637631 151.87898946333456252 2000
6.5148930245274661033 475.32374998150709189 270.48138294215311817 2000
24.285928538308262148 609.57038496785742154 364.56803861632556618 2000
39.170726176189013756 1002.5188527717638181 649.2594374632533345 2000
46.549171918005754378 1012.5440412994812505 662.30955215626477184 2000
22.210154999962966826 1648.7744072668654098 776.61003718741471857 2000
55.453668905075403472 1785.3864229768882979 1144.8183361474666526 2000
231.26872909885128138 3025.2762525822672615 1203.2155768297477607 2000
0 5951.3906116641110202 3594.9641327685076249 2000
# Layered model 19379: value=1.26383
9
0.75121706236299001791 220.92442508224090147 137.49406785310981149 2000
5.4981518477488595664 480.0769874813221918 240.0384937406610959 2000
15.60835905284577585 557.35447865336664108 336.67246711546039251 2000
36.071647111498862159 1064.193963574624604 642.83112620124086334 2000
55.409479798042184484 1129.6633364824106138 746.30698106517456836 2000
32.502860490077353006 1767.7093296800874214 849.36696029072936653 2000
97.63054548570625002 1785.3864229768882979 928.94013557465291342 2000
142.97067746794297705 3275.9406764860978001 1015.9681454834116039 2000
0 5719.1694001487758214 3703.8951409555261307 2000
# Layered model 55767: value=1.2661
9
0.96338479597715509506 294.82450170063805217 138.86900853164090108 2000
2.688204944823544551 438.95350835529916367 237.66187499075354594 2000
2.1675971241389344613 456.77678099809264722 281.46401171995017876 2000
13.959182126018550463 673.34493423092078501 364.56803861632556618 2000
39.581034022796501404 973.03492161199847033 570.47998492361739409 2000
92.404070817820539219 1140.9599698472347882 703.05493554939903333 2000
104.12831924053818966 1839.4854169795112284 840.95738642646472272 2000
119.1859155938252286 2382.6051026331638241 1543.0421526295856438 2000
0 5951.3906116641110202 3740.9340923650820514 2000
# Layered model 43981: value=1.2661
9
1.175512532688628875 261.64177562341615157 145.95272361417724483 2000
3.1062636173967348441 426.04395060792825234 249.78501914089181923 2000
11.458040958191471503 489.7265349296968111 307.83304440876798935 2000
3.0786223434451898129 579.98530547815289538 323.53562342649479433 2000
47.406967567673873987 992.59292353639978046 593.64375993625583305 2000
58.15150875845044709 1392.1879911869286843 753.77005087582631404 2000
13.703212854806864129 1448.7164063029629233 761.30775138458454876 2000
172.38666207213941561 3918.5081706781124922 800.14209792423037015 2000
0 5662.5439605433421093 3254.4741319845038561 2000
# Layered model 18729: value=1.26634
9
1.5531940909171706444 370.6424604410461825 161.22260776824660411 2000
1.2380954362235359056 438.95350835529916367 273.1861967715746573 2000
3.8314879414327527307 480.0769874813221918 278.67723932668332054 2000
15.008533414554548813 519.85458511187766817 301.76751731082049446 2000
99.88328219300369426 1272.9329231707740746 675.62197415460570937 2000
85.085182850821198031 1492.6139621303491367 761.30775138458454876 2000
46.758435035535626412 1522.6155027691690975 792.21989893488171219 2000
99.981957336324427388 2878.446549863554992 1738.7385201317322299 2000
0 5334.3725574473392044 3190.3481344814276781 2000
# Layered model 56497: value=1.26648
9
0.90755205676662487058 241.62179008870637631 123.2391940347446706 2000
1.7219689424912452136 430.30439011400761729 262.52656548149820992 2000
5.8637407223199780049 447.77647387324060446 281.46401171995017876 2000
17.380976187069208549 603.53503462164098892 357.3846079956137487 2000
20.412351356428931837 1118.4785509726837063 675.62197415460570937 2000
162.37918442114641948 1285.6622524024817267 738.91780303482630643 2000
30.009121763520028026 2093.5059925194091193 761.30775138458454876 2000
129.01230057607722301 5334.3725574473392044 1203.2155768297477607 2000
0 5951.3906116641110202 3524.1291371125453225 2000
# Layered model 33933: value=1.26706
9
0.88966969587944799702 223.13366933306332385 130.82088781170807579 2000
4.1812567728135983103 417.64920165466935487 228.38839049904632361 2000
3.2549844435487420569 499.57003828178363847 307.83304440876798935 2000
16.538723146440201361 628.0409772027684312 336.67246711546039251 2000
56.751023798250713526 1118.4785509726837063 738.91780303482630643 2000
135.52278299070286494 1434.3726795078839586 784.37613755928884984 2000
38.753352224477850996 2093.5059925194091193 816.22495409250768716 2000
60.815380125845564407 4926.2035592726824689 875.10362855449875497 2000
0 5606.4791688547938975 3594.9641327685076249 2000
# Layered model 55263: value=1.26819
9
0.92579385310763406824 322.44521553649320822 130.82088781170807579 2000
2.912063663315955786 385.69203061121908149 254.80569802562376935 2000
4.9127585285797898962 430.30439011400761729 259.92729255593883408 2000
3.5171231168572774095 628.0409772027684312 273.1861967715746573 2000
8.8217786955114299019 963.40091248712724337 414.91243500998399441 2000
129.17134732240538142 1085.5842622424745514 682.37819389615174259 2000
100.58884864446861229 1600.2841958484607403 816.22495409250768716 2000
53.499654575707495496 1732.8784723851460967 1100.1479190412371736 2000
0 5387.7162830218130694 3524.1291371125453225 2000
# Layered model 51160: value=1.2691
9
1.1638737947412167717 264.25819337965032219 141.66027560312687683 2000
1.0786376228438936398 434.60743401514764628 262.52656548149820992 2000
16.030927608325882261 489.7265349296968111 284.27865183714970954 2000
106.36288302958678287 1032.8961765296010071 642.83112620124086334 2000
8.2623988081004995365 1163.8932652411642721 649.2594374632533345 2000
21.915198791991628013 1698.7339205814587331 662.30955215626477184 2000
151.27040267655300454 2658.1970956110890256 1191.302551316581912 2000
96.049748915903762736 4829.1378877293236656 1277.2375803217830708 2000
0 5951.3906116641110202 3559.3704284836708212 2000
# Layered model 21557: value=1.27025
9
0.88966969587944799702 356.18011931459511743 120.81089504435318815 2000
4.0321215754995431979 480.0769874813221918 262.52656548149820992 2000
3.0000272796896725325 504.56573866460144018 278.67723932668332054 2000
9.4566945558958614981 525.05313096299641984 310.91137485285565845 2000
95.960341765534138858 1140.9599698472347882 593.64375993625583305 2000
101.64970042218999424 1463.2035703659926185 776.61003718741471857 2000
28.483705553593608784 1537.8416577968605452 883.85466484004371068 2000
34.806487162059767115 3443.0465745182823412 1410.8648906301123134 2000
0 5441.5934458520314365 3454.6898707112491138 2000
# Layered model 49243: value=1.27099
9
0.82159503769561137432 241.62179008870637631 123.2391940347446706 2000
6.2907697258513950445 443.343043438852078 242.43887867806770942 2000
3.1484207407506339393 456.77678099809264722 301.76751731082049446 2000
1.5282707014925502875 568.55730367429941907 326.77097966075973545 2000
53.131448665688978394 863.51908734050743988 511.33474085623817018 2000
179.75652527946675718 1632.4499081850153743 816.22495409250768716 2000
64.468135404518420728 2793.7918626338855574 883.85466484004371068 2000
69.683320197133696183 3618.6765527810935055 2079.7876917347393828 2000
0 5834.1247050917663728 3740.9340923650820514 2000
# Layered model 55680: value=1.27268
9
0.80540636966533807328 303.75797892666912503 138.86900853164090108 2000
4.9086405012167073636 417.64920165466935487 249.78501914089181923 2000
1.8986650492542844759 465.95799429615436793 287.12143835552120663 2000
12.764961429616878519 574.24287671104241326 353.8461465303106479 2000
141.78402216983448625 1096.4401048648992401 581.94663262058213604 2000
42.392538071454794135 1463.2035703659926185 866.43923619257304836 2000
41.352749865722614686 1584.4397978697634244 928.94013557465291342 2000
24.187627739712468156 4371.7555321749841823 1156.2665195089414283 2000
0 5334.3725574473392044 3353.0879526577659817 2000
# Layered model 49212: value=1.27332
9
0.66666700000000000959 349.16196384138328312 122.0190039947966909 2000
2.7732957164244420589 409.41986242002684548 244.86326746484840555 2000
10.95157889192577727 421.82569367121607229 270.48138294215311817 2000
2.8149070124067367971 615.66608881753597871 323.53562342649479433 2000
22.662480734313124486 1187.2875198725116661 605.57599951097461144 2000
160.65477772368933529 1364.7563877923034852 696.09399559346434216 2000
33.448350023232961803 1522.6155027691690975 792.21989893488171219 2000
38.823500206449921279 3618.6765527810935055 1315.9391562431133025 2000
0 5177.4894496339802572 3386.6188321843433187 2000
# Layered model 42975: value=1.27356
9
1.2984971523060213627 274.98813570621962299 166.10781400623224613 2000
1.2792118950990079007 443.343043438852078 249.78501914089181923 2000
16.063026102926773575 489.7265349296968111 307.83304440876798935 2000
24.768187140301900939 1032.8961765296010071 623.92555787215667351 2000
118.75277322895396992 1187.2875198725116661 689.20197583511321682 2000
26.740707289467877672 1351.2439483092114187 800.14209792423037015 2000
80.042443447845244009 1952.6508368604338557 808.1435189034727955 2000
67.246199932613592409 3275.9406764860978001 1809.3382763905467527 2000
0 5334.3725574473392044 3454.6898707112491138 2000
# Layered model 50035: value=1.2744
9
0.76631652531648608573 434.60743401514764628 118.4304431372935511 2000
1.4761948922686243257 438.95350835529916367 259.92729255593883408 2000
9.7890665448969453877 447.77647387324060446 270.48138294215311817 2000
1.6551503055523824059 499.57003828178363847 298.77972010972325734 2000
41.678858639531696895 1085.5842622424745514 511.33474085623817018 2000
99.44833274802377332 1507.5401017516526281 731.60178518299630923 2000
139.32709785994214258 1568.7522751185776997 875.10362855449875497 2000
52.236953564570853814 3148.1145997948806325 1133.4835011361055876 2000
0 5496.0093803105519328 3386.6188321843433187 2000
# Layered model 40117: value=1.27593
9
0.81346043336199147511 297.77274671764445202 126.97346485319150133 2000
4.1083308380169993868 452.25423861197299402 237.66187499075354594 2000
1.9016629772697131173 484.87775735613541883 320.33230042227205558 2000
13.963810335434541088 557.35447865336664108 333.33907635194100294 2000
113.44044348815101841 1053.6573896778461403 623.92555787215667351 2000
17.535765759340961267 1681.9147728529294454 875.10362855449875497 2000
221.71756766232871882 1821.2726900787238264 976.32541843021692785 2000
79.653695457267986058 3443.0465745182823412 1439.223274931777496 2000
0 5834.1247050917663728 3778.3434332887322853 2000
# Layered model 58891: value=1.27747
9
0.9166275773342911215 332.21562801246449226 141.66027560312687683 2000
0.99583384032271604624 370.6424604410461825 244.86326746484840555 2000
14.962752939825318066 470.61757423911592468 287.12143835552120663 2000
4.3298742447409956924 653.5419593215194709 360.95845407556987539 2000
6.384405893999538506 1140.9599698472347882 696.09399559346434216 2000
168.9831033655156034 1187.2875198725116661 717.18633975394197932 2000
11.065722947118956654 1247.851115744313347 792.21989893488171219 2000
236.56787167342071143 2965.6663587709708736 1637.9703382430489 2000
0 5719.1694001487758214 3594.9641327685076249 2000
# Layered model 40327: value=1.27779
9
1.0641761609211248807 356.18011931459511743 145.95272361417724483 2000
4.1604044506997892583 499.57003828178363847 262.52656548149820992 2000
2.3127579231675312599 519.85458511187766817 265.15183113631320566 2000
9.4987492085352727145 628.0409772027684312 295.82150505913193683 2000
40.577564008693101982 935.06743416450854056 605.57599951097461144 2000
189.51014870043860583 1337.86529535565478 784.37613755928884984 2000
27.226837214209098192 1803.2402872066572854 816.22495409250768716 2000
55.216116758896134797 4159.5753834694787656 1264.591663684933792 2000
0 5441.5934458520314365 3524.1291371125453225 2000
# Layered model 30872: value=1.27993
9
0.90755205676662487058 349.16196384138328312 138.86900853164090108 2000
1.6959340811124545834 393.44444042650462734 235.30878711955796234 2000
8.1807025490581377625 447.77647387324060446 270.48138294215311817 2000
12.639421354383614471 797.44538945219721882 501.25942638588190903 2000
80.206618602352619973 1085.5842622424745514 605.57599951097461144 2000
117.87269486499961602 1648.7744072668654098 800.14209792423037015 2000
66.842353930334923007 1895.2236645994071296 883.85466484004371068 2000
183.18854690267670549 5229.2643441303198415 1998.6350924543714882 2000
0 5550.9694741136572702 3594.9641327685076249 2000
# Layered model 56246: value=1.28022
9
0.75872923298661987257 370.6424604410461825 124.4715859750921112 2000
3.6527890162224805337 405.36620041586814978 226.12711930598649701 2000
3.4318664548192794328 409.41986242002684548 249.78501914089181923 2000
8.0464819157445894859 530.30366227262641132 340.03919178661499245 2000
8.1119719412800641578 1285.6622524024817267 472.20905425307677206 2000
159.34497252527566502 1324.6191043125295437 636.4664615853870373 2000
88.287483633141135897 1378.4039516702264336 824.38720363343270492 2000
35.758567364483269557 5496.0093803105519328 2390.6623206580811711 2000
0 5662.5439605433421093 3386.6188321843433187 2000
