# 60024 2_reports/tar1_ln12_tr0.report
# Layered model 59977: value=0.928138
12
0.92579385310763406824 294.82450170063805217 132.12909668982516109 2000
4.6756637205440130245 405.36620041586814978 232.97899714807718397 2000
2.8918041479262015514 456.77678099809264722 295.82150505913193683 2000
12.294002862505397644 551.83611747858083163 357.3846079956137487 2000
4.9459550527869566849 680.0783835732299849 440.43791049802592852 2000
4.8459775814363936774 863.51908734050743988 570.47998492361739409 2000
16.097642115957675912 1032.8961765296010071 642.83112620124086334 2000
85.263320871928030442 1272.9329231707740746 662.30955215626477184 2000
112.1938261485339865 1311.5040636757717039 808.1435189034727955 2000
24.455109343461003846 2658.1970956110890256 1239.6742120232661364 2000
180.15465220796954782 3512.2518106660995727 2059.1957343908311486 2000
0 5892.4659521426838182 3630.9137740961928102 2000
# Layered model 46760: value=1.08465
12
0.67333366999999999525 206.06020000000000891 129.52563149674065812 2000
1.9824825392504488164 345.70491469443891219 206.75703052211355271 2000
1.1001515612871042293 465.95799429615436793 262.52656548149820992 2000
8.6344487829417104763 480.0769874813221918 295.82150505913193683 2000
15.199077942743594249 743.79171238502738106 390.86628244887617711 2000
25.795968270961605384 1074.8359032103708159 564.83166824120530691 2000
8.2882234085398849288 1107.4045059135482916 682.37819389615174259 2000
127.10217634936773834 1175.5321978935758125 761.30775138458454876 2000
52.94095564790421804 1972.1773452290383375 1036.3891052076282904 2000
138.76723503300192419 4285.6146771639878352 1264.591663684933792 2000
3871.8647986578866949 5126.2271778554259072 3287.0188733043487446 2000
0 5892.4659521426838182 3489.2367694183617459 2000
# Layered model 49571: value=1.09729
12
1.0125271026855280354 248.9431719501842224 141.66027560312687683 2000
4.2642993150515957623 397.37888483076966395 254.80569802562376935 2000
6.1708071813300717778 456.77678099809264722 273.1861967715746573 2000
2.3759619516475858347 480.0769874813221918 292.89257926646723718 2000
4.7069750272460915141 615.66608881753597871 390.86628244887617711 2000
26.546912333503009052 1002.5188527717638181 587.76609894678790624 2000
27.239764451916421706 1085.5842622424745514 668.93264767782739 2000
146.8456685514464084 1392.1879911869286843 675.62197415460570937 2000
55.933370615575540796 2266.9670022722111753 1264.591663684933792 2000
27.556629322826211137 2907.2310153621906466 1687.6024774621516826 2000
3147.831230176666395 4829.1378877293236656 3065.8618492940722717 2000
0 5834.1247050917663728 3703.8951409555261307 2000
# Layered model 39079: value=1.10705
12
0.70067371707001668835 297.77274671764445202 119.61474756866650182 2000
2.8435233096248024864 363.33933971281851427 215.15219505700380864 2000
1.4681565233491342681 504.56573866460144018 275.91805873929041582 2000
2.2275323683122856266 509.61139605124753871 278.67723932668332054 2000
11.290684659604632856 519.85458511187766817 333.33907635194100294 2000
30.770008611988124869 797.44538945219721882 511.33474085623817018 2000
20.889828626194351102 1351.2439483092114187 516.44808826480050357 2000
160.15201941956081555 1378.4039516702264336 784.37613755928884984 2000
39.333375656563561051 1876.459073860799208 1133.4835011361055876 2000
114.61309084579050932 3512.2518106660995727 1773.6871643863801182 2000
60.011846763087135059 4243.1828486772155884 2018.6214433789148188 2000
0 5776.3610941502638525 3559.3704284836708212 2000
# Layered model 49813: value=1.10906
12
0.67333366999999999525 261.64177562341615157 134.7848915332906472 2000
0.73151678063701652821 280.51539723391459802 176.32679173989856736 2000
1.0681497871241723008 370.6424604410461825 185.32123022052309125 2000
13.898345230457520572 480.0769874813221918 317.16069348739807765 2000
5.3572058697496096613 781.73256489775235423 402.70992167335958811 2000
5.9543969887486021264 907.56723924805316983 449.29071249903614671 2000
99.83173382373783511 1152.3695695457072361 649.2594374632533345 2000
74.878593687189422212 1324.6191043125295437 776.61003718741471857 2000
46.647803642812107228 1665.2621513395340571 840.95738642646472272 2000
44.710858888261668653 1839.4854169795112284 1215.2477325980453315 2000
192.1732381601407269 5126.2271778554259072 2164.2354119678138886 2000
0 5834.1247050917663728 3740.9340923650820514 2000
# Layered model 39576: value=1.11027
12
0.73641511848151164354 300.75047418482091643 148.88637335882222601 2000
2.1682119565321111843 356.18011931459511743 213.02197530396412617 2000
2.2596057999502128233 504.56573866460144018 262.52656548149820992 2000
6.5081000020561541319 540.96276588430623633 317.16069348739807765 2000
8.393619732439351111 597.55944021944651467 379.37096290198320503 2000
7.6169957172575806226 1074.8359032103708159 481.70045624356362168 2000
149.39542650789280742 1096.4401048648992401 689.20197583511321682 2000
29.383005847371123309 1247.851115744313347 696.09399559346434216 2000
25.82373051319541446 2504.1419082869974773 1036.3891052076282904 2000
55.678753493303219102 3408.9570044735464762 1239.6742120232661364 2000
48.298738804638730926 5776.3610941502638525 1589.797872896414674 2000
0 5834.1247050917663728 3420.4850205061870838 2000
# Layered model 59628: value=1.11455
12
0.67333366999999999525 338.89316213551506962 118.4304431372935511 2000
2.5351816631284784798 345.70491469443891219 217.30371700757382314 2000
3.092830184874249877 574.24287671104241326 310.91137485285565845 2000
12.330772751028979073 653.5419593215194709 317.16069348739807765 2000
7.8808436560552976857 758.74192580396641006 386.9963192563130292 2000
21.337694523804145774 1152.3695695457072361 710.08548490489306459 2000
74.688446730669681983 1211.1519990219492229 724.35820315148146165 2000
55.296298643205261669 1223.2635190121686719 753.77005087582631404 2000
14.436256383141341075 1698.7339205814587331 901.62014360332864271 2000
132.21323229860695392 1952.6508368604338557 1026.1278269382457893 2000
39.63932453996494587 4781.3246413161623423 2142.8073385819939176 2000
0 5892.4659521426838182 3489.2367694183617459 2000
# Layered model 32983: value=1.11874
12
1.0855661017556395009 297.77274671764445202 158.04588547029371171 2000
1.6507239944513072416 366.97273310994671647 217.30371700757382314 2000
2.4795851075065273861 401.35267367907738389 257.35375500588003206 2000
13.790748642525773704 579.98530547815289538 350.34271933694122936 2000
8.8587655949458401494 829.82487001996798881 491.38263541405922297 2000
21.4351897487639107 982.76527082811844593 570.47998492361739409 2000
79.489249782010318768 1285.6622524024817267 655.75203183788585193 2000
75.627379624061319419 1406.1098710987980667 753.77005087582631404 2000
21.036431840294824269 1448.7164063029629233 800.14209792423037015 2000
43.135455261871840094 1698.7339205814587331 995.94955934066422287 2000
379.87993610119178811 4733.9847933823384665 2100.5855686520867494 2000
0 5776.3610941502638525 3594.9641327685076249 2000
# Layered model 56765: value=1.12012
12
0.68686767676700000163 322.44521553649320822 141.66027560312687683 2000
2.4898801778156518516 356.18011931459511743 217.30371700757382314 2000
4.1389186688784000978 452.25423861197299402 252.28286933230072009 2000
8.1068814695749367161 489.7265349296968111 323.53562342649479433 2000
6.3060033449323320554 647.07124685298958866 427.48469670322151615 2000
3.8361869905995575891 1129.6633364824106138 481.70045624356362168 2000
83.182493852820130087 1140.9599698472347882 649.2594374632533345 2000
112.60731289258698951 1223.2635190121686719 753.77005087582631404 2000
27.686534406481285941 1568.7522751185776997 1036.3891052076282904 2000
116.59661703966213508 4118.3914687816622973 1558.4725741558813752 2000
2462.1875053451876738 5441.5934458520314365 3065.8618492940722717 2000
0 5496.0093803105519328 3420.4850205061870838 2000
# Layered model 59073: value=1.12083
12
1.5844132921446056894 306.79555871593584015 169.44658106775753481 2000
1.6241020409838726746 319.25268864999327434 198.68944241538483197 2000
4.0347188485161264992 557.35447865336664108 307.83304440876798935 2000
4.6637125862034869428 574.24287671104241326 326.77097966075973545 2000
11.857249827253921737 585.78515853293447435 350.34271933694122936 2000
2.3143929738700776966 1022.6694817124763404 458.3214558202668627 2000
127.97303924995438251 1064.193963574624604 682.37819389615174259 2000
42.389290715893110928 1392.1879911869286843 689.20197583511321682 2000
57.605885643193886381 2605.8201113725017422 883.85466484004371068 2000
14.542290520173821733 4037.2428867578296376 1122.2608922139659171 2000
35.825052595231795749 5177.4894496339802572 1574.0572998974403163 2000
0 5662.5439605433421093 3524.1291371125453225 2000
# Layered model 58033: value=1.1371
12
0.87213968814767961479 338.89316213551506962 133.45038765672342151 2000
1.5804620230916839319 359.7419205077410993 228.38839049904632361 2000
2.1762226973758838078 499.57003828178363847 254.80569802562376935 2000
6.9279408161570197322 585.78515853293447435 295.82150505913193683 2000
9.5327526325998199752 628.0409772027684312 394.77494527336500596 2000
4.7308678544814704026 1053.6573896778461403 427.48469670322151615 2000
74.605858699046848415 1118.4785509726837063 599.58019753561836751 2000
134.54606561224139227 1223.2635190121686719 776.61003718741471857 2000
32.033435414747032155 1406.1098710987980667 840.95738642646472272 2000
23.837757897475455593 2156.9413175987397153 1277.2375803217830708 2000
144.70275732647803579 5126.2271778554259072 3065.8618492940722717 2000
0 5834.1247050917663728 3353.0879526577659817 2000
# Layered model 56009: value=1.13782
12
0.82981098807256747918 300.75047418482091643 158.04588547029371171 2000
1.6227907231667959564 322.44521553649320822 187.17444252272832728 2000
3.6028674753561484856 461.34454880807362542 281.46401171995017876 2000
10.153783752234893711 546.37239354314931461 304.78519248392871077 2000
10.303708986256598479 781.73256489775235423 453.78361962402658492 2000
34.852250887548741787 1032.8961765296010071 576.18478477285361805 2000
32.304158515842601673 1129.6633364824106138 668.93264767782739 2000
67.322698024256567351 1272.9329231707740746 792.21989893488171219 2000
131.02818215479356923 1616.287037806945591 910.63634503936191322 2000
62.864094445856437687 2605.8201113725017422 1078.4706587993698577 2000
754.91234375052329142 5229.2643441303198415 3420.4850205061870838 2000
0 5662.5439605433421093 3559.3704284836708212 2000
# Layered model 34224: value=1.14355
12
0.72190483137095540211 251.43260366968610242 134.7848915332906472 2000
3.9610106849085493508 345.70491469443891219 217.30371700757382314 2000
1.0216103781814638296 489.7265349296968111 270.48138294215311817 2000
0.7847555662849030611 574.24287671104241326 317.16069348739807765 2000
7.9602727066170899661 597.55944021944651467 320.33230042227205558 2000
1.2502428138878141084 660.07737891473470881 379.37096290198320503 2000
32.872309204110351288 992.59292353639978046 526.82869483892307017 2000
142.09151496498188294 1235.4961542022904268 675.62197415460570937 2000
60.867869124917859835 2793.7918626338855574 919.74270848975561421 2000
251.19865227465811586 3148.1145997948806325 1998.6350924543714882 2000
1837.9736497919298017 5496.0093803105519328 3287.0188733043487446 2000
0 5951.3906116641110202 3559.3704284836708212 2000
# Layered model 54621: value=1.15098
12
0.94440230955509751887 316.09177094058742341 161.22260776824660411 2000
3.4234375411469821771 359.7419205077410993 213.02197530396412617 2000
1.6876293358934324473 494.62380027899376955 310.91137485285565845 2000
11.323043920369013193 621.82274970571131689 350.34271933694122936 2000
2.0973028045597175151 789.54989054673001192 419.06155936008383378 2000
12.663227688905955404 880.87582099605185704 506.27202064974062523 2000
108.71649561773935488 1163.8932652411642721 636.4664615853870373 2000
33.475802633380396856 1311.5040636757717039 717.18633975394197932 2000
17.940316354357491946 1324.6191043125295437 724.35820315148146165 2000
36.786833402273572347 1351.2439483092114187 792.21989893488171219 2000
60.581125315039770385 5229.2643441303198415 1543.0421526295856438 2000
0 5892.4659521426838182 3353.0879526577659817 2000
# Layered model 58919: value=1.1562
12
0.73641511848151164354 291.90544722835448965 147.41225085031902609 2000
1.5971512551283382209 319.25268864999327434 174.58098192069164156 2000
1.8987521226008352571 456.77678099809264722 295.82150505913193683 2000
11.037531001844747891 484.87775735613541883 298.77972010972325734 2000
3.077250084084045767 634.3213869747961553 398.72269472609860941 2000
12.232097636167118537 935.06743416450854056 599.58019753561836751 2000
113.10753833814817426 1163.8932652411642721 675.62197415460570937 2000
77.667809517520225882 1260.3296269017564555 731.60178518299630923 2000
40.390132347737420559 2135.5854629690493312 840.95738642646472272 2000
23.368059893613803979 3841.2980792844941789 1574.0572998974403163 2000
554.8208711836191469 3879.7110600773389706 2487.7327974327045013 2000
0 5776.3610941502638525 3630.9137740961928102 2000
# Layered model 59848: value=1.16422
12
0.86350464173037588811 248.9431719501842224 156.48107472306307386 2000
2.2506487300789097539 332.21562801246449226 213.02197530396412617 2000
10.176193849158252647 540.96276588430623633 314.0204886013842156 2000
3.2447117019333600041 707.69229306062129581 346.87397954152595503 2000
2.7479271281132042759 773.9926385126260584 371.89585619251369053 2000
13.829902709552730045 1043.2251382948970786 511.33474085623817018 2000
36.38256452274340802 1187.2875198725116661 649.2594374632533345 2000
36.50477092255367495 1285.6622524024817267 668.93264767782739 2000
138.13376214886238813 1324.6191043125295437 808.1435189034727955 2000
52.555471397678843459 3341.7870840834689261 1005.9090549340709231 2000
250.86319393160874824 5892.4659521426838182 2588.7447248169901286 2000
0 5951.3906116641110202 3703.8951409555261307 2000
# Layered model 59444: value=1.17205
12
0.78171948747534747426 280.51539723391459802 136.13274044862356504 2000
1.6465990385042204025 381.87329763487036871 206.75703052211355271 2000
4.3275767697122180522 484.87775735613541883 278.67723932668332054 2000
15.09172869626750213 660.07737891473470881 350.34271933694122936 2000
8.6283420574791307445 666.67815270388200588 364.56803861632556618 2000
6.1012635117637117332 700.68543867388245872 436.07713910695628101 2000
11.994876624158997913 1272.9329231707740746 768.9208288984302726 2000
69.688988700547952249 1298.518874926506669 800.14209792423037015 2000
133.27039538935179053 1463.2035703659926185 849.36696029072936653 2000
69.740678541090005638 1584.4397978697634244 910.63634503936191322 2000
53.885374068191197239 5719.1694001487758214 2038.8076578127042922 2000
0 5892.4659521426838182 3454.6898707112491138 2000
# Layered model 40316: value=1.17391
12
0.87213968814767961479 277.73801706328180217 117.25786449236984765 2000
4.0009209765839939266 430.30439011400761729 254.80569802562376935 2000
5.4903326946089423544 447.77647387324060446 284.27865183714970954 2000
6.843055261416338908 634.3213869747961553 357.3846079956137487 2000
2.8595039887023858682 714.7692159912274974 394.77494527336500596 2000
7.342907119963353324 1064.193963574624604 449.29071249903614671 2000
137.75533757701543891 1107.4045059135482916 649.2594374632533345 2000
29.331762629026798095 1187.2875198725116661 784.37613755928884984 2000
13.706694455032220503 1857.8802711493058268 892.69321148844414893 2000
88.486803361907988119 3086.0843052591712876 1439.223274931777496 2000
203.95973755045451981 4459.627818371702233 1721.5232872591411706 2000
0 5662.5439605433421093 3740.9340923650820514 2000
# Layered model 59720: value=1.17753
12
0.75121706236299001791 234.51572898473969531 134.7848915332906472 2000
5.1359711427536529627 393.44444042650462734 237.66187499075354594 2000
1.0045005860185485247 480.0769874813221918 281.46401171995017876 2000
4.1041767799625166191 621.82274970571131689 368.21371900248880138 2000
6.4607701484121253799 673.34493423092078501 386.9963192563130292 2000
17.000769107419948512 846.50434990736948748 481.70045624356362168 2000
113.58318250362114554 1074.8359032103708159 649.2594374632533345 2000
14.561402715711352585 1632.4499081850153743 753.77005087582631404 2000
58.409322997866183869 1839.4854169795112284 976.32541843021692785 2000
207.72764167445453154 4285.6146771639878352 1978.8466261924468199 2000
301.97218157840148933 4549.2663375209731385 2185.8777660874920912 2000
0 5892.4659521426838182 3594.9641327685076249 2000
# Layered model 59235: value=1.18349
12
1.1409408829930562934 251.43260366968610242 148.88637335882222601 2000
0.77152053466395087433 319.25268864999327434 200.67633683953869195 2000
3.7920644768039615258 438.95350835529916367 257.35375500588003206 2000
12.927592374570739508 640.66460084454411117 326.77097966075973545 2000
3.533176950829773233 880.87582099605185704 491.38263541405922297 2000
8.4139019984451159928 907.56723924805316983 593.64375993625583305 2000
64.972928473874162592 1043.2251382948970786 636.4664615853870373 2000
57.626304273752538165 1187.2875198725116661 710.08548490489306459 2000
108.56624745577911995 1600.2841958484607403 816.22495409250768716 2000
23.368059893613803979 1681.9147728529294454 824.38720363343270492 2000
38.029015226179183173 5719.1694001487758214 2079.7876917347393828 2000
0 5892.4659521426838182 3287.0188733043487446 2000
# Layered model 25785: value=1.18652
12
0.77397969056965099099 225.36500602639395652 140.25769861695729901 2000
0.85700806955747776961 366.97273310994671647 206.75703052211355271 2000
4.8612948284166010993 438.95350835529916367 270.48138294215311817 2000
13.09026096686041285 514.70751001176006412 304.78519248392871077 2000
9.1271950512382922227 821.60878219798814825 496.29646176819989023 2000
27.960005869883293173 1107.4045059135482916 548.22005243244962003 2000
120.40863035808399673 1129.6633364824106138 717.18633975394197932 2000
29.383005847371123309 1175.5321978935758125 753.77005087582631404 2000
52.69176528011067262 1767.7093296800874214 1015.9681454834116039 2000
40.503206367837663038 3275.9406764860978001 1133.4835011361055876 2000
3436.7235428619219419 5776.3610941502638525 3386.6188321843433187 2000
0 5951.3906116641110202 3524.1291371125453225 2000
# Layered model 35059: value=1.18746
12
0.75872923298661987257 246.47838806948934121 128.24319950172341009 2000
0.68868959115514860603 332.21562801246449226 187.17444252272832728 2000
6.015292596440851014 374.34888504545665455 247.31190013949688478 2000
10.802280510631678823 557.35447865336664108 360.95845407556987539 2000
2.6157188186590545342 751.22962950887767875 431.75954367025371994 2000
5.7220584694350797861 829.82487001996798881 476.93114479560750851 2000
58.194890698655981964 1140.9599698472347882 710.08548490489306459 2000
125.81359451572424746 1364.7563877923034852 761.30775138458454876 2000
26.342787496510652545 1665.2621513395340571 901.62014360332864271 2000
128.6836545899191151 1803.2402872066572854 1144.8183361474666526 2000
36.581967816000826588 5334.3725574473392044 1355.8134286164361129 2000
0 5834.1247050917663728 3703.8951409555261307 2000
# Layered model 36693: value=1.18961
12
1.0226523737123833779 280.51539723391459802 156.48107472306307386 2000
1.6865457413439994827 319.25268864999327434 189.04618694795561851 2000
1.6513638639079815107 568.55730367429941907 298.77972010972325734 2000
14.08707987156207686 609.57038496785742154 336.67246711546039251 2000
16.934008617781632466 789.54989054673001192 511.33474085623817018 2000
69.639417158416222264 1002.5188527717638181 630.16481345087822774 2000
26.357436907571397455 1311.5040636757717039 689.20197583511321682 2000
61.191752827550743632 1378.4039516702264336 761.30775138458454876 2000
19.817270381899675158 1632.4499081850153743 928.94013557465291342 2000
108.88464107260475089 1821.2726900787238264 1144.8183361474666526 2000
822.15247038227539633 4975.4655948654090025 3254.4741319845038561 2000
0 5776.3610941502638525 3454.6898707112491138 2000
# Layered model 54599: value=1.202
12
0.70768045424071690519 309.86351430309520083 133.45038765672342151 2000
0.7985093783106922416 349.16196384138328312 221.671521719426039 2000
6.1826492067862837132 525.05313096299641984 257.35375500588003206 2000
4.9506248868665041485 653.5419593215194709 284.27865183714970954 2000
16.94020846995810814 872.15427821391256202 398.72269472609860941 2000
7.7327594792199825235 1074.8359032103708159 636.4664615853870373 2000
49.189661006933206977 1163.8932652411642721 675.62197415460570937 2000
130.49089317196836646 1223.2635190121686719 731.60178518299630923 2000
15.292125140892380841 1448.7164063029629233 883.85466484004371068 2000
88.987057621174614042 2052.2556538764915786 1329.0985478055445128 2000
215.49153247177179082 5496.0093803105519328 2775.4847370568286351 2000
0 5776.3610941502638525 3559.3704284836708212 2000
# Layered model 43595: value=1.20209
12
0.66666700000000000959 253.94692970638300267 123.2391940347446706 2000
5.1622322129867743712 363.33933971281851427 221.671521719426039 2000
3.1868692487962526627 640.66460084454411117 343.43958370448115147 2000
3.3746480916962369179 673.34493423092078501 357.3846079956137487 2000
10.220401100301431896 680.0783835732299849 423.25217495368474374 2000
60.100217874903336224 1140.9599698472347882 662.30955215626477184 2000
9.1126791350531988201 1199.160395071236735 689.20197583511321682 2000
91.400277669660539459 1285.6622524024817267 696.09399559346434216 2000
44.484184507280843945 1324.6191043125295437 717.18633975394197932 2000
22.809722014483241992 2200.2958380824743472 957.08795062270064591 2000
255.13778840072640719 5834.1247050917663728 2775.4847370568286351 2000
0 5951.3906116641110202 3190.3481344814276781 2000
# Layered model 58872: value=1.2044
12
0.75872923298661987257 325.66966769185813746 111.56683466653166192 2000
6.8666884670923398204 409.41986242002684548 265.15183113631320566 2000
0.86784402149888872913 489.7265349296968111 320.33230042227205558 2000
1.6612356500017728678 525.05313096299641984 323.53562342649479433 2000
3.3228626827885427986 603.53503462164098892 390.86628244887617711 2000
46.678715636873619133 916.6429116405337254 506.27202064974062523 2000
69.921651570437134637 1096.4401048648992401 724.35820315148146165 2000
39.12655561444171326 1522.6155027691690975 776.61003718741471857 2000
92.540394545591794895 1600.2841958484607403 866.43923619257304836 2000
138.14788640057486191 3618.6765527810935055 2366.9923966911692332 2000
360.48837476001125424 3997.2701849087429764 2614.6321720651599207 2000
0 5951.3906116641110202 3778.3434332887322853 2000
# Layered model 59521: value=1.20515
12
0.75121706236299001791 306.79555871593584015 119.61474756866650182 2000
2.9737696322278037719 405.36620041586814978 257.35375500588003206 2000
4.5184894561436497185 434.60743401514764628 281.46401171995017876 2000
3.6634706171136492969 519.85458511187766817 289.99265273907644769 2000
2.8330434382788656222 666.67815270388200588 323.53562342649479433 2000
7.2801837273099110348 863.51908734050743988 542.79213112123727569 2000
109.35833060085883517 1187.2875198725116661 617.74807710114521342 2000
42.952837317254250138 1235.4961542022904268 731.60178518299630923 2000
84.821804110541563659 1568.7522751185776997 910.63634503936191322 2000
52.670455894405620256 3765.6093317169829788 1589.797872896414674 2000
441.02881258142224397 4285.6146771639878352 2831.2719802716710547 2000
0 5951.3906116641110202 3667.2229118371546974 2000
# Layered model 34911: value=1.20562
12
0.99257631868005891107 345.70491469443891219 134.7848915332906472 2000
0.68783200156668189429 385.69203061121908149 249.78501914089181923 2000
8.4787852483647832003 530.30366227262641132 270.48138294215311817 2000
2.3551271504025326209 591.64301011826387366 304.78519248392871077 2000
11.249875876087957138 634.3213869747961553 414.91243500998399441 2000
10.014261229552218424 935.06743416450854056 532.096981787312302 2000
148.66556884581899567 1107.4045059135482916 630.16481345087822774 2000
19.949249167170961528 1211.1519990219492229 800.14209792423037015 2000
12.118127183539399994 1378.4039516702264336 892.69321148844414893 2000
88.141512832044895731 3308.700083250958869 1369.3715629026005445 2000
23.720254213691987388 5229.2643441303198415 2100.5855686520867494 2000
0 5892.4659521426838182 3489.2367694183617459 2000
# Layered model 43702: value=1.2062
12
1.0025020818668595179 264.25819337965032219 141.66027560312687683 2000
1.3779689758525484056 335.53778429258915139 208.82460082733467743 2000
1.5280040657327296216 615.66608881753597871 249.78501914089181923 2000
12.300777815378268087 628.0409772027684312 295.82150505913193683 2000
12.216230830122498219 805.41984334671917622 449.29071249903614671 2000
16.651999142510977236 854.96939340644303229 511.33474085623817018 2000
73.857763370506944511 1298.518874926506669 784.37613755928884984 2000
34.243183683962470809 1311.5040636757717039 792.21989893488171219 2000
98.353060309327560162 1420.1709698097861292 808.1435189034727955 2000
39.312013060103424777 1522.6155027691690975 883.85466484004371068 2000
127.70789227365543184 5776.3610941502638525 2185.8777660874920912 2000
0 5951.3906116641110202 3667.2229118371546974 2000
# Layered model 49591: value=1.21717
12
0.83810909795329313621 244.03800798959338181 158.04588547029371171 2000
1.6888088977383342026 294.82450170063805217 190.93664881743518436 2000
2.0107002854722257901 509.61139605124753871 298.77972010972325734 2000
7.8527982723154110545 714.7692159912274974 317.16069348739807765 2000
19.009001743223187475 736.42743800497760276 440.43791049802592852 2000
9.4086389334416722363 880.87582099605185704 444.84228960300612243 2000
66.862469682121229653 1337.86529535565478 768.9208288984302726 2000
45.507903053667945414 1392.1879911869286843 776.61003718741471857 2000
48.901015157867561811 1434.3726795078839586 824.38720363343270492 2000
106.65679433807750343 1522.6155027691690975 857.86062989363665565 2000
34.285242361451480519 5496.0093803105519328 1453.6155076810953233 2000
0 5951.3906116641110202 3667.2229118371546974 2000
# Layered model 56924: value=1.21725
12
0.83810909795329313621 234.51572898473969531 140.25769861695729901 2000
2.9617498291987756076 430.30439011400761729 208.82460082733467743 2000
11.325795939656329026 465.95799429615436793 298.77972010972325734 2000
2.0807937539485568124 540.96276588430623633 357.3846079956137487 2000
2.2693672907672883809 621.82274970571131689 386.9963192563130292 2000
41.281820536629957985 1096.4401048648992401 511.33474085623817018 2000
59.366962296636344831 1118.4785509726837063 724.35820315148146165 2000
30.035611005168590282 1175.5321978935758125 768.9208288984302726 2000
82.124901445217119544 1223.2635190121686719 808.1435189034727955 2000
144.43177316719825853 3765.6093317169829788 1396.8959313169427787 2000
480.09938966739963462 5496.0093803105519328 3420.4850205061870838 2000
0 5719.1694001487758214 3454.6898707112491138 2000
# Layered model 53244: value=1.21847
12
0.898566392838242467 232.1937910739997335 140.25769861695729901 2000
0.9210750249341591589 389.54895091733129675 200.67633683953869195 2000
12.288329965768641117 509.61139605124753871 304.78519248392871077 2000
9.083721726677600472 585.78515853293447435 375.61481475443883937 2000
3.0587642413526481278 935.06743416450854056 587.76609894678790624 2000
51.66707957116690153 1032.8961765296010071 675.62197415460570937 2000
20.529913730041343456 1053.6573896778461403 689.20197583511321682 2000
82.962442746624191159 1351.2439483092114187 696.09399559346434216 2000
48.575365209681677925 1522.6155027691690975 928.94013557465291342 2000
88.105997644727324314 1972.1773452290383375 995.94955934066422287 2000
21.533973274236643647 4733.9847933823384665 1396.8959313169427787 2000
0 5892.4659521426838182 3096.5204677870128762 2000
# Layered model 54228: value=1.21856
12
0.73641511848151164354 251.43260366968610242 140.25769861695729901 2000
1.4619099649270856922 349.16196384138328312 223.88823693662030223 2000
2.2943662840803660252 615.66608881753597871 270.48138294215311817 2000
7.2963648383012271736 647.07124685298958866 273.1861967715746573 2000
21.5420590333092008 773.9926385126260584 410.80439109899407413 2000
2.5253983979971010854 838.12311872016766756 440.43791049802592852 2000
2.0184819759912713266 1235.4961542022904268 776.61003718741471857 2000
168.58638506889309383 1247.851115744313347 784.37613755928884984 2000
45.070109593280022864 1568.7522751185776997 800.14209792423037015 2000
45.157967477144268287 1839.4854169795112284 857.86062989363665565 2000
56.725917991653489025 5441.5934458520314365 1637.9703382430489 2000
0 5951.3906116641110202 3740.9340923650820514 2000
# Layered model 50407: value=1.2188
12
0.68686767676700000163 342.28209375687021065 111.56683466653166192 2000
5.4393639771020811935 452.25423861197299402 257.35375500588003206 2000
3.3494316088394997522 456.77678099809264722 289.99265273907644769 2000
5.3451022204419071926 621.82274970571131689 323.53562342649479433 2000
15.054703636973439274 686.87916740896230294 423.25217495368474374 2000
21.939935084263392895 907.56723924805316983 587.76609894678790624 2000
61.347401679966083066 1074.8359032103708159 617.74807710114521342 2000
22.775273116246737004 1364.7563877923034852 655.75203183788585193 2000
133.7377238916675708 1876.459073860799208 875.10362855449875497 2000
18.288061796211763976 2406.4311536594955214 1057.2205262223017144 2000
227.85550188125216664 3375.2049549243033653 2059.1957343908311486 2000
0 5951.3906116641110202 3559.3704284836708212 2000
# Layered model 53857: value=1.22345
12
0.85495509082215437324 251.43260366968610242 141.66027560312687683 2000
3.9698574485161364223 378.09237389591123701 228.38839049904632361 2000
13.631360876831811524 461.34454880807362542 301.76751731082049446 2000
1.9214999335831066674 603.53503462164098892 350.34271933694122936 2000
5.3555462871169936534 660.07737891473470881 410.80439109899407413 2000
1.4042652437463267745 916.6429116405337254 462.90467037846951825 2000
95.401618298944313779 1211.1519990219492229 731.60178518299630923 2000
66.236759345531254439 1406.1098710987980667 768.9208288984302726 2000
67.811410704701501118 1857.8802711493058268 776.61003718741471857 2000
22.907616796013883231 3512.2518106660995727 1574.0572998974403163 2000
206.43028650305120664 3957.6932523848936398 2207.7365437483672395 2000
0 5892.4659521426838182 3559.3704284836708212 2000
# Layered model 50934: value=1.22424
12
0.72912387968466496613 322.44521553649320822 164.46318218438835856 2000
3.5954700319015522325 328.92636436877671713 206.75703052211355271 2000
0.89128129212725681896 489.7265349296968111 323.53562342649479433 2000
15.161798146039735968 609.57038496785742154 357.3846079956137487 2000
7.2118211464696493351 773.9926385126260584 390.86628244887617711 2000
3.6043445861716989498 963.40091248712724337 414.91243500998399441 2000
15.949768645212355267 1223.2635190121686719 662.30955215626477184 2000
69.946585228738712203 1285.6622524024817267 675.62197415460570937 2000
103.92112008778283894 1298.518874926506669 840.95738642646472272 2000
84.668131967632319856 1420.1709698097861292 919.74270848975561421 2000
30.583158481357429537 5606.4791688547938975 1512.6381262911336307 2000
0 5892.4659521426838182 3559.3704284836708212 2000
# Layered model 44228: value=1.22894
12
1.0964217627731958071 374.34888504545665455 164.46318218438835856 2000
2.0177316090360895018 443.343043438852078 219.47675417764958183 2000
1.076260980874561568 461.34454880807362542 249.78501914089181923 2000
14.628025099038177714 484.87775735613541883 317.16069348739807765 2000
12.894973027947450817 916.6429116405337254 593.64375993625583305 2000
13.364070431794406346 963.40091248712724337 605.57599951097461144 2000
60.471509258191410652 1129.6633364824106138 696.09399559346434216 2000
10.381891945538384903 1235.4961542022904268 768.9208288984302726 2000
25.307481888663275527 1351.2439483092114187 816.22495409250768716 2000
152.51357236486100533 1750.2072571089975099 901.62014360332864271 2000
232.43539746906532173 4459.627818371702233 2803.2395844273969487 2000
0 5441.5934458520314365 3489.2367694183617459 2000
# Layered model 45028: value=1.23
12
0.72912387968466496613 218.73705453687213662 126.97346485319150133 2000
3.1858745728190389634 438.95350835529916367 215.15219505700380864 2000
2.3239575059148385172 489.7265349296968111 270.48138294215311817 2000
12.767667887820703498 557.35447865336664108 310.91137485285565845 2000
4.9952147148137875377 660.07737891473470881 386.9963192563130292 2000
2.8669583504484812408 1118.4785509726837063 559.23927548634185314 2000
127.18283190742495492 1337.86529535565478 696.09399559346434216 2000
29.17236351447130005 1420.1709698097861292 892.69321148844414893 2000
37.787320710730682549 1448.7164063029629233 947.61183229970356479 2000
106.71842636543109961 2359.0149531021424991 1227.4002099240258303 2000
112.17198385890117152 4037.2428867578296376 1621.7528101416326081 2000
0 5892.4659521426838182 3740.9340923650820514 2000
# Layered model 58620: value=1.23305
12
0.69373635353467000275 236.86088627458710221 132.12909668982516109 2000
0.7251626016087165949 241.62179008870637631 158.04588547029371171 2000
15.123807012391488058 484.87775735613541883 278.67723932668332054 2000
1.3623934650837874472 525.05313096299641984 336.67246711546039251 2000
1.1869659644250027952 863.51908734050743988 440.43791049802592852 2000
4.0513587119485308108 872.15427821391256202 537.41795160518540797 2000
94.614245477117549399 1129.6633364824106138 675.62197415460570937 2000
43.234399766625173811 1235.4961542022904268 761.30775138458454876 2000
66.716107487943702381 1632.4499081850153743 849.36696029072936653 2000
103.29885996297656447 1767.7093296800874214 901.62014360332864271 2000
40.436074963218175071 5834.1247050917663728 2207.7365437483672395 2000
0 5892.4659521426838182 3489.2367694183617459 2000
# Layered model 59469: value=1.23313
12
0.898566392838242467 251.43260366968610242 143.07687835915814389 2000
1.2564430017393450889 363.33933971281851427 215.15219505700380864 2000
1.7925504801090714757 653.5419593215194709 228.38839049904632361 2000
7.609205350085607833 693.74795908305191006 292.89257926646723718 2000
13.669408323772191949 743.79171238502738106 402.70992167335958811 2000
12.459382645591652761 846.50434990736948748 472.20905425307677206 2000
33.206755700168670842 1260.3296269017564555 717.18633975394197932 2000
152.67577863040997954 1351.2439483092114187 792.21989893488171219 2000
46.107712367552949217 1803.2402872066572854 875.10362855449875497 2000
48.415453361545019106 1952.6508368604338557 892.69321148844414893 2000
28.360440387750429636 5496.0093803105519328 1882.8046658584914894 2000
0 5951.3906116641110202 3778.3434332887322853 2000
# Layered model 51449: value=1.23345
12
0.78171948747534747426 261.64177562341615157 153.39777935796792008 2000
1.6708822237640159614 345.70491469443891219 189.04618694795561851 2000
7.7065918573721603479 603.53503462164098892 310.91137485285565845 2000
5.2633544244244632182 621.82274970571131689 343.43958370448115147 2000
10.568003840202916166 805.41984334671917622 410.80439109899407413 2000
20.917257645136892563 935.06743416450854056 570.47998492361739409 2000
32.975422008049193323 1298.518874926506669 710.08548490489306459 2000
116.55768804839459563 1337.86529535565478 768.9208288984302726 2000
78.655366995582681966 1364.7563877923034852 808.1435189034727955 2000
18.655651838315691293 1477.8356060696526129 849.36696029072936653 2000
35.884963398871718709 5834.1247050917663728 1670.8935420417344631 2000
0 5951.3906116641110202 3778.3434332887322853 2000
# Layered model 57945: value=1.23842
12
1.0025020818668595179 239.22949513733300364 140.25769861695729901 2000
2.5771369150949077209 385.69203061121908149 242.43887867806770942 2000
3.3809666820847761315 484.87775735613541883 270.48138294215311817 2000
6.0618466435855671293 540.96276588430623633 330.03868945736735441 2000
4.2613454194568323175 736.42743800497760276 375.61481475443883937 2000
79.701396218371257874 1085.5842622424745514 649.2594374632533345 2000
66.543714263735949999 1129.6633364824106138 682.37819389615174259 2000
30.967051711268766212 1163.8932652411642721 768.9208288984302726 2000
17.891567808281195084 1681.9147728529294454 776.61003718741471857 2000
67.107362282061359338 2995.323022358680646 883.85466484004371068 2000
307.5556649845596553 3654.8633183089041268 2121.5914243386077942 2000
0 5606.4791688547938975 3703.8951409555261307 2000
# Layered model 37033: value=1.24265
12
0.70768045424071690519 322.44521553649320822 124.4715859750921112 2000
2.1115219681713965905 366.97273310994671647 198.68944241538483197 2000
0.97432502583081515013 389.54895091733129675 204.70993121001342274 2000
7.0934681667052981169 509.61139605124753871 304.78519248392871077 2000
9.9937151349251251986 647.07124685298958866 340.03919178661499245 2000
6.8022375768435701104 1012.5440412994812505 559.23927548634185314 2000
135.84595989747924705 1085.5842622424745514 689.20197583511321682 2000
17.880985175207570137 1152.3695695457072361 761.30775138458454876 2000
62.724092955322561238 2031.9362909668232078 808.1435189034727955 2000
24.455109343461003846 3025.2762525822672615 1605.6958516253787366 2000
137.65276528129317057 5441.5934458520314365 1756.1259053330497863 2000
0 5606.4791688547938975 3454.6898707112491138 2000
# Layered model 58930: value=1.24414
12
0.82159503769561137432 316.09177094058742341 147.41225085031902609 2000
1.6803039679396634121 409.41986242002684548 178.09005965729755872 2000
8.8323916865104621365 452.25423861197299402 289.99265273907644769 2000
2.6275408140761911113 525.05313096299641984 346.87397954152595503 2000
16.818894203710875956 982.76527082811844593 444.84228960300612243 2000
61.497358549330364497 1032.8961765296010071 668.93264767782739 2000
5.1946391593304355183 1140.9599698472347882 746.30698106517456836 2000
104.92055241905057983 1378.4039516702264336 840.95738642646472272 2000
29.891835357532073658 2178.5107307747271079 875.10362855449875497 2000
140.70190302499653967 3055.5290151080898795 1100.1479190412371736 2000
53.977264440588214711 5281.5569875716228125 2803.2395844273969487 2000
0 5951.3906116641110202 3594.9641327685076249 2000
# Layered model 36451: value=1.24466
12
0.82981098807256747918 300.75047418482091643 141.66027560312687683 2000
1.9064791081343792634 417.64920165466935487 223.88823693662030223 2000
2.968235798254021951 475.32374998150709189 262.52656548149820992 2000
14.673147455292241403 579.98530547815289538 317.16069348739807765 2000
7.2118211464696493351 615.66608881753597871 353.8461465303106479 2000
2.0903730554019546162 1043.2251382948970786 570.47998492361739409 2000
77.99065936064054938 1118.4785509726837063 738.91780303482630643 2000
96.746681683755269887 1235.4961542022904268 753.77005087582631404 2000
44.623870884435660855 1895.2236645994071296 784.37613755928884984 2000
44.710858888261668653 3841.2980792844941789 1901.6327125170762429 2000
39.18133241654760468 3879.7110600773389706 2297.3795004480916759 2000
0 5951.3906116641110202 3559.3704284836708212 2000
# Layered model 57685: value=1.24541
12
0.70768045424071690519 338.89316213551506962 132.12909668982516109 2000
1.0236459185178203857 426.04395060792825234 196.72222021325231367 2000
4.9576788705006569202 475.32374998150709189 289.99265273907644769 2000
3.7731835531766630965 504.56573866460144018 304.78519248392871077 2000
17.963294972517047654 700.68543867388245872 436.07713910695628101 2000
3.3953514789977852217 863.51908734050743988 472.20905425307677206 2000
113.30276766406862521 1107.4045059135482916 636.4664615853870373 2000
45.540018238323682453 1235.4961542022904268 808.1435189034727955 2000
34.790019285972448415 1272.9329231707740746 816.22495409250768716 2000
51.27397345062266254 2605.8201113725017422 957.08795062270064591 2000
276.30056431391585647 5662.5439605433421093 2487.7327974327045013 2000
0 5951.3906116641110202 3630.9137740961928102 2000
# Layered model 50734: value=1.24601
12
0.78953668235010099341 283.32055120625375366 145.95272361417724483 2000
0.79348396901986639751 338.89316213551506962 194.77447545866564838 2000
1.0421189334545990501 426.04395060792825234 249.78501914089181923 2000
12.19562589832592181 443.343043438852078 292.89257926646723718 2000
5.6485127737589841956 736.42743800497760276 357.3846079956137487 2000
5.0954600716584046438 1022.6694817124763404 375.61481475443883937 2000
60.937354553747617558 1129.6633364824106138 724.35820315148146165 2000
91.333308940450606883 1285.6622524024817267 746.30698106517456836 2000
38.821115228629309968 1785.3864229768882979 1067.7927314845246656 2000
124.38036397444736281 1972.1773452290383375 1167.8291847040309221 2000
61.182783310276477096 4201.1711373041734987 2320.3532954525726382 2000
0 5776.3610941502638525 3420.4850205061870838 2000
# Layered model 42857: value=1.24622
12
0.92579385310763406824 363.33933971281851427 129.52563149674065812 2000
3.0678960682913944957 452.25423861197299402 252.28286933230072009 2000
2.0617792651964834683 499.57003828178363847 265.15183113631320566 2000
10.811944420655695609 568.55730367429941907 340.03919178661499245 2000
6.4285344322566970732 660.07737891473470881 423.25217495368474374 2000
5.7991088682705580482 838.12311872016766756 481.70045624356362168 2000
5.5355599241796724641 1032.8961765296010071 506.27202064974062523 2000
120.079597433634504 1235.4961542022904268 675.62197415460570937 2000
82.243827664606669714 1665.2621513395340571 901.62014360332864271 2000
187.53997264265512968 3055.5290151080898795 1791.4240360302442241 2000
56.620021594332399673 3803.2654250341524858 2059.1957343908311486 2000
0 5334.3725574473392044 3524.1291371125453225 2000
# Layered model 50895: value=1.2478
12
0.71475725878312412753 319.25268864999327434 141.66027560312687683 2000
1.376873628285400164 332.21562801246449226 194.77447545866564838 2000
13.648186221208311153 465.95799429615436793 307.83304440876798935 2000
3.4568729764248047331 597.55944021944651467 350.34271933694122936 2000
1.6840206651717117836 854.96939340644303229 371.89585619251369053 2000
6.2567741307431781195 863.51908734050743988 506.27202064974062523 2000
87.156949062580409304 1140.9599698472347882 703.05493554939903333 2000
49.933576003527974763 1324.6191043125295437 710.08548490489306459 2000
39.872229628313959893 1351.2439483092114187 731.60178518299630923 2000
22.690346175635397685 1681.9147728529294454 738.91780303482630643 2000
263.99384254347302203 5776.3610941502638525 1670.8935420417344631 2000
0 5951.3906116641110202 3222.2516158262415047 2000
# Layered model 48389: value=1.24926
12
0.90755205676662487058 239.22949513733300364 148.88637335882222601 2000
1.184078830301899421 306.79555871593584015 190.93664881743518436 2000
1.7018965611744043542 470.61757423911592468 262.52656548149820992 2000
14.838590820788779112 530.30366227262641132 295.82150505913193683 2000
1.0384558016077782838 693.74795908305191006 444.84228960300612243 2000
10.605858818772986751 1085.5842622424745514 599.58019753561836751 2000
131.63337723355402886 1152.3695695457072361 636.4664615853870373 2000
30.660447238879953602 1163.8932652411642721 761.30775138458454876 2000
61.476547816167027349 1600.2841958484607403 892.69321148844414893 2000
17.228181477155715129 3308.700083250958869 1167.8291847040309221 2000
2164.470765877966187 5177.4894496339802572 3386.6188321843433187 2000
0 5834.1247050917663728 3630.9137740961928102 2000
# Layered model 58743: value=1.24991
12
0.77397969056965099099 256.48639900344682019 145.95272361417724483 2000
0.97465994591647175938 297.77274671764445202 185.32123022052309125 2000
10.282938325995932161 434.60743401514764628 278.67723932668332054 2000
0.86193918863884633197 673.34493423092078501 323.53562342649479433 2000
4.3902805909680413521 854.96939340644303229 357.3846079956137487 2000
11.237971601875827332 925.80934075693903651 427.48469670322151615 2000
5.0903661697910465023 1211.1519990219492229 761.30775138458454876 2000
119.56629445217748753 1311.5040636757717039 776.61003718741471857 2000
116.49737292633440688 1324.6191043125295437 784.37613755928884984 2000
27.013654860137421565 1616.287037806945591 875.10362855449875497 2000
82.219660560982333664 5550.9694741136572702 2100.5855686520867494 2000
0 5892.4659521426838182 3420.4850205061870838 2000
# Layered model 43396: value=1.25334
12
0.70067371707001668835 332.21562801246449226 134.7848915332906472 2000
1.7036020512265852567 397.37888483076966395 202.68310020793407489 2000
5.0584356522860165484 499.57003828178363847 289.99265273907644769 2000
14.168599462545390821 557.35447865336664108 330.03868945736735441 2000
1.8975966367749741437 1012.5440412994812505 379.37096290198320503 2000
21.548575391560898851 1053.6573896778461403 655.75203183788585193 2000
33.231733328537082173 1118.4785509726837063 696.09399559346434216 2000
116.18674369546396008 1285.6622524024817267 784.37613755928884984 2000
72.50978550242390952 2052.2556538764915786 928.94013557465291342 2000
18.106991877437394578 3841.2980792844941789 957.08795062270064591 2000
210.579535261762544 5550.9694741136572702 2185.8777660874920912 2000
0 5719.1694001487758214 3489.2367694183617459 2000
# Layered model 59167: value=1.25582
12
1.0226523737123833779 335.53778429258915139 143.07687835915814389 2000
0.92824951843952985264 389.54895091733129675 249.78501914089181923 2000
4.9407868989832781637 480.0769874813221918 254.80569802562376935 2000
9.8087207209947173681 525.05313096299641984 301.76751731082049446 2000
1.64669007000956924 666.67815270388200588 410.80439109899407413 2000
3.0254642933074755717 1043.2251382948970786 636.4664615853870373 2000
65.129529006868537522 1074.8359032103708159 696.09399559346434216 2000
122.02390160648515405 1406.1098710987980667 731.60178518299630923 2000
63.846566432389721513 2011.8181098681418462 995.94955934066422287 2000
65.287717322218327354 3275.9406764860978001 1369.3715629026005445 2000
188.52705759437458255 4594.7590008961833519 1998.6350924543714882 2000
0 5719.1694001487758214 3559.3704284836708212 2000
# Layered model 53280: value=1.25711
12
0.68686767676700000163 227.61865608665786453 128.24319950172341009 2000
1.0103447266822080941 328.92636436877671713 217.30371700757382314 2000
2.134250319276149721 447.77647387324060446 228.38839049904632361 2000
10.130368783496571439 514.70751001176006412 304.78519248392871077 2000
6.3047806293320061144 805.41984334671917622 467.53371708225427028 2000
118.49677585364719334 1043.2251382948970786 642.83112620124086334 2000
7.8114509519383830138 1152.3695695457072361 731.60178518299630923 2000
83.767588294564632179 1163.8932652411642721 761.30775138458454876 2000
44.753859294698116855 2031.9362909668232078 1046.7529962597045596 2000
36.727315326094867487 2631.878312486226605 1144.8183361474666526 2000
1495.3119938504814854 5496.0093803105519328 3353.0879526577659817 2000
0 5834.1247050917663728 3420.4850205061870838 2000
# Layered model 42459: value=1.25831
12
1.4060863486135417588 283.32055120625375366 151.87898946333456252 2000
2.138110678081277527 470.61757423911592468 259.92729255593883408 2000
4.2215304030362501564 525.05313096299641984 275.91805873929041582 2000
5.7854886772337197343 615.66608881753597871 336.67246711546039251 2000
7.7491969289810196386 628.0409772027684312 360.95845407556987539 2000
22.888865379370216147 944.41810850615354411 548.22005243244962003 2000
71.248099867312873812 1118.4785509726837063 576.18478477285361805 2000
112.62443086163263217 1616.287037806945591 816.22495409250768716 2000
18.513517074012014518 2135.5854629690493312 849.36696029072936653 2000
74.696842598077324737 2406.4311536594955214 1512.6381262911336307 2000
189.44007531209626904 3841.2980792844941789 2537.7362266611021369 2000
0 5776.3610941502638525 3740.9340923650820514 2000
# Layered model 56267: value=1.2589
12
1.0536397632882423814 246.47838806948934121 144.50764714274973244 2000
0.83988639280780419405 312.96214944612614772 189.04618694795561851 2000
0.8931124113355737304 465.95799429615436793 257.35375500588003206 2000
9.7276821515824369868 519.85458511187766817 287.12143835552120663 2000
18.266404990918744033 751.22962950887767875 431.75954367025371994 2000
22.076168118962705478 953.86228959121501703 630.16481345087822774 2000
17.33351398724784076 1107.4045059135482916 724.35820315148146165 2000
118.58545470894874541 1211.1519990219492229 753.77005087582631404 2000
48.178179405107215416 1351.2439483092114187 768.9208288984302726 2000
28.975755790778180199 3582.8480720604884482 1329.0985478055445128 2000
292.62866226188498331 4781.3246413161623423 2917.0623525458831864 2000
0 5834.1247050917663728 3740.9340923650820514 2000
# Layered model 57720: value=1.26022
12
0.67333366999999999525 202 130.82088781170807579 2000
0.83285616255140915154 342.28209375687021065 181.66966985640925714 2000
4.7951556854513190942 475.32374998150709189 262.52656548149820992 2000
7.38538275003170952 551.83611747858083163 320.33230042227205558 2000
0.76282589932852395975 640.66460084454411117 357.3846079956137487 2000
16.129643050943634819 813.47404178018632592 506.27202064974062523 2000
37.546921087065662448 1392.1879911869286843 617.74807710114521342 2000
134.26715753227193773 1434.3726795078839586 662.30955215626477184 2000
27.591982771441223576 1584.4397978697634244 1015.9681454834116039 2000
13.16494589926881531 2312.5330390178828566 1026.1278269382457893 2000
205.59354339780261967 4781.3246413161623423 2946.2329760713419091 2000
0 5834.1247050917663728 3489.2367694183617459 2000
# Layered model 59504: value=1.26189
12
0.70768045424071690519 366.97273310994671647 120.81089504435318815 2000
0.89117040364295019295 393.44444042650462734 242.43887867806770942 2000
13.830829671747579823 514.70751001176006412 284.27865183714970954 2000
1.9488325773332793034 721.91690815113975077 298.77972010972325734 2000
2.4887667043813550549 743.79171238502738106 440.43791049802592852 2000
18.195131944731592455 1129.6633364824106138 630.16481345087822774 2000
90.727417215881843049 1175.5321978935758125 703.05493554939903333 2000
77.671551710021532244 1247.851115744313347 768.9208288984302726 2000
76.970598426579130091 1632.4499081850153743 892.69321148844414893 2000
54.228299134848725771 2554.4751606435661415 1005.9090549340709231 2000
106.6404622577366581 5776.3610941502638525 3254.4741319845038561 2000
0 5834.1247050917663728 3489.2367694183617459 2000
# Layered model 54129: value=1.26305
12
0.66666700000000000959 259.05126299348131624 140.25769861695729901 2000
1.3234480201841667402 349.16196384138328312 192.84601530560954075 2000
6.0109217163951829122 426.04395060792825234 257.35375500588003206 2000
6.8197287465711387 603.53503462164098892 383.16467253100307744 2000
3.7098050948103846736 700.68543867388245872 398.72269472609860941 2000
14.91344707021163174 1096.4401048648992401 617.74807710114521342 2000
85.491228633798328929 1324.6191043125295437 623.92555787215667351 2000
64.288746051426940653 1492.6139621303491367 689.20197583511321682 2000
12.912326202448412005 1584.4397978697634244 857.86062989363665565 2000
88.976418779480042076 1933.3176602578553229 1005.9090549340709231 2000
47.820533469939334736 4687.1136568141964744 2693.8581415109065347 2000
0 5892.4659521426838182 3420.4850205061870838 2000
# Layered model 42500: value=1.26428
12
0.77397969056965099099 246.47838806948934121 133.45038765672342151 2000
3.5077964595157125061 421.82569367121607229 249.78501914089181923 2000
5.4810091851465490009 461.34454880807362542 287.12143835552120663 2000
1.6795564714733028922 660.07737891473470881 323.53562342649479433 2000
1.6386510821381055081 829.82487001996798881 394.77494527336500596 2000
20.03189587172351338 863.51908734050743988 462.90467037846951825 2000
34.338713521979954635 1223.2635190121686719 611.63175950608433595 2000
110.38379954021931439 1492.6139621303491367 675.62197415460570937 2000
32.449279111636002426 1632.4499081850153743 816.22495409250768716 2000
83.467257434315854425 1648.7744072668654098 1089.255365387363554 2000
861.10694722189464301 4926.2035592726824689 2614.6321720651599207 2000
0 5606.4791688547938975 3524.1291371125453225 2000
# Layered model 48848: value=1.26512
12
0.76631652531648608573 322.44521553649320822 145.95272361417724483 2000
2.5394200309211183431 475.32374998150709189 185.32123022052309125 2000
12.75045087591559323 480.0769874813221918 314.0204886013842156 2000
3.1405026525484416311 499.57003828178363847 320.33230042227205558 2000
2.1037229512441690815 898.58142499807229342 506.27202064974062523 2000
52.101431364863444173 973.03492161199847033 599.58019753561836751 2000
76.119148803047167462 1420.1709698097861292 668.93264767782739 2000
80.821434031847729784 1568.7522751185776997 776.61003718741471857 2000
16.23289898256939523 1857.8802711493058268 800.14209792423037015 2000
16.721503208436814703 2430.4954651960906631 1277.2375803217830708 2000
66.340072340879316926 3512.2518106660995727 1738.7385201317322299 2000
0 5719.1694001487758214 3254.4741319845038561 2000
# Layered model 53253: value=1.26558
12
0.85495509082215437324 227.61865608665786453 144.50764714274973244 2000
2.1978371568097303523 389.54895091733129675 223.88823693662030223 2000
2.4839643841300644844 426.04395060792825234 257.35375500588003206 2000
9.7330928662934823592 514.70751001176006412 323.53562342649479433 2000
2.1867862214544011579 813.47404178018632592 427.48469670322151615 2000
7.3562474365463828008 963.40091248712724337 542.79213112123727569 2000
117.4512114542950485 1187.2875198725116661 731.60178518299630923 2000
54.176824924468320432 1211.1519990219492229 800.14209792423037015 2000
89.825379364825977291 1632.4499081850153743 957.08795062270064591 2000
61.625423434816639201 3308.700083250958869 1203.2155768297477607 2000
2775.7865624413607293 5662.5439605433421093 3353.0879526577659817 2000
0 5834.1247050917663728 3630.9137740961928102 2000
# Layered model 58808: value=1.26647
12
0.74377926966632679218 319.25268864999327434 133.45038765672342151 2000
2.9078104711343728539 438.95350835529916367 237.66187499075354594 2000
3.3786219950363092224 535.60669889535267885 257.35375500588003206 2000
5.4841089831770482022 551.83611747858083163 340.03919178661499245 2000
9.6509745008474236982 562.92802343990035752 343.43958370448115147 2000
8.719693970628181745 1002.5188527717638181 570.47998492361739409 2000
40.007322703815120235 1064.193963574624604 617.74807710114521342 2000
112.33168043909299172 1260.3296269017564555 696.09399559346434216 2000
42.229648102917678898 2382.6051026331638241 857.86062989363665565 2000
37.843188990394907023 3765.6093317169829788 910.63634503936191322 2000
108.14628234016299757 5834.1247050917663728 1453.6155076810953233 2000
0 5892.4659521426838182 3127.4856724648830095 2000
# Layered model 43399: value=1.26928
12
0.69373635353467000275 264.25819337965032219 156.48107472306307386 2000
1.3771853168302055082 306.79555871593584015 167.7688921462945757 2000
5.617917368972817016 447.77647387324060446 275.91805873929041582 2000
2.1670160666746474121 540.96276588430623633 343.43958370448115147 2000
21.857557373657137134 963.40091248712724337 402.70992167335958811 2000
15.194396998706320545 982.76527082811844593 537.41795160518540797 2000
4.652459994516512154 1223.2635190121686719 746.30698106517456836 2000
133.49596278383944536 1298.518874926506669 761.30775138458454876 2000
13.04144946447289044 1492.6139621303491367 768.9208288984302726 2000
113.72592013529248334 1616.287037806945591 1067.7927314845246656 2000
390.37543761960921529 4549.2663375209731385 2720.7967229260157183 2000
0 5606.4791688547938975 3454.6898707112491138 2000
# Layered model 54887: value=1.27217
12
0.68686767676700000163 259.05126299348131624 169.44658106775753481 2000
1.4047632103015241789 322.44521553649320822 172.8524573472194561 2000
5.9894162168766200693 465.95799429615436793 270.48138294215311817 2000
11.501496451458999459 562.92802343990035752 323.53562342649479433 2000
2.804404616655951088 863.51908734050743988 360.95845407556987539 2000
12.415030703138988599 898.58142499807229342 570.47998492361739409 2000
41.204174899281341027 1096.4401048648992401 649.2594374632533345 2000
64.050984957916909934 1187.2875198725116661 768.9208288984302726 2000
135.03914779800493307 1648.7744072668654098 776.61003718741471857 2000
15.747216804962022252 1681.9147728529294454 808.1435189034727955 2000
42.089767449901273721 5719.1694001487758214 2121.5914243386077942 2000
0 5951.3906116641110202 3386.6188321843433187 2000
# Layered model 45772: value=1.27624
12
0.97301864393692660826 218.73705453687213662 133.45038765672342151 2000
3.3948212067651528656 409.41986242002684548 249.78501914089181923 2000
9.1896433494069054149 530.30366227262641132 340.03919178661499245 2000
3.9948150379251874398 714.7692159912274974 350.34271933694122936 2000
26.051762635299180459 1012.5440412994812505 506.27202064974062523 2000
45.073364326347714837 1064.193963574624604 682.37819389615174259 2000
65.374203619245406571 1085.5842622424745514 689.20197583511321682 2000
11.818661227265693014 1378.4039516702264336 875.10362855449875497 2000
57.351136128377589785 2554.4751606435661415 976.32541843021692785 2000
164.9103565008690282 3341.7870840834689261 1424.9735395364134547 2000
38.832495985322225351 5550.9694741136572702 2414.5689438646618328 2000
0 5834.1247050917663728 3489.2367694183617459 2000
# Layered model 35094: value=1.2768
12
0.82981098807256747918 202 129.52563149674065812 2000
1.3251984065050201878 385.69203061121908149 208.82460082733467743 2000
1.4186650628457124768 413.51406104422710541 249.78501914089181923 2000
11.696175040632132536 494.62380027899376955 295.82150505913193683 2000
7.1170986740046622288 736.42743800497760276 449.29071249903614671 2000
55.530588750678099075 1043.2251382948970786 599.58019753561836751 2000
35.245268961615209946 1064.193963574624604 655.75203183788585193 2000
91.25440271166722539 1477.8356060696526129 792.21989893488171219 2000
59.944915599908910053 2504.1419082869974773 957.08795062270064591 2000
29.389814172788419455 4459.627818371702233 1203.2155768297477607 2000
956.79474994724887438 5281.5569875716228125 2775.4847370568286351 2000
0 5951.3906116641110202 3489.2367694183617459 2000
# Layered model 50025: value=1.27703
12
0.87213968814767961479 370.6424604410461825 133.45038765672342151 2000
1.2828697064299081632 434.60743401514764628 213.02197530396412617 2000
2.4738150140376595765 456.77678099809264722 230.67227440403681271 2000
12.238589198635960287 574.24287671104241326 346.87397954152595503 2000
0.94010049022077168956 721.91690815113975077 453.78361962402658492 2000
21.019952134902652574 1012.5440412994812505 462.90467037846951825 2000
62.603040622634779311 1074.8359032103708159 617.74807710114521342 2000
96.974821875158369267 1285.6622524024817267 703.05493554939903333 2000
40.918253619333512461 1364.7563877923034852 875.10362855449875497 2000
13.699495494212186486 2605.8201113725017422 1057.2205262223017144 2000
19.830543219660313525 3341.7870840834689261 1302.9100556862508711 2000
0 5834.1247050917663728 3630.9137740961928102 2000
# Layered model 42996: value=1.27902
12
0.69373635353467000275 266.90077531344684303 159.62634432499663717 2000
1.3978945335338543998 272.26548089724713009 176.32679173989856736 2000
0.72287406603741244382 519.85458511187766817 226.12711930598649701 2000
19.251595278772946074 557.35447865336664108 350.34271933694122936 2000
26.099910166582152016 880.87582099605185704 516.44808826480050357 2000
93.386521689323046758 1260.3296269017564555 675.62197415460570937 2000
15.595534470402810712 1337.86529535565478 753.77005087582631404 2000
29.758728021112204942 1522.6155027691690975 768.9208288984302726 2000
59.66853163897445711 1732.8784723851460967 857.86062989363665565 2000
59.104118793487231187 2178.5107307747271079 1396.8959313169427787 2000
215.29811522366821919 5776.3610941502638525 2917.0623525458831864 2000
0 5951.3906116641110202 3740.9340923650820514 2000
# Layered model 46160: value=1.28222
12
0.87213968814767961479 259.05126299348131624 156.48107472306307386 2000
1.1987819822171958961 303.75797892666912503 190.93664881743518436 2000
2.0369249649491592002 430.30439011400761729 267.80334944767633942 2000
16.473603447936703503 621.82274970571131689 323.53562342649479433 2000
1.1471012547175796215 736.42743800497760276 467.53371708225427028 2000
6.79321800599645087 982.76527082811844593 605.57599951097461144 2000
122.49443379193021997 1285.6622524024817267 746.30698106517456836 2000
100.90591720616365023 1311.5040636757717039 824.38720363343270492 2000
17.753682550209077817 2200.2958380824743472 892.69321148844414893 2000
45.266034982794394637 2580.0199122500016529 1203.2155768297477607 2000
380.30473586365701522 5834.1247050917663728 3454.6898707112491138 2000
0 5892.4659521426838182 3559.3704284836708212 2000
# Layered model 56279: value=1.28235
12
0.75872923298661987257 306.79555871593584015 132.12909668982516109 2000
1.897086976263828717 338.89316213551506962 206.75703052211355271 2000
2.5084166657133870615 574.24287671104241326 320.33230042227205558 2000
11.871854868359882573 743.79171238502738106 330.03868945736735441 2000
15.638272847892231709 758.74192580396641006 394.77494527336500596 2000
11.077400216027641022 854.96939340644303229 553.70225295677414579 2000
17.921925368480756902 1364.7563877923034852 731.60178518299630923 2000
144.78769450625648574 1378.4039516702264336 753.77005087582631404 2000
50.125892547812753719 1477.8356060696526129 768.9208288984302726 2000
37.164665138924362964 1568.7522751185776997 957.08795062270064591 2000
23.02264504614862517 5834.1247050917663728 1302.9100556862508711 2000
0 5951.3906116641110202 3703.8951409555261307 2000
# Layered model 53779: value=1.2868
12
0.76631652531648608573 300.75047418482091643 118.4304431372935511 2000
4.3046099433765601106 378.09237389591123701 228.38839049904632361 2000
2.317896720002615929 447.77647387324060446 278.67723932668332054 2000
2.8672191565997557916 525.05313096299641984 340.03919178661499245 2000
15.222392938734484957 609.57038496785742154 346.87397954152595503 2000
2.7609403040540279051 907.56723924805316983 593.64375993625583305 2000
103.13912894621176974 1074.8359032103708159 623.92555787215667351 2000
73.038704061724928351 1199.160395071236735 746.30698106517456836 2000
37.299609576975683467 1584.4397978697634244 857.86062989363665565 2000
49.126685162367977 3841.2980792844941789 2390.6623206580811711 2000
273.30054124732680521 4077.6153156254085843 2512.6101254070317736 2000
0 5951.3906116641110202 3740.9340923650820514 2000
# Layered model 59305: value=1.28792
12
0.70067371707001668835 208.12080200000002606 130.82088781170807579 2000
2.4134796547392687316 405.36620041586814978 228.38839049904632361 2000
0.87288210162424029193 509.61139605124753871 298.77972010972325734 2000
13.049052269890193401 628.0409772027684312 320.33230042227205558 2000
15.31476432718712033 700.68543867388245872 346.87397954152595503 2000
1.7653903323899342581 1043.2251382948970786 542.79213112123727569 2000
10.295168629584722453 1053.6573896778461403 630.16481345087822774 2000
183.65039811177604179 1351.2439483092114187 800.14209792423037015 2000
47.034477386140736144 1522.6155027691690975 901.62014360332864271 2000
30.583158481358509562 1568.7522751185776997 947.61183229970356479 2000
88.614902930714720242 5387.7162830218130694 3319.889062037392705 2000
0 5776.3610941502638525 3454.6898707112491138 2000
# Layered model 54162: value=1.2922
12
0.71475725878312412753 385.69203061121908149 113.80932804332893227 2000
1.335660236627643771 447.77647387324060446 247.31190013949688478 2000
6.358752525953438095 489.7265349296968111 278.67723932668332054 2000
5.8332942981327828846 628.0409772027684312 323.53562342649479433 2000
21.493002653494166054 751.22962950887767875 467.53371708225427028 2000
30.714265213465644422 880.87582099605185704 511.33474085623817018 2000
4.4425797078479831725 1140.9599698472347882 710.08548490489306459 2000
121.67794546754166163 1247.851115744313347 761.30775138458454876 2000
51.563728992879845237 1420.1709698097861292 849.36696029072936653 2000
21.795811366251200525 2580.0199122500016529 1527.7645075540449398 2000
234.71939758188216274 4975.4655948654090025 1920.6490396422470894 2000
0 5662.5439605433421093 3740.9340923650820514 2000
# Layered model 58446: value=1.29269
12
0.97301864393692660826 345.70491469443891219 137.49406785310981149 2000
1.2919178878240349384 405.36620041586814978 237.66187499075354594 2000
5.4239025075767308692 514.70751001176006412 254.80569802562376935 2000
1.4128777942813348645 634.3213869747961553 353.8461465303106479 2000
13.063578386242452822 729.13607723265113236 360.95845407556987539 2000
14.049783553605973196 889.68457920601224487 570.47998492361739409 2000
69.333913396187838885 1163.8932652411642721 662.30955215626477184 2000
77.675000163742481618 1187.2875198725116661 784.37613755928884984 2000
35.599089888511599611 1648.7744072668654098 792.21989893488171219 2000
86.856362789851402795 3243.5056202832652161 1156.2665195089414283 2000
125.55447643560785309 4877.429266606616693 1637.9703382430489 2000
0 5834.1247050917663728 3254.4741319845038561 2000
# Layered model 57769: value=1.29634
12
1.4060863486135417588 349.16196384138328312 153.39777935796792008 2000
1.6467058990183427447 430.30439011400761729 206.75703052211355271 2000
3.5044131667972826527 438.95350835529916367 287.12143835552120663 2000
11.170615805985349311 540.96276588430623633 330.03868945736735441 2000
6.2740173406385189026 1022.6694817124763404 436.07713910695628101 2000
22.905970917322761693 1043.2251382948970786 553.70225295677414579 2000
19.87595515780914468 1053.6573896778461403 642.83112620124086334 2000
118.27246762054681994 1211.1519990219492229 689.20197583511321682 2000
101.21006664291380162 2504.1419082869974773 1227.4002099240258303 2000
58.180950936455644751 3765.6093317169829788 1264.591663684933792 2000
3824.1135303461205694 5834.1247050917663728 3222.2516158262415047 2000
0 5951.3906116641110202 3454.6898707112491138 2000
# Layered model 58474: value=1.29825
12
0.94440230955509751887 294.82450170063805217 137.49406785310981149 2000
1.3431835875234734434 359.7419205077410993 237.66187499075354594 2000
4.3351915714948887626 430.30439011400761729 240.0384937406610959 2000
3.3316361884990053355 438.95350835529916367 289.99265273907644769 2000
25.781053315918690316 789.54989054673001192 379.37096290198320503 2000
19.267628701501763544 1032.8961765296010071 655.75203183788585193 2000
100.58904943262280085 1064.193963574624604 696.09399559346434216 2000
17.013143854814927636 1163.8932652411642721 761.30775138458454876 2000
78.926201313330210496 1876.459073860799208 824.38720363343270492 2000
17.057605422926428673 3086.0843052591712876 1920.6490396422470894 2000
222.19533259595999652 5334.3725574473392044 2164.2354119678138886 2000
0 5550.9694741136572702 3559.3704284836708212 2000
# Layered model 39195: value=1.30212
12
0.98274883037629590099 338.89316213551506962 178.09005965729755872 2000
2.3894330306416842191 417.64920165466935487 183.48636655497335823 2000
7.7387785273221219029 514.70751001176006412 320.33230042227205558 2000
11.175800845857567722 653.5419593215194709 333.33907635194100294 2000
24.462693923529080564 880.87582099605185704 559.23927548634185314 2000
66.973312154091729553 1012.5440412994812505 642.83112620124086334 2000
16.354959949860429447 1129.6633364824106138 662.30955215626477184 2000
34.150282685045993958 1272.9329231707740746 800.14209792423037015 2000
58.993416227844846844 2312.5330390178828566 849.36696029072936653 2000
70.530512194148201388 3512.2518106660995727 1078.4706587993698577 2000
16.780934305398886863 5387.7162830218130694 1167.8291847040309221 2000
0 5834.1247050917663728 3287.0188733043487446 2000
# Layered model 54874: value=1.30249
12
0.69373635353467000275 223.13366933306332385 134.7848915332906472 2000
1.0204481739490303127 393.44444042650462734 167.7688921462945757 2000
3.9903413669772684891 438.95350835529916367 252.28286933230072009 2000
18.189898708690414253 591.64301011826387366 379.37096290198320503 2000
12.923862754588380852 758.74192580396641006 419.06155936008383378 2000
59.206657157567377681 1064.193963574624604 696.09399559346434216 2000
20.566807550148041628 1152.3695695457072361 724.35820315148146165 2000
79.849167469364402905 1163.8932652411642721 731.60178518299630923 2000
81.406329860886700089 2335.6583694080618443 1111.1493982316494566 2000
24.805666457522193014 4077.6153156254085843 1252.0709541434987386 2000
3824.6349853172878284 5776.3610941502638525 3254.4741319845038561 2000
0 5951.3906116641110202 3454.6898707112491138 2000
# Layered model 51696: value=1.30478
12
1.0025020818668595179 286.15375671831628779 159.62634432499663717 2000
2.8353554345567300032 374.34888504545665455 226.12711930598649701 2000
1.6440797427466566916 484.87775735613541883 257.35375500588003206 2000
5.5139283119274615785 562.92802343990035752 310.91137485285565845 2000
8.8714142402481730443 609.57038496785742154 314.0204886013842156 2000
38.519614592563058864 898.58142499807229342 553.70225295677414579 2000
20.705413998492034011 1074.8359032103708159 710.08548490489306459 2000
137.9006776518829156 1211.1519990219492229 717.18633975394197932 2000
29.582340163989670145 1895.2236645994071296 883.85466484004371068 2000
30.152287668664570219 3728.326071006913935 1920.6490396422470894 2000
18.733759336439447907 4877.429266606616693 2537.7362266611021369 2000
0 5776.3610941502638525 3559.3704284836708212 2000
# Layered model 38340: value=1.3051
12
0.78171948747534747426 223.13366933306332385 133.45038765672342151 2000
1.0199056786359412818 426.04395060792825234 219.47675417764958183 2000
4.4373307923072538017 489.7265349296968111 249.78501914089181923 2000
0.92924792114208987215 525.05313096299641984 289.99265273907644769 2000
16.127744159947273062 797.44538945219721882 402.70992167335958811 2000
21.781534871955976485 1096.4401048648992401 410.80439109899407413 2000
88.941729563971193784 1140.9599698472347882 710.08548490489306459 2000
35.185070400685560799 1163.8932652411642721 731.60178518299630923 2000
70.119299473380664267 1972.1773452290383375 768.9208288984302726 2000
42.966256576564262559 2605.8201113725017422 1482.8331793854854368 2000
3272.7474272126814867 5834.1247050917663728 3667.2229118371546974 2000
0 5892.4659521426838182 3703.8951409555261307 2000
# Layered model 55567: value=1.30561
12
1.0855661017556395009 269.56978306658129441 145.95272361417724483 2000
1.3670356094837239347 342.28209375687021065 215.15219505700380864 2000
3.6028674753561484856 562.92802343990035752 278.67723932668332054 2000
4.2005731586999059957 585.78515853293447435 304.78519248392871077 2000
14.720367108708996895 621.82274970571131689 402.70992167335958811 2000
17.488618539993058931 1002.5188527717638181 444.84228960300612243 2000
9.0952414788948345858 1096.4401048648992401 689.20197583511321682 2000
92.74074062023538545 1406.1098710987980667 768.9208288984302726 2000
107.23048018213316368 1632.4499081850153743 792.21989893488171219 2000
76.198249134298691843 2266.9670022722111753 1156.2665195089414283 2000
139.23480412401636386 5334.3725574473392044 1864.1630355034569675 2000
0 5776.3610941502638525 3630.9137740961928102 2000
# Layered model 57006: value=1.3059
12
1.2111317379416270956 286.15375671831628779 151.87898946333456252 2000
1.5801577891990794544 338.89316213551506962 213.02197530396412617 2000
8.5430011650050303729 551.83611747858083163 284.27865183714970954 2000
9.2471593911050025127 714.7692159912274974 472.20905425307677206 2000
17.352468199715897157 863.51908734050743988 511.33474085623817018 2000
8.509457438197514989 872.15427821391256202 559.23927548634185314 2000
13.416496467375260693 1175.5321978935758125 662.30955215626477184 2000
114.47146966301053794 1260.3296269017564555 703.05493554939903333 2000
40.180061169633631835 1364.7563877923034852 832.63107566976702856 2000
46.178527104272234283 1434.3726795078839586 875.10362855449875497 2000
34.771443097921746812 5892.4659521426838182 1453.6155076810953233 2000
0 5951.3906116641110202 3454.6898707112491138 2000
# Layered model 55112: value=1.30635
12
0.9350517916387104389 274.98813570621962299 141.66027560312687683 2000
2.9799466608649938237 413.51406104422710541 242.43887867806770942 2000
2.5772841360400255972 562.92802343990035752 270.48138294215311817 2000
3.0737132767542183487 579.98530547815289538 333.33907635194100294 2000
16.684461486273342246 621.82274970571131689 371.89585619251369053 2000
6.2099766848632071969 963.40091248712724337 537.41795160518540797 2000
85.297235549675235688 1096.4401048648992401 587.76609894678790624 2000
78.683249948709843125 1260.3296269017564555 776.61003718741471857 2000
11.761734855677559608 1632.4499081850153743 816.22495409250768716 2000
94.450261462731333495 3275.9406764860978001 1369.3715629026005445 2000
17.289413395786766614 5387.7162830218130694 2414.5689438646618328 2000
0 5951.3906116641110202 3667.2229118371546974 2000
# Layered model 46357: value=1.30742
12
0.72190483137095540211 229.89484264752448439 118.4304431372935511 2000
1.2881113390150531473 356.18011931459511743 217.30371700757382314 2000
3.8091706945536252249 489.7265349296968111 281.46401171995017876 2000
4.0366682410727063868 551.83611747858083163 284.27865183714970954 2000
6.5890853971202876238 653.5419593215194709 323.53562342649479433 2000
13.531725724008435208 805.41984334671917622 526.82869483892307017 2000
102.71562335249760167 992.59292353639978046 617.74807710114521342 2000
18.969522267820053685 1043.2251382948970786 689.20197583511321682 2000
20.67583560897304551 1952.6508368604338557 808.1435189034727955 2000
88.352282669024049255 2222.2987964632989133 901.62014360332864271 2000
85.76176651610734325 5496.0093803105519328 1277.2375803217830708 2000
0 5951.3906116641110202 3489.2367694183617459 2000
# Layered model 34339: value=1.30783
12
0.73641511848151164354 434.60743401514764628 130.82088781170807579 2000
3.6751031307275887627 514.70751001176006412 208.82460082733467743 2000
6.8105517430144022484 615.66608881753597871 310.91137485285565845 2000
4.2004780008124846802 634.3213869747961553 326.77097966075973545 2000
14.751675818289179176 686.87916740896230294 383.16467253100307744 2000
5.6822898257713241321 1053.6573896778461403 675.62197415460570937 2000
83.078732644874349944 1140.9599698472347882 682.37819389615174259 2000
67.971548297328254762 1272.9329231707740746 710.08548490489306459 2000
29.749722472096323145 1553.2200743748294371 883.85466484004371068 2000
54.618469603773775134 1857.8802711493058268 1144.8183361474666526 2000
126.96230476673105159 4781.3246413161623423 1574.0572998974403163 2000
0 5550.9694741136572702 3096.5204677870128762 2000
# Layered model 58672: value=1.30804
12
1.0641761609211248807 291.90544722835448965 151.87898946333456252 2000
0.92593885926304198009 338.89316213551506962 192.84601530560954075 2000
15.745904867121574 540.96276588430623633 287.12143835552120663 2000
5.9218262544283000182 647.07124685298958866 364.56803861632556618 2000
2.3327056915048629548 838.12311872016766756 427.48469670322151615 2000
2.5312175107258667595 944.41810850615354411 458.3214558202668627 2000
29.002391252475192118 1107.4045059135482916 662.30955215626477184 2000
97.186053669152670409 1235.4961542022904268 703.05493554939903333 2000
99.336590912420831501 1324.6191043125295437 866.43923619257304836 2000
36.796698157350817837 1785.3864229768882979 883.85466484004371068 2000
153.45723716578106632 5834.1247050917663728 2487.7327974327045013 2000
0 5892.4659521426838182 3740.9340923650820514 2000
# Layered model 54630: value=1.30858
12
0.85495509082215437324 253.94692970638300267 134.7848915332906472 2000
2.3535602423063242128 480.0769874813221918 228.38839049904632361 2000
9.6909647420801618978 574.24287671104241326 314.0204886013842156 2000
3.8009294369212689446 579.98530547815289538 330.03868945736735441 2000
6.5955385273779967292 621.82274970571131689 360.95845407556987539 2000
2.7826415294641861919 707.69229306062129581 431.75954367025371994 2000
44.111818247171257212 1163.8932652411642721 587.76609894678790624 2000
153.37768270857139896 1600.2841958484607403 738.91780303482630643 2000
40.794033671214776859 1665.2621513395340571 1036.3891052076282904 2000
63.367615213630017479 2359.0149531021424991 1396.8959313169427787 2000
95.007170155550340951 3582.8480720604884482 2320.3532954525726382 2000
0 5892.4659521426838182 3740.9340923650820514 2000
# Layered model 51333: value=1.30932
12
1.1638737947412167717 306.79555871593584015 164.46318218438835856 2000
0.9697988731573847776 356.18011931459511743 194.77447545866564838 2000
2.5881911113298126104 535.60669889535267885 275.91805873929041582 2000
13.910254489803293154 557.35447865336664108 301.76751731082049446 2000
20.06427177142256113 729.13607723265113236 453.78361962402658492 2000
10.11606460305959132 872.15427821391256202 576.18478477285361805 2000
32.67642979578828033 1199.160395071236735 761.30775138458454876 2000
74.768431968946416077 1463.2035703659926185 792.21989893488171219 2000
62.565765813660817685 1616.287037806945591 824.38720363343270492 2000
77.866375530495758994 1732.8784723851460967 919.74270848975561421 2000
56.725917991653489025 5834.1247050917663728 1721.5232872591411706 2000
0 5951.3906116641110202 3559.3704284836708212 2000
# Layered model 55421: value=1.31071
12
0.70768045424071690519 264.25819337965032219 156.48107472306307386 2000
1.8445067214078267881 306.79555871593584015 179.87096025387054965 2000
1.9854311055153095467 461.34454880807362542 270.48138294215311817 2000
1.4551242738004708244 615.66608881753597871 340.03919178661499245 2000
12.354357027175154826 721.91690815113975077 379.37096290198320503 2000
30.953479607809519791 751.22962950887767875 444.84228960300612243 2000
87.41241945624230425 1247.851115744313347 731.60178518299630923 2000
19.544317762057261234 1324.6191043125295437 768.9208288984302726 2000
71.450860432430062019 1364.7563877923034852 824.38720363343270492 2000
63.13532649468567115 1665.2621513395340571 866.43923619257304836 2000
52.177978487965560817 5126.2271778554259072 2297.3795004480916759 2000
0 5719.1694001487758214 3740.9340923650820514 2000
# Layered model 49566: value=1.31196
12
0.87213968814767961479 225.36500602639395652 144.50764714274973244 2000
3.8107758281318253601 456.77678099809264722 259.92729255593883408 2000
5.9944990252424910082 557.35447865336664108 267.80334944767633942 2000
2.4752623043364359035 640.66460084454411117 330.03868945736735441 2000
16.722792274265493973 789.54989054673001192 481.70045624356362168 2000
17.032340358251868651 1002.5188527717638181 642.83112620124086334 2000
73.216789266414750159 1032.8961765296010071 682.37819389615174259 2000
44.103411201934363817 1163.8932652411642721 710.08548490489306459 2000
43.974644443772234581 1857.8802711493058268 976.32541843021692785 2000
88.486803361907988119 3547.3743287727602365 1277.2375803217830708 2000
240.07424353571752818 5229.2643441303198415 1670.8935420417344631 2000
0 5387.7162830218130694 3559.3704284836708212 2000
# Layered model 38969: value=1.31199
12
1.0964217627731958071 227.61865608665786453 144.50764714274973244 2000
4.3402977722477800171 409.41986242002684548 257.35375500588003206 2000
11.438494822461347411 609.57038496785742154 307.83304440876798935 2000
8.489198845779174718 693.74795908305191006 410.80439109899407413 2000
5.7241197637706306978 1002.5188527717638181 662.30955215626477184 2000
73.932534659692180412 1053.6573896778461403 696.09399559346434216 2000
30.338336973465104052 1107.4045059135482916 717.18633975394197932 2000
20.897911808059149052 1507.5401017516526281 816.22495409250768716 2000
102.89582955384295815 2114.4410524446034287 995.94955934066422287 2000
75.163961209600245184 2878.446549863554992 1369.3715629026005445 2000
75.987172417583508377 5281.5569875716228125 1439.223274931777496 2000
0 5776.3610941502638525 3190.3481344814276781 2000
# Layered model 48355: value=1.31215
12
0.73641511848151164354 259.05126299348131624 143.07687835915814389 2000
2.0827873039306017411 349.16196384138328312 215.15219505700380864 2000
5.0241822816162660104 401.35267367907738389 242.43887867806770942 2000
8.0464819157445894859 603.53503462164098892 379.37096290198320503 2000
16.140679984693203863 821.60878219798814825 414.91243500998399441 2000
3.4709520461244096623 1118.4785509726837063 506.27202064974062523 2000
38.269325384793667411 1272.9329231707740746 746.30698106517456836 2000
95.433458840736378193 1477.8356060696526129 776.61003718741471857 2000
63.080828319055626707 1507.5401017516526281 849.36696029072936653 2000
61.466827173541702223 1632.4499081850153743 857.86062989363665565 2000
59.663437375340663493 4328.4708239356277772 2487.7327974327045013 2000
0 5719.1694001487758214 3703.8951409555261307 2000
# Layered model 58497: value=1.31283
12
1.175512532688628875 239.22949513733300364 148.88637335882222601 2000
0.89540913767624652486 342.28209375687021065 217.30371700757382314 2000
2.7458515708260295973 628.0409772027684312 257.35375500588003206 2000
17.917951893814137776 634.3213869747961553 333.33907635194100294 2000
8.9786873446644328567 766.32934506200615488 423.25217495368474374 2000
1.7306051685030290344 838.12311872016766756 427.48469670322151615 2000
6.3629833886761417716 1140.9599698472347882 738.91780303482630643 2000
141.60289236255508172 1163.8932652411642721 753.77005087582631404 2000
75.177379830389867266 1235.4961542022904268 768.9208288984302726 2000
40.102184522611537432 2200.2958380824743472 1167.8291847040309221 2000
39.573145740713073337 5776.3610941502638525 2079.7876917347393828 2000
0 5834.1247050917663728 3703.8951409555261307 2000
# Layered model 55827: value=1.31288
12
1.0328788974495071162 294.82450170063805217 128.24319950172341009 2000
2.0504412726586966897 443.343043438852078 247.31190013949688478 2000
1.92903337993574997 546.37239354314931461 278.67723932668332054 2000
8.0100987725881580559 562.92802343990035752 304.78519248392871077 2000
6.648121748007374876 568.55730367429941907 364.56803861632556618 2000
70.789267375555169792 1064.193963574624604 642.83112620124086334 2000
5.0922842459861072939 1163.8932652411642721 662.30955215626477184 2000
104.83725632528870619 1247.851115744313347 746.30698106517456836 2000
38.93420033203182129 1972.1773452290383375 957.08795062270064591 2000
160.56898147278599254 3055.5290151080898795 1738.7385201317322299 2000
210.99459779422630845 4285.6146771639878352 2320.3532954525726382 2000
0 5951.3906116641110202 3287.0188733043487446 2000
# Layered model 58734: value=1.31498
12
0.90755205676662487058 332.21562801246449226 137.49406785310981149 2000
3.5039661924424754247 366.97273310994671647 237.66187499075354594 2000
6.372670437728116255 597.55944021944651467 273.1861967715746573 2000
0.77257653783505020328 615.66608881753597871 368.21371900248880138 2000
7.159111058968214536 660.07737891473470881 398.72269472609860941 2000
49.74734923769814543 1187.2875198725116661 576.18478477285361805 2000
32.967281333570781499 1235.4961542022904268 649.2594374632533345 2000
79.979386544394316161 1260.3296269017564555 717.18633975394197932 2000
20.669551724397138059 1298.518874926506669 776.61003718741471857 2000
66.509650574386427024 2793.7918626338855574 938.22953693039960399 2000
306.89424418061594224 5892.4659521426838182 3005.4522588903760152 2000
0 5951.3906116641110202 3127.4856724648830095 2000
# Layered model 44258: value=1.31528
12
0.78953668235010099341 294.82450170063805217 132.12909668982516109 2000
1.6387818436294669944 405.36620041586814978 226.12711930598649701 2000
1.9322434529847964946 465.95799429615436793 262.52656548149820992 2000
15.815352228712081128 591.64301011826387366 307.83304440876798935 2000
4.0659427389871183323 846.50434990736948748 453.78361962402658492 2000
42.872372561657812184 973.03492161199847033 587.76609894678790624 2000
38.434762661333920164 1118.4785509726837063 689.20197583511321682 2000
27.710569638598940401 1260.3296269017564555 776.61003718741471857 2000
144.58768758745205218 1895.2236645994071296 976.32541843021692785 2000
98.869634966668229481 2936.303325515812503 1383.0652785316265181 2000
2746.9614004134482457 5719.1694001487758214 3319.889062037392705 2000
0 5951.3906116641110202 3630.9137740961928102 2000
# Layered model 57398: value=1.31532
12
1.0328788974495071162 241.62179008870637631 141.66027560312687683 2000
1.1221304971280805507 389.54895091733129675 196.72222021325231367 2000
1.016445234012588017 525.05313096299641984 215.15219505700380864 2000
11.797518509391817787 585.78515853293447435 304.78519248392871077 2000
1.8065106692636021535 693.74795908305191006 340.03919178661499245 2000
26.976276999997995887 829.82487001996798881 506.27202064974062523 2000
69.411045077109804424 1260.3296269017564555 731.60178518299630923 2000
43.094510523895152687 1337.86529535565478 866.43923619257304836 2000
80.696725521950753546 1477.8356060696526129 901.62014360332864271 2000
117.930304023185613 2406.4311536594955214 966.65883012892766146 2000
20.273196931157144718 5441.5934458520314365 2343.5568284070982372 2000
0 5719.1694001487758214 3778.3434332887322853 2000
# Layered model 42773: value=1.31692
12
0.69373635353467000275 286.15375671831628779 134.7848915332906472 2000
2.579270137789690942 465.95799429615436793 226.12711930598649701 2000
2.0477078039837546264 470.61757423911592468 232.97899714807718397 2000
2.0646933300070839934 480.0769874813221918 314.0204886013842156 2000
27.299084550263739146 680.0783835732299849 394.77494527336500596 2000
21.985252300946790172 846.50434990736948748 532.096981787312302 2000
14.931490536722101581 1043.2251382948970786 630.16481345087822774 2000
124.83968452157175477 1223.2635190121686719 800.14209792423037015 2000
57.605885643193886381 1463.2035703659926185 866.43923619257304836 2000
22.680808708924644179 4415.4730874967344789 1179.5074765510712496 2000
117.56673405553738121 5387.7162830218130694 1920.6490396422470894 2000
0 5606.4791688547938975 3096.5204677870128762 2000
# Layered model 50838: value=1.31992
12
0.68006700669999997633 286.15375671831628779 143.07687835915814389 2000
1.607518890378571097 309.86351430309520083 198.68944241538483197 2000
7.9731996072190689517 504.56573866460144018 287.12143835552120663 2000
15.103627698963858705 673.34493423092078501 317.16069348739807765 2000
2.2250812929613594804 854.96939340644303229 453.78361962402658492 2000
3.9162829769956459813 898.58142499807229342 467.53371708225427028 2000
24.32660606949373161 1223.2635190121686719 761.30775138458454876 2000
100.42493286553632004 1272.9329231707740746 768.9208288984302726 2000
108.10480778768098276 1378.4039516702264336 800.14209792423037015 2000
32.327333556475593923 1477.8356060696526129 857.86062989363665565 2000
60.260071749094095139 5892.4659521426838182 1721.5232872591411706 2000
0 5951.3906116641110202 3594.9641327685076249 2000
