# 60262 2_reports/tar1_ln7_tr2.report
# Layered model 40881: value=0.887036
7
0.898566392838242467 378.09237389591123701 140.25769861695729901 2000
4.4310282890762522356 389.54895091733129675 235.30878711955796234 2000
16.311720132895032975 562.92802343990035752 353.8461465303106479 2000
118.8020125409146317 1085.5842622424745514 649.2594374632533345 2000
118.40945909762533006 2359.0149531021424991 919.74270848975561421 2000
87.757368796026412383 2382.6051026331638241 1290.0099561250008264 2000
0 5177.4894496339802572 3420.4850205061870838 2000
# Layered model 45924: value=0.91898
7
0.82981098807256747918 335.53778429258915139 132.12909668982516109 2000
7.1845796509208472713 401.35267367907738389 244.86326746484840555 2000
17.11050401438928148 653.5419593215194709 423.25217495368474374 2000
36.983236289408765174 898.58142499807229342 576.18478477285361805 2000
160.8545807266636416 1272.9329231707740746 746.30698106517456836 2000
84.636202075638067299 2135.5854629690493312 1252.0709541434987386 2000
0 5387.7162830218130694 3559.3704284836708212 2000
# Layered model 59840: value=0.933634
7
0.67333366999999999525 246.47838806948934121 114.9474213237622422 2000
6.510154741182476279 405.36620041586814978 235.30878711955796234 2000
21.985734288336498565 615.66608881753597871 390.86628244887617711 2000
9.3539917568991555186 907.56723924805316983 553.70225295677414579 2000
157.38578131989447684 1378.4039516702264336 703.05493554939903333 2000
121.01047265417065546 1392.1879911869286843 919.74270848975561421 2000
0 5281.5569875716228125 3489.2367694183617459 2000
# Layered model 46351: value=1.02767
7
0.78171948747534747426 328.92636436877671713 119.61474756866650182 2000
5.918449849414020747 385.69203061121908149 237.66187499075354594 2000
21.053345195862839034 579.98530547815289538 375.61481475443883937 2000
8.9000021988459181443 673.34493423092078501 427.48469670322151615 2000
155.39529787119829507 1163.8932652411642721 731.60178518299630923 2000
86.416469288368602975 1750.2072571089975099 824.38720363343270492 2000
0 5550.9694741136572702 3353.0879526577659817 2000
# Layered model 55868: value=1.03029
7
0.80540636966533807328 345.70491469443891219 122.0190039947966909 2000
5.443962540446511511 397.37888483076966395 259.92729255593883408 2000
9.6478463692477536284 562.92802343990035752 353.8461465303106479 2000
11.568809642113521363 628.0409772027684312 414.91243500998399441 2000
64.500541202405614172 1163.8932652411642721 662.30955215626477184 2000
209.57143382229628514 1337.86529535565478 808.1435189034727955 2000
0 5550.9694741136572702 3454.6898707112491138 2000
# Layered model 55857: value=1.03356
7
0.81346043336199147511 277.73801706328180217 124.4715859750921112 2000
8.6780179151516865232 430.30439011400761729 257.35375500588003206 2000
8.0689373814920060113 615.66608881753597871 375.61481475443883937 2000
33.848963299915226344 925.80934075693903651 581.94663262058213604 2000
173.78295975622876313 1378.4039516702264336 682.37819389615174259 2000
85.482564096394469288 1750.2072571089975099 1100.1479190412371736 2000
0 5441.5934458520314365 3559.3704284836708212 2000
# Layered model 58082: value=1.05063
7
1.1409408829930562934 342.28209375687021065 151.87898946333456252 2000
6.0425475281894200918 434.60743401514764628 237.66187499075354594 2000
3.3882091546808856819 562.92802343990035752 353.8461465303106479 2000
34.599801039548466974 700.68543867388245872 453.78361962402658492 2000
213.68128784793765362 1392.1879911869286843 816.22495409250768716 2000
64.43676329258653368 1972.1773452290383375 947.61183229970356479 2000
0 5281.5569875716228125 3489.2367694183617459 2000
# Layered model 59385: value=1.07518
7
0.86350464173037588811 269.56978306658129441 138.86900853164090108 2000
5.0825554454374328728 352.65358347979713471 226.12711930598649701 2000
15.480984283930734335 640.66460084454411117 375.61481475443883937 2000
8.3147248920665930427 872.15427821391256202 436.07713910695628101 2000
180.29919090440256468 1337.86529535565478 655.75203183788585193 2000
32.213525130398579677 1648.7744072668654098 857.86062989363665565 2000
0 5126.2271778554259072 3353.0879526577659817 2000
# Layered model 53515: value=1.07663
7
1.6652342935560080495 294.82450170063805217 159.62634432499663717 2000
7.7322690218040683874 443.343043438852078 284.27865183714970954 2000
3.7612563093602577879 673.34493423092078501 371.89585619251369053 2000
23.494757106877791841 686.87916740896230294 453.78361962402658492 2000
202.39268865086691562 1223.2635190121686719 746.30698106517456836 2000
20.683392511972584771 2504.1419082869974773 761.30775138458454876 2000
0 5441.5934458520314365 3353.0879526577659817 2000
# Layered model 51729: value=1.08117
7
0.92579385310763406824 409.41986242002684548 133.45038765672342151 2000
5.7743754837817347081 443.343043438852078 257.35375500588003206 2000
16.045070030853473497 514.70751001176006412 333.33907635194100294 2000
4.4488447129236199373 743.79171238502738106 406.73702089009316296 2000
159.20660329399046873 1311.5040636757717039 696.09399559346434216 2000
106.26912459890715468 1378.4039516702264336 808.1435189034727955 2000
0 4926.2035592726824689 3222.2516158262415047 2000
# Layered model 58851: value=1.08304
7
0.81346043336199147511 401.35267367907738389 122.0190039947966909 2000
9.26193509257837988 413.51406104422710541 247.31190013949688478 2000
16.595186430352690365 758.74192580396641006 436.07713910695628101 2000
25.772125592129256688 880.87582099605185704 581.94663262058213604 2000
184.23670372134506579 1434.3726795078839586 731.60178518299630923 2000
30.920253170469635506 2554.4751606435661415 761.30775138458454876 2000
0 5387.7162830218130694 3420.4850205061870838 2000
# Layered model 57129: value=1.08472
7
0.83810909795329313621 359.7419205077410993 136.13274044862356504 2000
7.1762815410401223915 397.37888483076966395 242.43887867806770942 2000
8.5283153285414599054 628.0409772027684312 394.77494527336500596 2000
43.141987101052720277 863.51908734050743988 548.22005243244962003 2000
138.18339266548815658 1272.9329231707740746 792.21989893488171219 2000
145.31028579995978589 2766.1305570632530362 919.74270848975561421 2000
0 5441.5934458520314365 3353.0879526577659817 2000
# Layered model 57786: value=1.08505
7
0.79743204917360199779 316.09177094058742341 141.66027560312687683 2000
2.2553601984582822837 370.6424604410461825 221.671521719426039 2000
13.326124551907593485 434.60743401514764628 284.27865183714970954 2000
86.787541829659645032 973.03492161199847033 642.83112620124086334 2000
166.1967889538300085 2266.9670022722111753 792.21989893488171219 2000
70.417318292253582968 2766.1305570632530362 1738.7385201317322299 2000
0 5281.5569875716228125 3353.0879526577659817 2000
# Layered model 57729: value=1.09099
7
0.81346043336199147511 218.73705453687213662 124.4715859750921112 2000
3.8230895827563298184 401.35267367907738389 265.15183113631320566 2000
17.004764798691208938 509.61139605124753871 326.77097966075973545 2000
1.5503782954091143154 1129.6633364824106138 414.91243500998399441 2000
230.56067082797324019 1285.6622524024817267 746.30698106517456836 2000
117.86063690396315451 2793.7918626338855574 1809.3382763905467527 2000
0 5606.4791688547938975 3667.2229118371546974 2000
# Layered model 48168: value=1.09324
7
0.72912387968466496613 378.09237389591123701 125.71630183484305121 2000
3.4267258672197487002 401.35267367907738389 219.47675417764958183 2000
10.379607277529306231 494.62380027899376955 314.0204886013842156 2000
72.575978089931865611 916.6429116405337254 548.22005243244962003 2000
140.3328270596455809 1420.1709698097861292 892.69321148844414893 2000
105.64128421877649089 1750.2072571089975099 1133.4835011361055876 2000
0 5281.5569875716228125 3454.6898707112491138 2000
# Layered model 57083: value=1.10043
7
0.86350464173037588811 359.7419205077410993 133.45038765672342151 2000
2.5086772192876045651 401.35267367907738389 247.31190013949688478 2000
7.4120068259192368743 426.04395060792825234 254.80569802562376935 2000
48.900504381650378605 889.68457920601224487 511.33474085623817018 2000
114.17459345557531947 1406.1098710987980667 675.62197415460570937 2000
124.69318867006981577 1477.8356060696526129 883.85466484004371068 2000
0 5550.9694741136572702 3594.9641327685076249 2000
# Layered model 48171: value=1.10494
7
0.70768045424071690519 300.75047418482091643 117.25786449236984765 2000
1.9481357550097317954 393.44444042650462734 259.92729255593883408 2000
11.037241822859627405 443.343043438852078 265.15183113631320566 2000
56.991788454151731003 935.06743416450854056 559.23927548634185314 2000
93.09846598852176669 1378.4039516702264336 696.09399559346434216 2000
149.99833943658600788 1406.1098710987980667 928.94013557465291342 2000
0 5441.5934458520314365 3524.1291371125453225 2000
# Layered model 52948: value=1.11145
7
0.78171948747534747426 300.75047418482091643 137.49406785310981149 2000
5.7864300438346898403 413.51406104422710541 223.88823693662030223 2000
19.061755504605653044 660.07737891473470881 386.9963192563130292 2000
18.213106477624350532 1152.3695695457072361 521.6125691474485393 2000
217.59830280434294991 1364.7563877923034852 776.61003718741471857 2000
52.340337593486594869 2135.5854629690493312 1355.8134286164361129 2000
0 5387.7162830218130694 3420.4850205061870838 2000
# Layered model 54385: value=1.11242
7
0.74377926966632679218 335.53778429258915139 134.7848915332906472 2000
6.7313875767986868226 370.6424604410461825 228.38839049904632361 2000
16.193620448018052116 647.07124685298958866 406.73702089009316296 2000
72.556431309167692234 973.03492161199847033 576.18478477285361805 2000
140.45419266611662579 1351.2439483092114187 768.9208288984302726 2000
67.873968675869406297 2135.5854629690493312 1383.0652785316265181 2000
0 5550.9694741136572702 3454.6898707112491138 2000
# Layered model 51109: value=1.11677
7
0.96338479597715509506 266.90077531344684303 133.45038765672342151 2000
7.2938498937684004275 456.77678099809264722 267.80334944767633942 2000
10.016204336165436928 591.64301011826387366 320.33230042227205558 2000
26.00800260276445286 925.80934075693903651 570.47998492361739409 2000
185.43726316707582669 1223.2635190121686719 753.77005087582631404 2000
84.062947115618300131 2156.9413175987397153 1355.8134286164361129 2000
0 5662.5439605433421093 3319.889062037392705 2000
# Layered model 58249: value=1.12065
7
0.9166275773342911215 306.79555871593584015 134.7848915332906472 2000
4.9705606277823513039 359.7419205077410993 237.66187499075354594 2000
22.42417196974388105 640.66460084454411117 398.72269472609860941 2000
57.937585482927190128 992.59292353639978046 587.76609894678790624 2000
188.52850320166027132 1972.1773452290383375 808.1435189034727955 2000
42.142019571035291392 2244.5217844279318342 1302.9100556862508711 2000
0 5441.5934458520314365 3190.3481344814276781 2000
# Layered model 46395: value=1.12125
7
0.78171948747534747426 325.66966769185813746 128.24319950172341009 2000
6.6934473589896654744 409.41986242002684548 249.78501914089181923 2000
1.4513365810429341707 551.83611747858083163 257.35375500588003206 2000
25.260893396563695035 673.34493423092078501 419.06155936008383378 2000
169.67628977583234473 1223.2635190121686719 731.60178518299630923 2000
113.05578183057929209 1698.7339205814587331 824.38720363343270492 2000
0 5177.4894496339802572 3287.0188733043487446 2000
# Layered model 46269: value=1.12374
7
0.67333366999999999525 274.98813570621962299 129.52563149674065812 2000
4.8726639276748979768 363.33933971281851427 221.671521719426039 2000
12.91017581849520468 653.5419593215194709 346.87397954152595503 2000
29.973787146344427867 863.51908734050743988 472.20905425307677206 2000
185.90609019963136461 1378.4039516702264336 724.35820315148146165 2000
15.25898769483407591 1632.4499081850153743 824.38720363343270492 2000
0 4975.4655948654090025 3222.2516158262415047 2000
# Layered model 59853: value=1.12982
7
0.67333366999999999525 345.70491469443891219 117.25786449236984765 2000
11.02388774869054977 443.343043438852078 257.35375500588003206 2000
10.379083823896653627 615.66608881753597871 371.89585619251369053 2000
5.9417867798075327812 846.50434990736948748 553.70225295677414579 2000
188.38731927921043052 1235.4961542022904268 675.62197415460570937 2000
45.921482571776834902 2684.7790665672000614 1036.3891052076282904 2000
0 5606.4791688547938975 3594.9641327685076249 2000
# Layered model 60024: value=1.13177
7
0.86350464173037588811 280.51539723391459802 138.86900853164090108 2000
4.4660900401841185925 349.16196384138328312 230.67227440403681271 2000
19.056380536378696888 557.35447865336664108 353.8461465303106479 2000
22.619667368207768021 766.32934506200615488 462.90467037846951825 2000
185.01024925720784609 1463.2035703659926185 753.77005087582631404 2000
46.449392047456228738 1895.2236645994071296 928.94013557465291342 2000
0 5441.5934458520314365 3287.0188733043487446 2000
# Layered model 44237: value=1.13357
7
0.97301864393692660826 316.09177094058742341 134.7848915332906472 2000
7.968383309798847236 421.82569367121607229 252.28286933230072009 2000
25.603837749008580005 640.66460084454411117 375.61481475443883937 2000
178.75866665381238363 1223.2635190121686719 731.60178518299630923 2000
30.547127754095839691 2580.0199122500016529 857.86062989363665565 2000
150.62365450860133365 3512.2518106660995727 1369.3715629026005445 2000
0 5834.1247050917663728 3559.3704284836708212 2000
# Layered model 57642: value=1.13671
7
0.92579385310763406824 401.35267367907738389 143.07687835915814389 2000
4.247058237606142761 452.25423861197299402 237.66187499075354594 2000
19.213123127579414984 494.62380027899376955 323.53562342649479433 2000
2.5388605051389454559 872.15427821391256202 398.72269472609860941 2000
207.41121503871374898 1199.160395071236735 724.35820315148146165 2000
58.333761211418192261 1839.4854169795112284 995.94955934066422287 2000
0 4829.1378877293236656 3158.7605291895320079 2000
# Layered model 58147: value=1.13914
7
0.898566392838242467 297.77274671764445202 126.97346485319150133 2000
8.4989369225218336368 405.36620041586814978 265.15183113631320566 2000
9.4296391864750468415 693.74795908305191006 326.77097966075973545 2000
19.696071954583008079 863.51908734050743988 570.47998492361739409 2000
146.03192155809369979 1298.518874926506669 682.37819389615174259 2000
88.423281680973929042 2156.9413175987397153 800.14209792423037015 2000
0 5496.0093803105519328 3454.6898707112491138 2000
# Layered model 57586: value=1.13939
7
0.82981098807256747918 319.25268864999327434 137.49406785310981149 2000
4.0919802833064231606 345.70491469443891219 228.38839049904632361 2000
18.050900490041279056 591.64301011826387366 383.16467253100307744 2000
31.059082268426795537 773.9926385126260584 496.29646176819989023 2000
187.40489340644262484 1492.6139621303491367 710.08548490489306459 2000
98.343898438993022637 1991.8991186813284457 1315.9391562431133025 2000
0 5126.2271778554259072 3254.4741319845038561 2000
# Layered model 44398: value=1.14251
7
0.92579385310763406824 289.01529428549946488 148.88637335882222601 2000
4.7316782962805294943 349.16196384138328312 230.67227440403681271 2000
13.169670352446960493 660.07737891473470881 431.75954367025371994 2000
39.102232572621360873 743.79171238502738106 491.38263541405922297 2000
203.51193924342649666 1364.7563877923034852 792.21989893488171219 2000
19.808622412193699347 1750.2072571089975099 986.08867261451916875 2000
0 5281.5569875716228125 3254.4741319845038561 2000
# Layered model 58594: value=1.14489
7
0.79743204917360199779 378.09237389591123701 128.24319950172341009 2000
8.3236920838322614458 409.41986242002684548 237.66187499075354594 2000
4.4363590671031207791 597.55944021944651467 375.61481475443883937 2000
15.59825571094398633 797.44538945219721882 410.80439109899407413 2000
217.13380554070616313 1175.5321978935758125 717.18633975394197932 2000
16.037349421622877799 2244.5217844279318342 1078.4706587993698577 2000
0 5719.1694001487758214 3594.9641327685076249 2000
# Layered model 59087: value=1.14735
7
0.92579385310763406824 259.05126299348131624 134.7848915332906472 2000
10.315006015317385035 421.82569367121607229 267.80334944767633942 2000
15.42978208786804295 653.5419593215194709 423.25217495368474374 2000
11.093572985789215579 863.51908734050743988 570.47998492361739409 2000
253.91764395295749068 1448.7164063029629233 832.63107566976702856 2000
51.496572638995758098 2382.6051026331638241 995.94955934066422287 2000
0 5606.4791688547938975 3594.9641327685076249 2000
# Layered model 59446: value=1.15945
7
1.0432076864240023006 277.73801706328180217 145.95272361417724483 2000
10.889127882782226209 438.95350835529916367 267.80334944767633942 2000
6.7083995811255743291 609.57038496785742154 357.3846079956137487 2000
65.908765543509687745 1043.2251382948970786 553.70225295677414579 2000
152.1299105759258623 1364.7563877923034852 784.37613755928884984 2000
41.785872621397658122 2479.3484240465322728 910.63634503936191322 2000
0 5719.1694001487758214 3386.6188321843433187 2000
# Layered model 47340: value=1.16117
7
0.83810909795329313621 236.86088627458710221 125.71630183484305121 2000
7.6693280601262419083 546.37239354314931461 257.35375500588003206 2000
12.707458258849714028 729.13607723265113236 340.03919178661499245 2000
26.735560585560381952 1022.6694817124763404 542.79213112123727569 2000
195.90057810816296069 1211.1519990219492229 724.35820315148146165 2000
95.9295317646301271 3308.700083250958869 1329.0985478055445128 2000
0 5892.4659521426838182 3524.1291371125453225 2000
# Layered model 53303: value=1.16474
7
0.69373635353467000275 352.65358347979713471 123.2391940347446706 2000
8.3370796197384624548 393.44444042650462734 242.43887867806770942 2000
7.844398384209192443 729.13607723265113236 375.61481475443883937 2000
53.10978216356896553 863.51908734050743988 570.47998492361739409 2000
129.86177007036519626 1392.1879911869286843 738.91780303482630643 2000
107.75214715367667395 2114.4410524446034287 1036.3891052076282904 2000
0 5387.7162830218130694 3420.4850205061870838 2000
# Layered model 50352: value=1.16751
7
1.1296444386069863786 241.62179008870637631 145.95272361417724483 2000
3.506905577511335359 426.04395060792825234 228.38839049904632361 2000
17.004764798691208938 551.83611747858083163 346.87397954152595503 2000
16.122840127272748845 872.15427821391256202 444.84228960300612243 2000
203.67251249420741033 1568.7522751185776997 738.91780303482630643 2000
115.67612212729753196 2312.5330390178828566 1355.8134286164361129 2000
0 5334.3725574473392044 3489.2367694183617459 2000
# Layered model 59940: value=1.16772
7
1.0025020818668595179 328.92636436877671713 148.88637335882222601 2000
5.0630738130530223984 378.09237389591123701 247.31190013949688478 2000
6.3305709114033428264 562.92802343990035752 357.3846079956137487 2000
23.894463819021453332 751.22962950887767875 444.84228960300612243 2000
195.72528121836413106 1406.1098710987980667 662.30955215626477184 2000
30.311002029673204561 2793.7918626338855574 1277.2375803217830708 2000
0 5892.4659521426838182 3454.6898707112491138 2000
# Layered model 57649: value=1.17099
7
0.75872923298661987257 303.75797892666912503 136.13274044862356504 2000
4.5708654489278748301 356.18011931459511743 235.30878711955796234 2000
12.762919205126090461 574.24287671104241326 350.34271933694122936 2000
74.37802983463004125 916.6429116405337254 532.096981787312302 2000
117.57041644589708085 1448.7164063029629233 738.91780303482630643 2000
123.04458622521994471 2529.1833273698675839 1179.5074765510712496 2000
0 5126.2271778554259072 3319.889062037392705 2000
# Layered model 58350: value=1.17231
7
1.1409408829930562934 381.87329763487036871 148.88637335882222601 2000
5.9010044274495241368 480.0769874813221918 235.30878711955796234 2000
31.499085153875277854 579.98530547815289538 383.16467253100307744 2000
3.591241843127932043 889.68457920601224487 511.33474085623817018 2000
229.92460775141361751 1378.4039516702264336 776.61003718741471857 2000
17.715211004075342771 1392.1879911869286843 840.95738642646472272 2000
0 5387.7162830218130694 3254.4741319845038561 2000
# Layered model 38943: value=1.1746
7
0.78171948747534747426 309.86351430309520083 133.45038765672342151 2000
3.7184702785428567218 540.96276588430623633 219.47675417764958183 2000
26.463527906889289909 546.37239354314931461 336.67246711546039251 2000
92.438581391941781362 1118.4785509726837063 696.09399559346434216 2000
145.96094851817986182 1392.1879911869286843 792.21989893488171219 2000
67.053154273686402576 4975.4655948654090025 2366.9923966911692332 2000
0 5719.1694001487758214 3254.4741319845038561 2000
# Layered model 52615: value=1.17636
7
0.70067371707001668835 202 129.52563149674065812 2000
8.6037850110092666256 393.44444042650462734 247.31190013949688478 2000
8.431561159226458102 634.3213869747961553 398.72269472609860941 2000
8.6582902033051212243 898.58142499807229342 462.90467037846951825 2000
192.17515532401034761 1406.1098710987980667 655.75203183788585193 2000
107.95297982877417553 2504.1419082869974773 1654.3500416254794345 2000
0 5387.7162830218130694 3287.0188733043487446 2000
# Layered model 59362: value=1.1805
7
1.5225900312882763021 345.70491469443891219 171.14104687843510533 2000
3.6502620594255006381 393.44444042650462734 217.30371700757382314 2000
20.71335199556106943 609.57038496785742154 379.37096290198320503 2000
1.5798208351982765407 953.86228959121501703 516.44808826480050357 2000
148.13185446793141864 1235.4961542022904268 668.93264767782739 2000
185.08603806981855655 1895.2236645994071296 1227.4002099240258303 2000
0 5834.1247050917663728 3353.0879526577659817 2000
# Layered model 56331: value=1.18129
7
1.7156925578850485969 253.94692970638300267 167.7688921462945757 2000
1.2179807878787105579 417.64920165466935487 219.47675417764958183 2000
18.9240546171938675 535.60669889535267885 320.33230042227205558 2000
8.7852466506506736721 1085.5842622424745514 491.38263541405922297 2000
223.10938932458358863 1406.1098710987980667 731.60178518299630923 2000
96.323892863677770038 1895.2236645994071296 1215.2477325980453315 2000
0 5662.5439605433421093 3287.0188733043487446 2000
# Layered model 59348: value=1.18686
7
0.68686767676700000163 405.36620041586814978 119.61474756866650182 2000
9.3885278491733714645 426.04395060792825234 259.92729255593883408 2000
0.70879316099684608332 609.57038496785742154 357.3846079956137487 2000
44.333624000909779284 907.56723924805316983 486.51746080599923516 2000
161.28759861375817763 1096.4401048648992401 724.35820315148146165 2000
51.194253138631836464 2289.6366722949333052 875.10362855449875497 2000
0 5441.5934458520314365 3524.1291371125453225 2000
# Layered model 57712: value=1.19759
7
0.76631652531648608573 325.66966769185813746 116.09689553699986675 2000
8.1750854284192868704 378.09237389591123701 244.86326746484840555 2000
1.950628620070816055 603.53503462164098892 336.67246711546039251 2000
47.03734450064989403 898.58142499807229342 481.70045624356362168 2000
195.82298886373538949 1235.4961542022904268 753.77005087582631404 2000
21.9558379342487342 1648.7744072668654098 976.32541843021692785 2000
0 5126.2271778554259072 3386.6188321843433187 2000
# Layered model 55571: value=1.19784
7
0.84649018893282612641 280.51539723391459802 122.0190039947966909 2000
10.063719418186860111 397.37888483076966395 252.28286933230072009 2000
4.8296075011571488744 838.12311872016766756 379.37096290198320503 2000
42.189557966179648929 1012.5440412994812505 553.70225295677414579 2000
176.40667568768941464 1285.6622524024817267 768.9208288984302726 2000
64.216424432086824936 1933.3176602578553229 792.21989893488171219 2000
0 5441.5934458520314365 3524.1291371125453225 2000
# Layered model 59459: value=1.19819
7
0.71475725878312412753 294.82450170063805217 138.86900853164090108 2000
6.7604095876818890432 349.16196384138328312 228.38839049904632361 2000
9.0675391210698617073 686.87916740896230294 383.16467253100307744 2000
26.010889062985373954 729.13607723265113236 467.53371708225427028 2000
189.46229681318854432 1434.3726795078839586 724.35820315148146165 2000
63.580618249590941105 1785.3864229768882979 1111.1493982316494566 2000
0 5334.3725574473392044 3287.0188733043487446 2000
# Layered model 53860: value=1.20079
7
0.96338479597715509506 374.34888504545665455 137.49406785310981149 2000
8.8156948379748349964 447.77647387324060446 257.35375500588003206 2000
14.126395533475903932 898.58142499807229342 390.86628244887617711 2000
80.292648048063227861 1002.5188527717638181 581.94663262058213604 2000
116.55703685327630126 1260.3296269017564555 824.38720363343270492 2000
143.53559656504788222 2631.878312486226605 1453.6155076810953233 2000
0 5550.9694741136572702 3667.2229118371546974 2000
# Layered model 59373: value=1.20203
7
1.0964217627731958071 332.21562801246449226 141.66027560312687683 2000
3.2714180879288834447 370.6424604410461825 240.0384937406610959 2000
10.023701757648138866 640.66460084454411117 317.16069348739807765 2000
39.640232421496847337 854.96939340644303229 537.41795160518540797 2000
202.25811354772670825 1272.9329231707740746 753.77005087582631404 2000
54.38501530497035219 2631.878312486226605 1067.7927314845246656 2000
0 5441.5934458520314365 3454.6898707112491138 2000
# Layered model 56289: value=1.20315
7
1.074817922530336034 378.09237389591123701 147.41225085031902609 2000
7.7780552989902318473 447.77647387324060446 247.31190013949688478 2000
17.292192905617028487 597.55944021944651467 360.95845407556987539 2000
187.15884022941915532 1085.5842622424745514 675.62197415460570937 2000
35.448533539719960572 2200.2958380824743472 892.69321148844414893 2000
43.917372077287382126 2605.8201113725017422 1558.4725741558813752 2000
0 5496.0093803105519328 3594.9641327685076249 2000
# Layered model 44973: value=1.20316
7
0.70768045424071690519 417.64920165466935487 109.36852726843606831 2000
10.094507275580753003 426.04395060792825234 252.28286933230072009 2000
17.792286046787658904 653.5419593215194709 431.75954367025371994 2000
11.096032601052936428 880.87582099605185704 576.18478477285361805 2000
187.75375579634908263 1492.6139621303491367 689.20197583511321682 2000
48.263939698429453529 2200.2958380824743472 1122.2608922139659171 2000
0 5334.3725574473392044 3524.1291371125453225 2000
# Layered model 52709: value=1.2055
7
1.68188663649156811 359.7419205077410993 156.48107472306307386 2000
4.8212317113401512714 421.82569367121607229 252.28286933230072009 2000
19.1267866880839712 647.07124685298958866 398.72269472609860941 2000
22.800055526598839606 773.9926385126260584 491.38263541405922297 2000
193.00670687377515833 1337.86529535565478 816.22495409250768716 2000
69.238235446254435601 2382.6051026331638241 866.43923619257304836 2000
0 5496.0093803105519328 3222.2516158262415047 2000
# Layered model 58537: value=1.20687
7
0.80540636966533807328 426.04395060792825234 125.71630183484305121 2000
7.617798737344102733 494.62380027899376955 273.1861967715746573 2000
13.003839264089101846 530.30366227262641132 350.34271933694122936 2000
15.963208046804705731 973.03492161199847033 453.78361962402658492 2000
181.17921299671797897 1235.4961542022904268 761.30775138458454876 2000
101.51919770016689881 1972.1773452290383375 1089.255365387363554 2000
0 5441.5934458520314365 3254.4741319845038561 2000
# Layered model 51449: value=1.20689
7
0.9350517916387104389 325.66966769185813746 132.12909668982516109 2000
6.8436368042118367327 430.30439011400761729 254.80569802562376935 2000
12.81227988513631999 640.66460084454411117 410.80439109899407413 2000
44.039001631687007432 963.40091248712724337 570.47998492361739409 2000
91.204231909657067945 1298.518874926506669 717.18633975394197932 2000
154.84070086021318957 2766.1305570632530362 910.63634503936191322 2000
0 5334.3725574473392044 3489.2367694183617459 2000
# Layered model 56212: value=1.20716
7
1.2478302407329964208 286.15375671831628779 166.10781400623224613 2000
4.2981673569419012182 345.70491469443891219 228.38839049904632361 2000
10.510189834478300241 660.07737891473470881 414.91243500998399441 2000
32.858072735986482371 797.44538945219721882 427.48469670322151615 2000
178.53000200587149493 1351.2439483092114187 808.1435189034727955 2000
74.093737772163876798 1681.9147728529294454 938.22953693039960399 2000
0 5387.7162830218130694 3420.4850205061870838 2000
# Layered model 55459: value=1.20734
7
1.1073859804009278385 256.48639900344682019 151.87898946333456252 2000
8.5748710829178751425 540.96276588430623633 254.80569802562376935 2000
13.752185802506014412 609.57038496785742154 343.43958370448115147 2000
30.597331164022246952 1129.6633364824106138 611.63175950608433595 2000
160.23100943708874411 1187.2875198725116661 731.60178518299630923 2000
84.289691727296911949 1839.4854169795112284 986.08867261451916875 2000
0 5776.3610941502638525 3254.4741319845038561 2000
# Layered model 58096: value=1.20847
7
0.84649018893282612641 234.51572898473969531 126.97346485319150133 2000
8.0063830325877418659 385.69203061121908149 254.80569802562376935 2000
9.420565804390424347 813.47404178018632592 491.38263541405922297 2000
36.298652744234544798 854.96939340644303229 532.096981787312302 2000
189.27894234050705791 1211.1519990219492229 696.09399559346434216 2000
23.748630329584415222 1648.7744072668654098 849.36696029072936653 2000
0 5892.4659521426838182 3740.9340923650820514 2000
# Layered model 59830: value=1.20851
7
0.83810909795329313621 248.9431719501842224 132.12909668982516109 2000
5.4112598121585566702 393.44444042650462734 237.66187499075354594 2000
25.336719488021081759 673.34493423092078501 427.48469670322151615 2000
12.69535323054251208 889.68457920601224487 542.79213112123727569 2000
214.57134482467404268 1537.8416577968605452 808.1435189034727955 2000
77.563615403366043211 2430.4954651960906631 1144.8183361474666526 2000
0 5550.9694741136572702 3667.2229118371546974 2000
# Layered model 51657: value=1.21019
7
1.1638737947412167717 338.89316213551506962 151.87898946333456252 2000
3.16072011684500076 397.37888483076966395 249.78501914089181923 2000
17.75171133100098686 557.35447865336664108 343.43958370448115147 2000
84.216200249535290823 1022.6694817124763404 642.83112620124086334 2000
142.45993440415423947 2178.5107307747271079 808.1435189034727955 2000
65.02921201509286675 2631.878312486226605 1057.2205262223017144 2000
0 5025.2202508140635473 3319.889062037392705 2000
# Layered model 58733: value=1.2116
7
2.0727435353902841086 294.82450170063805217 171.14104687843510533 2000
2.3387747138188164087 374.34888504545665455 217.30371700757382314 2000
25.34400582657020351 557.35447865336664108 364.56803861632556618 2000
5.4677850594585279964 1012.5440412994812505 636.4664615853870373 2000
168.64037746466615886 1477.8356060696526129 710.08548490489306459 2000
153.24910296368324225 1952.6508368604338557 1179.5074765510712496 2000
0 5550.9694741136572702 3386.6188321843433187 2000
# Layered model 46421: value=1.21364
7
0.87213968814767961479 345.70491469443891219 134.7848915332906472 2000
4.6189470422235059388 421.82569367121607229 226.12711930598649701 2000
22.820273444489338033 854.96939340644303229 386.9963192563130292 2000
27.914320548012192091 935.06743416450854056 516.44808826480050357 2000
147.63800587703127576 1118.4785509726837063 738.91780303482630643 2000
125.92398309592539363 3179.5957457928293479 1133.4835011361055876 2000
0 5441.5934458520314365 3489.2367694183617459 2000
# Layered model 54892: value=1.21473
7
0.898566392838242467 374.34888504545665455 123.2391940347446706 2000
8.7836906704805599588 452.25423861197299402 270.48138294215311817 2000
9.3331568635346702223 686.87916740896230294 333.33907635194100294 2000
27.064031800527136085 1002.5188527717638181 559.23927548634185314 2000
155.76578852995007196 1129.6633364824106138 703.05493554939903333 2000
55.312783459934280472 1507.5401017516526281 901.62014360332864271 2000
0 5334.3725574473392044 3096.5204677870128762 2000
# Layered model 58025: value=1.21613
7
0.98274883037629590099 405.36620041586814978 140.25769861695729901 2000
4.1901032603374810392 489.7265349296968111 235.30878711955796234 2000
15.012392964660078221 525.05313096299641984 323.53562342649479433 2000
5.947735232359672608 773.9926385126260584 427.48469670322151615 2000
220.15656416402561035 1247.851115744313347 689.20197583511321682 2000
29.418657420681483927 1857.8802711493058268 1046.7529962597045596 2000
0 5441.5934458520314365 3127.4856724648830095 2000
# Layered model 59380: value=1.21683
7
0.96338479597715509506 378.09237389591123701 134.7848915332906472 2000
7.4598203110322858223 430.30439011400761729 257.35375500588003206 2000
18.247376849283622136 666.67815270388200588 394.77494527336500596 2000
166.43066185335140972 1260.3296269017564555 703.05493554939903333 2000
43.578167460122898547 1952.6508368604338557 1026.1278269382457893 2000
83.409251845020747851 4594.7590008961833519 1315.9391562431133025 2000
0 5126.2271778554259072 3158.7605291895320079 2000
# Layered model 50266: value=1.2186
7
1.3783808926708573939 345.70491469443891219 153.39777935796792008 2000
3.5434103787081339121 438.95350835529916367 265.15183113631320566 2000
12.991588814799806428 568.55730367429941907 284.27865183714970954 2000
145.13696296268307151 1064.193963574624604 642.83112620124086334 2000
95.802443404487632961 2289.6366722949333052 883.85466484004371068 2000
25.209649644027933846 2605.8201113725017422 1543.0421526295856438 2000
0 5550.9694741136572702 3319.889062037392705 2000
# Layered model 54791: value=1.21888
7
1.0328788974495071162 338.89316213551506962 136.13274044862356504 2000
6.9021613391776366342 389.54895091733129675 247.31190013949688478 2000
20.376319938233379503 647.07124685298958866 414.91243500998399441 2000
21.586076622658758595 935.06743416450854056 453.78361962402658492 2000
203.85492714067260067 1715.7212597872733113 761.30775138458454876 2000
47.785636007983157469 1972.1773452290383375 1302.9100556862508711 2000
0 5387.7162830218130694 3559.3704284836708212 2000
# Layered model 53868: value=1.21933
7
0.90755205676662487058 342.28209375687021065 129.52563149674065812 2000
8.5839262917470531278 389.54895091733129675 252.28286933230072009 2000
1.7305916437098254335 615.66608881753597871 314.0204886013842156 2000
56.704678133859353295 925.80934075693903651 576.18478477285361805 2000
173.50991931020683978 1199.160395071236735 738.91780303482630643 2000
31.54175025919604991 2031.9362909668232078 1342.3895332836000307 2000
0 5281.5569875716228125 3319.889062037392705 2000
# Layered model 40215: value=1.22013
7
1.0432076864240023006 363.33933971281851427 141.66027560312687683 2000
6.069157077123003674 413.51406104422710541 235.30878711955796234 2000
19.032701363590589949 597.55944021944651467 379.37096290198320503 2000
27.886707902709467533 805.41984334671917622 506.27202064974062523 2000
177.98411781386172947 1247.851115744313347 816.22495409250768716 2000
57.756199219225948127 1952.6508368604338557 910.63634503936191322 2000
0 5387.7162830218130694 3287.0188733043487446 2000
# Layered model 51078: value=1.22042
7
0.76631652531648608573 294.82450170063805217 125.71630183484305121 2000
2.2562500564972607364 374.34888504545665455 219.47675417764958183 2000
9.1293271602931298503 489.7265349296968111 292.89257926646723718 2000
31.257028548526825773 898.58142499807229342 472.20905425307677206 2000
81.787684470297875805 1223.2635190121686719 605.57599951097461144 2000
198.09294298500446985 1477.8356060696526129 866.43923619257304836 2000
0 5281.5569875716228125 3454.6898707112491138 2000
# Layered model 38392: value=1.22304
7
1.0964217627731958071 389.54895091733129675 148.88637335882222601 2000
14.205987146459051473 434.60743401514764628 287.12143835552120663 2000
2.084141318496152806 1002.5188527717638181 386.9963192563130292 2000
98.863997625727506602 1022.6694817124763404 642.83112620124086334 2000
91.710798847106161702 1311.5040636757717039 784.37613755928884984 2000
142.11491010130757218 2504.1419082869974773 1100.1479190412371736 2000
0 5550.9694741136572702 3594.9641327685076249 2000
# Layered model 56958: value=1.2263
7
1.3378429145180461557 405.36620041586814978 158.04588547029371171 2000
8.3444141488007570473 409.41986242002684548 270.48138294215311817 2000
18.629103111541724047 640.66460084454411117 390.86628244887617711 2000
3.5758420863884694541 707.69229306062129581 449.29071249903614671 2000
180.25416750799436727 1298.518874926506669 731.60178518299630923 2000
198.35057305145366513 3408.9570044735464762 1227.4002099240258303 2000
0 5834.1247050917663728 3703.8951409555261307 2000
# Layered model 44379: value=1.22688
7
1.0432076864240023006 421.82569367121607229 129.52563149674065812 2000
8.1691276879119207877 434.60743401514764628 252.28286933230072009 2000
11.584542791460810562 579.98530547815289538 368.21371900248880138 2000
35.991059364304710755 1012.5440412994812505 587.76609894678790624 2000
163.96722253866596475 1492.6139621303491367 703.05493554939903333 2000
60.49477666130925968 1632.4499081850153743 976.32541843021692785 2000
0 5387.7162830218130694 3065.8618492940722717 2000
# Layered model 59346: value=1.2275
7
0.97301864393692660826 421.82569367121607229 129.52563149674065812 2000
9.9371909631827595177 447.77647387324060446 270.48138294215311817 2000
17.684264169489445351 821.60878219798814825 444.84228960300612243 2000
65.734727873867058179 1107.4045059135482916 617.74807710114521342 2000
99.640101098348196729 1152.3695695457072361 642.83112620124086334 2000
70.980860063291430606 1991.8991186813284457 1015.9681454834116039 2000
0 5951.3906116641110202 3778.3434332887322853 2000
# Layered model 59667: value=1.22777
7
0.83810909795329313621 359.7419205077410993 130.82088781170807579 2000
4.8759377729287525227 421.82569367121607229 259.92729255593883408 2000
17.031192496860796837 499.57003828178363847 317.16069348739807765 2000
3.6490707228680214769 916.6429116405337254 346.87397954152595503 2000
169.51468568570174966 1211.1519990219492229 696.09399559346434216 2000
69.04116703580319836 3803.2654250341524858 792.21989893488171219 2000
0 4781.3246413161623423 3005.4522588903760152 2000
# Layered model 33471: value=1.229
7
1.5687260318263422931 309.86351430309520083 183.48636655497335823 2000
2.5052370569928061883 393.44444042650462734 206.75703052211355271 2000
17.35308128227939406 562.92802343990035752 326.77097966075973545 2000
5.2312088204184270523 953.86228959121501703 587.76609894678790624 2000
181.30309350904511234 1211.1519990219492229 710.08548490489306459 2000
142.11491010130757218 1914.1759012454012918 1156.2665195089414283 2000
0 5662.5439605433421093 3420.4850205061870838 2000
# Layered model 57404: value=1.22915
7
0.68006700669999997633 421.82569367121607229 112.68250301319697826 2000
6.9453506933789599387 452.25423861197299402 252.28286933230072009 2000
18.260786386195889008 653.5419593215194709 406.73702089009316296 2000
18.395237542400597164 1012.5440412994812505 617.74807710114521342 2000
159.58224497122853336 1163.8932652411642721 642.83112620124086334 2000
50.748212130061290281 2454.8004198480516607 1252.0709541434987386 2000
0 5441.5934458520314365 3386.6188321843433187 2000
# Layered model 41953: value=1.2295
7
1.477810883701244915 349.16196384138328312 153.39777935796792008 2000
9.3243768461202254372 430.30439011400761729 257.35375500588003206 2000
6.9338321574842698425 693.74795908305191006 423.25217495368474374 2000
34.187452932914382586 729.13607723265113236 472.20905425307677206 2000
180.0924190234886737 1392.1879911869286843 816.22495409250768716 2000
78.659011038835330965 2504.1419082869974773 857.86062989363665565 2000
0 5496.0093803105519328 3386.6188321843433187 2000
# Layered model 49959: value=1.23111
7
0.78953668235010099341 342.28209375687021065 137.49406785310981149 2000
2.5161998738875035464 374.34888504545665455 213.02197530396412617 2000
11.085805052112613467 484.87775735613541883 292.89257926646723718 2000
32.614100978150744936 854.96939340644303229 537.41795160518540797 2000
211.84714386684854048 1803.2402872066572854 689.20197583511321682 2000
28.050274005001710975 1991.8991186813284457 1156.2665195089414283 2000
0 5177.4894496339802572 3353.0879526577659817 2000
# Layered model 52818: value=1.2324
7
1.4060863486135417588 356.18011931459511743 140.25769861695729901 2000
8.4707840816779693682 421.82569367121607229 265.15183113631320566 2000
3.9531181821396650378 714.7692159912274974 453.78361962402658492 2000
31.341509992980650878 813.47404178018632592 472.20905425307677206 2000
201.11804584634728599 1324.6191043125295437 710.08548490489306459 2000
23.986116632880225552 2200.2958380824743472 910.63634503936191322 2000
0 5496.0093803105519328 3524.1291371125453225 2000
# Layered model 50277: value=1.23429
7
0.97301864393692660826 374.34888504545665455 153.39777935796792008 2000
7.968383309798847236 381.87329763487036871 240.0384937406610959 2000
6.3355094617407079483 634.3213869747961553 386.9963192563130292 2000
29.004530213198961519 838.12311872016766756 449.29071249903614671 2000
222.4148431069969547 1324.6191043125295437 800.14209792423037015 2000
34.841715210502627542 2135.5854629690493312 883.85466484004371068 2000
0 5334.3725574473392044 3353.0879526577659817 2000
# Layered model 48493: value=1.23521
7
1.074817922530336034 300.75047418482091643 151.87898946333456252 2000
3.945901353403373335 430.30439011400761729 228.38839049904632361 2000
13.252719749977282859 530.30366227262641132 323.53562342649479433 2000
172.91591128066770011 1163.8932652411642721 630.16481345087822774 2000
38.529354489172590092 1553.2200743748294371 883.85466484004371068 2000
164.75598382350264615 2711.6268572328722257 1621.7528101416326081 2000
0 5075.4724533222042737 3287.0188733043487446 2000
# Layered model 59808: value=1.23848
7
0.66666700000000000959 352.65358347979713471 138.86900853164090108 2000
5.4595646538690809635 409.41986242002684548 237.66187499075354594 2000
3.539892440419941444 470.61757423911592468 304.78519248392871077 2000
35.505374511122802517 736.42743800497760276 414.91243500998399441 2000
169.09128486152400228 1420.1709698097861292 776.61003718741471857 2000
112.25966177645958055 1803.2402872066572854 910.63634503936191322 2000
0 5441.5934458520314365 3254.4741319845038561 2000
# Layered model 44852: value=1.2389
7
0.99257631868005891107 417.64920165466935487 132.12909668982516109 2000
6.6328413813989008929 484.87775735613541883 262.52656548149820992 2000
12.559827355294896023 509.61139605124753871 317.16069348739807765 2000
4.189457482300870339 821.60878219798814825 467.53371708225427028 2000
221.91484191408440552 1537.8416577968605452 703.05493554939903333 2000
21.31011998847787936 1648.7744072668654098 1036.3891052076282904 2000
0 5334.3725574473392044 3096.5204677870128762 2000
# Layered model 58420: value=1.23975
7
1.1872676580155152593 325.66966769185813746 144.50764714274973244 2000
6.9882122328216675911 393.44444042650462734 259.92729255593883408 2000
13.039415526092065889 693.74795908305191006 444.84228960300612243 2000
23.956603188482578304 789.54989054673001192 453.78361962402658492 2000
213.68128784793765362 1364.7563877923034852 866.43923619257304836 2000
109.08087774680399207 3728.326071006913935 1302.9100556862508711 2000
0 5496.0093803105519328 3524.1291371125453225 2000
# Layered model 60004: value=1.24208
7
0.92579385310763406824 239.22949513733300364 145.95272361417724483 2000
5.9090488874532116625 345.70491469443891219 223.88823693662030223 2000
7.7006142838728743882 647.07124685298958866 423.25217495368474374 2000
38.961348945711890224 789.54989054673001192 467.53371708225427028 2000
221.2806428893023849 1324.6191043125295437 776.61003718741471857 2000
14.994642203486762355 1698.7339205814587331 919.74270848975561421 2000
0 5281.5569875716228125 3353.0879526577659817 2000
# Layered model 55697: value=1.2423
7
0.73641511848151164354 204.02000000000001023 130.82088781170807579 2000
5.5754474807314560181 470.61757423911592468 244.86326746484840555 2000
11.601517486965828851 484.87775735613541883 307.83304440876798935 2000
5.981044516972584546 889.68457920601224487 402.70992167335958811 2000
182.00789886275165941 1434.3726795078839586 636.4664615853870373 2000
162.03134073425044903 2878.446549863554992 1589.797872896414674 2000
0 5387.7162830218130694 3420.4850205061870838 2000
# Layered model 30298: value=1.24267
7
1.2984971523060213627 234.51572898473969531 147.41225085031902609 2000
7.5543760692145465185 452.25423861197299402 287.12143835552120663 2000
14.119818539899700482 597.55944021944651467 314.0204886013842156 2000
108.0213353264082059 1140.9599698472347882 668.93264767782739 2000
91.968684581626632735 1665.2621513395340571 824.38720363343270492 2000
156.11971048962723785 2031.9362909668232078 1239.6742120232661364 2000
0 5662.5439605433421093 3035.5067814792796526 2000
# Layered model 60149: value=1.24302
7
0.87213968814767961479 338.89316213551506962 129.52563149674065812 2000
6.8295321889320694808 405.36620041586814978 242.43887867806770942 2000
9.6848783506486491035 653.5419593215194709 379.37096290198320503 2000
82.745798114357171471 1012.5440412994812505 630.16481345087822774 2000
188.66151195003303087 1392.1879911869286843 792.21989893488171219 2000
21.881042590425522576 2244.5217844279318342 1179.5074765510712496 2000
0 5606.4791688547938975 3420.4850205061870838 2000
# Layered model 53444: value=1.24516
7
1.68188663649156811 280.51539723391459802 158.04588547029371171 2000
8.3935088894488032452 480.0769874813221918 284.27865183714970954 2000
10.721482639856363406 673.34493423092078501 402.70992167335958811 2000
93.163074636336290268 1053.6573896778461403 636.4664615853870373 2000
118.05593904157576901 1163.8932652411642721 724.35820315148146165 2000
30.311002029673204561 4877.429266606616693 1179.5074765510712496 2000
0 5387.7162830218130694 3489.2367694183617459 2000
# Layered model 43119: value=1.24672
7
0.99257631868005891107 393.44444042650462734 143.07687835915814389 2000
7.5999352109802709165 405.36620041586814978 257.35375500588003206 2000
16.283621790520555805 574.24287671104241326 364.56803861632556618 2000
160.69036647607154578 1074.8359032103708159 630.16481345087822774 2000
60.723044655506697609 2312.5330390178828566 1067.7927314845246656 2000
18.660618360356693302 3879.7110600773389706 1144.8183361474666526 2000
0 5126.2271778554259072 3386.6188321843433187 2000
# Layered model 59880: value=1.24864
7
1.6162599993167121593 286.15375671831628779 156.48107472306307386 2000
7.325141954419061463 461.34454880807362542 267.80334944767633942 2000
16.434741646180750507 686.87916740896230294 414.91243500998399441 2000
13.92138746707561836 743.79171238502738106 453.78361962402658492 2000
162.54770319033852388 1378.4039516702264336 840.95738642646472272 2000
121.44431548860535486 2200.2958380824743472 849.36696029072936653 2000
0 5662.5439605433421093 3386.6188321843433187 2000
# Layered model 49232: value=1.24971
7
0.92579385310763406824 283.32055120625375366 134.7848915332906472 2000
4.247058237606142761 417.64920165466935487 254.80569802562376935 2000
8.7954364078417111017 499.57003828178363847 281.46401171995017876 2000
37.44109053136542542 1043.2251382948970786 496.29646176819989023 2000
187.63682635254411935 1129.6633364824106138 668.93264767782739 2000
143.82704099820810484 5025.2202508140635473 2463.1017796363412344 2000
0 5441.5934458520314365 3489.2367694183617459 2000
# Layered model 55059: value=1.25052
7
0.69373635353467000275 294.82450170063805217 124.4715859750921112 2000
5.02031051734737499 475.32374998150709189 228.38839049904632361 2000
19.162086449298840307 499.57003828178363847 326.77097966075973545 2000
107.42783403852587298 1085.5842622424745514 636.4664615853870373 2000
104.37544391106061425 1616.287037806945591 800.14209792423037015 2000
127.61134536404793494 4687.1136568141964744 1773.6871643863801182 2000
0 5834.1247050917663728 2946.2329760713419091 2000
# Layered model 57877: value=1.25225
7
0.67333366999999999525 389.54895091733129675 138.86900853164090108 2000
6.2988894096461187644 430.30439011400761729 242.43887867806770942 2000
6.318124141321419529 470.61757423911592468 304.78519248392871077 2000
81.982146446013416607 907.56723924805316983 559.23927548634185314 2000
136.74339817672785102 1507.5401017516526281 883.85466484004371068 2000
107.764674031573918 2200.2958380824743472 1156.2665195089414283 2000
0 5334.3725574473392044 3489.2367694183617459 2000
# Layered model 58333: value=1.25318
7
0.84649018893282612641 256.48639900344682019 129.52563149674065812 2000
5.4028787211790234579 356.18011931459511743 223.88823693662030223 2000
19.636835176162996675 647.07124685298958866 383.16467253100307744 2000
33.798488982312747453 880.87582099605185704 516.44808826480050357 2000
104.09861940619597931 1223.2635190121686719 792.21989893488171219 2000
114.68197141638145808 1648.7744072668654098 849.36696029072936653 2000
0 4975.4655948654090025 3287.0188733043487446 2000
# Layered model 59755: value=1.2532
7
0.81346043336199147511 421.82569367121607229 120.81089504435318815 2000
12.766650497826748989 475.32374998150709189 254.80569802562376935 2000
15.880803995325424083 854.96939340644303229 453.78361962402658492 2000
20.436521871005119522 1140.9599698472347882 623.92555787215667351 2000
177.54682537649188134 1199.160395071236735 717.18633975394197932 2000
45.534155521474588113 2711.6268572328722257 840.95738642646472272 2000
0 5951.3906116641110202 3524.1291371125453225 2000
# Layered model 51502: value=1.25408
7
1.0964217627731958071 352.65358347979713471 140.25769861695729901 2000
9.5988136132876675788 456.77678099809264722 275.91805873929041582 2000
6.8651803539448206237 546.37239354314931461 292.89257926646723718 2000
23.332752681405924733 813.47404178018632592 472.20905425307677206 2000
175.51224289019356206 1448.7164063029629233 800.14209792423037015 2000
116.68013509118247839 1648.7744072668654098 928.94013557465291342 2000
0 5441.5934458520314365 3559.3704284836708212 2000
# Layered model 55532: value=1.25417
7
0.92579385310763406824 434.60743401514764628 123.2391940347446706 2000
8.8532857808443559122 456.77678099809264722 259.92729255593883408 2000
11.862235180857538808 540.96276588430623633 336.67246711546039251 2000
8.3978721409872569836 992.59292353639978046 436.07713910695628101 2000
218.71325294047991861 1378.4039516702264336 717.18633975394197932 2000
65.02921201509286675 1857.8802711493058268 1203.2155768297477607 2000
0 5387.7162830218130694 3190.3481344814276781 2000
# Layered model 44448: value=1.25519
7
0.9350517916387104389 319.25268864999327434 130.82088781170807579 2000
7.5723853664408240505 421.82569367121607229 262.52656548149820992 2000
18.429850617776459387 660.07737891473470881 423.25217495368474374 2000
98.945397500196762053 1118.4785509726837063 611.63175950608433595 2000
103.8360195196985245 4781.3246413161623423 792.21989893488171219 2000
54.343731301626149843 5281.5569875716228125 995.94955934066422287 2000
0 5776.3610941502638525 3594.9641327685076249 2000
# Layered model 51040: value=1.25882
7
0.69373635353467000275 300.75047418482091643 123.2391940347446706 2000
3.2999535678643585612 374.34888504545665455 235.30878711955796234 2000
9.1650697033213059939 443.343043438852078 265.15183113631320566 2000
12.974220663013193544 953.86228959121501703 467.53371708225427028 2000
203.58572450801776199 1223.2635190121686719 642.83112620124086334 2000
22.37228404579849439 2289.6366722949333052 1100.1479190412371736 2000
0 4975.4655948654090025 3254.4741319845038561 2000
