# 60674 2_reports/tar1_ln5_tr1.report
# Layered model 58093: value=0.765488
5
0.68686767676700000163 356.18011931459511743 124.4715859750921112 2000
5.1420315362197746012 359.7419205077410993 235.30878711955796234 2000
26.073050069127489792 628.0409772027684312 386.9963192563130292 2000
228.36935273615014808 1337.86529535565478 717.18633975394197932 2000
0 5334.3725574473392044 3454.6898707112491138 2000
# Layered model 55528: value=0.77406
5
0.77397969056965099099 389.54895091733129675 130.82088781170807579 2000
4.997207649021214948 405.36620041586814978 237.66187499075354594 2000
20.635329448818104936 557.35447865336664108 360.95845407556987539 2000
236.46749825003809065 1235.4961542022904268 731.60178518299630923 2000
0 5126.2271778554259072 3386.6188321843433187 2000
# Layered model 59842: value=0.774129
5
0.68006700669999997633 338.89316213551506962 116.09689553699986675 2000
5.7586640307571483888 366.97273310994671647 237.66187499075354594 2000
26.104447425227615298 603.53503462164098892 390.86628244887617711 2000
225.15117997124042404 1247.851115744313347 731.60178518299630923 2000
0 5441.5934458520314365 3489.2367694183617459 2000
# Layered model 59579: value=0.784905
5
0.75121706236299001791 374.34888504545665455 125.71630183484305121 2000
4.7947805353119079541 409.41986242002684548 237.66187499075354594 2000
22.207516935077308062 562.92802343990035752 368.21371900248880138 2000
243.08584603537485691 1272.9329231707740746 724.35820315148146165 2000
0 5075.4724533222042737 3353.0879526577659817 2000
# Layered model 54260: value=0.786581
5
0.67333366999999999525 374.34888504545665455 122.0190039947966909 2000
4.9841384793881635673 381.87329763487036871 228.38839049904632361 2000
27.211138097923452506 597.55944021944651467 386.9963192563130292 2000
219.74815127991629993 1351.2439483092114187 703.05493554939903333 2000
0 5441.5934458520314365 3319.889062037392705 2000
# Layered model 59851: value=0.798173
5
0.69373635353467000275 349.16196384138328312 119.61474756866650182 2000
6.3482089569079098723 405.36620041586814978 237.66187499075354594 2000
19.364571477966393331 557.35447865336664108 364.56803861632556618 2000
228.73641235409121464 1247.851115744313347 717.18633975394197932 2000
0 5334.3725574473392044 3222.2516158262415047 2000
# Layered model 60274: value=0.79885
5
0.80540636966533807328 370.6424604410461825 130.82088781170807579 2000
4.7405912280095598987 378.09237389591123701 232.97899714807718397 2000
25.111148613124598228 579.98530547815289538 383.16467253100307744 2000
224.485782931700669 1351.2439483092114187 703.05493554939903333 2000
0 5441.5934458520314365 3353.0879526577659817 2000
# Layered model 57955: value=0.799111
5
0.77397969056965099099 397.37888483076966395 129.52563149674065812 2000
7.3205548548136976095 409.41986242002684548 244.86326746484840555 2000
28.21285956531450978 647.07124685298958866 423.25217495368474374 2000
231.85038863002202447 1298.518874926506669 746.30698106517456836 2000
0 5387.7162830218130694 3386.6188321843433187 2000
# Layered model 59206: value=0.801102
5
0.70768045424071690519 345.70491469443891219 125.71630183484305121 2000
5.6041821449722508675 401.35267367907738389 240.0384937406610959 2000
17.593612568214926029 562.92802343990035752 353.8461465303106479 2000
233.78888326649729379 1260.3296269017564555 689.20197583511321682 2000
0 5229.2643441303198415 3420.4850205061870838 2000
# Layered model 59545: value=0.801434
5
0.74377926966632679218 385.69203061121908149 120.81089504435318815 2000
5.443714700741445256 389.54895091733129675 242.43887867806770942 2000
20.219022818001199937 597.55944021944651467 371.89585619251369053 2000
221.2326965507027694 1199.160395071236735 710.08548490489306459 2000
0 5281.5569875716228125 3386.6188321843433187 2000
# Layered model 59316: value=0.802564
5
0.68006700669999997633 359.7419205077410993 129.52563149674065812 2000
5.3855088882198822731 381.87329763487036871 230.67227440403681271 2000
22.245784279940643557 591.64301011826387366 390.86628244887617711 2000
242.52800039326655224 1364.7563877923034852 717.18633975394197932 2000
0 5075.4724533222042737 3287.0188733043487446 2000
# Layered model 59966: value=0.80363
5
0.77397969056965099099 352.65358347979713471 129.52563149674065812 2000
5.4135142798381208351 370.6424604410461825 242.43887867806770942 2000
22.981728729111203791 585.78515853293447435 379.37096290198320503 2000
236.3335324893125744 1298.518874926506669 724.35820315148146165 2000
0 5025.2202508140635473 3254.4741319845038561 2000
# Layered model 58293: value=0.806603
5
0.85495509082215437324 349.16196384138328312 134.7848915332906472 2000
4.5279355379114853974 374.34888504545665455 232.97899714807718397 2000
18.051552237091176067 525.05313096299641984 343.43958370448115147 2000
236.83685915243958675 1298.518874926506669 696.09399559346434216 2000
0 5719.1694001487758214 3287.0188733043487446 2000
# Layered model 60408: value=0.806873
5
0.77397969056965099099 338.89316213551506962 128.24319950172341009 2000
5.9261896463197176743 385.69203061121908149 230.67227440403681271 2000
23.9569768739101292 615.66608881753597871 390.86628244887617711 2000
240.18221435732755253 1272.9329231707740746 731.60178518299630923 2000
0 5229.2643441303198415 3353.0879526577659817 2000
# Layered model 55332: value=0.807984
5
0.75121706236299001791 374.34888504545665455 128.24319950172341009 2000
6.5766594658842540966 405.36620041586814978 242.43887867806770942 2000
20.703173149832483801 591.64301011826387366 375.61481475443883937 2000
251.01501435462216705 1298.518874926506669 738.91780303482630643 2000
0 5834.1247050917663728 3386.6188321843433187 2000
# Layered model 56582: value=0.808138
5
0.66666700000000000959 374.34888504545665455 128.24319950172341009 2000
4.2063936647316735318 381.87329763487036871 217.30371700757382314 2000
24.587854261782489118 585.78515853293447435 364.56803861632556618 2000
225.68201421598601542 1337.86529535565478 710.08548490489306459 2000
0 5550.9694741136572702 3319.889062037392705 2000
# Layered model 59497: value=0.80888
5
0.85495509082215437324 385.69203061121908149 128.24319950172341009 2000
5.9798876497386910245 389.54895091733129675 252.28286933230072009 2000
20.371817913053707372 585.78515853293447435 379.37096290198320503 2000
249.07657106193187246 1364.7563877923034852 724.35820315148146165 2000
0 5229.2643441303198415 3386.6188321843433187 2000
# Layered model 57973: value=0.810618
5
0.71475725878312412753 356.18011931459511743 122.0190039947966909 2000
4.4068784745968523353 359.7419205077410993 228.38839049904632361 2000
24.931443583157125943 568.55730367429941907 375.61481475443883937 2000
210.3031013909568685 1311.5040636757717039 682.37819389615174259 2000
0 5441.5934458520314365 3287.0188733043487446 2000
# Layered model 57404: value=0.812518
5
0.80540636966533807328 283.32055120625375366 130.82088781170807579 2000
5.8284246569577993213 385.69203061121908149 242.43887867806770942 2000
27.230730979792266311 591.64301011826387366 390.86628244887617711 2000
218.7521995208124963 1378.4039516702264336 717.18633975394197932 2000
0 5334.3725574473392044 3420.4850205061870838 2000
# Layered model 58757: value=0.813122
5
0.75872923298661987257 274.98813570621962299 125.71630183484305121 2000
4.7872683646882778774 413.51406104422710541 235.30878711955796234 2000
17.656421081359574998 546.37239354314931461 336.67246711546039251 2000
214.77399786303874407 1152.3695695457072361 689.20197583511321682 2000
0 5441.5934458520314365 3454.6898707112491138 2000
# Layered model 56396: value=0.816071
5
0.898566392838242467 352.65358347979713471 133.45038765672342151 2000
7.44124064380476824 393.44444042650462734 254.80569802562376935 2000
24.857489313141719833 680.0783835732299849 419.06155936008383378 2000
234.96048639093515931 1260.3296269017564555 731.60178518299630923 2000
0 5776.3610941502638525 3524.1291371125453225 2000
# Layered model 59079: value=0.819186
5
0.68006700669999997633 342.28209375687021065 120.81089504435318815 2000
5.2071211984166430042 356.18011931459511743 232.97899714807718397 2000
22.707285571492487719 628.0409772027684312 390.86628244887617711 2000
221.52113169589372887 1378.4039516702264336 696.09399559346434216 2000
0 5126.2271778554259072 3353.0879526577659817 2000
# Layered model 57124: value=0.820575
5
0.70067371707001668835 342.28209375687021065 128.24319950172341009 2000
5.0133731538120285265 381.87329763487036871 237.66187499075354594 2000
16.805992107081159759 551.83611747858083163 357.3846079956137487 2000
225.11917436114853786 1163.8932652411642721 689.20197583511321682 2000
0 5662.5439605433421093 3319.889062037392705 2000
# Layered model 60588: value=0.821503
5
0.67333366999999999525 335.53778429258915139 119.61474756866650182 2000
7.0283382070797495444 389.54895091733129675 237.66187499075354594 2000
32.805338482128590272 653.5419593215194709 423.25217495368474374 2000
224.99574482962322008 1285.6622524024817267 738.91780303482630643 2000
0 5892.4659521426838182 3454.6898707112491138 2000
# Layered model 49047: value=0.82353
5
0.76631652531648608573 349.16196384138328312 125.71630183484305121 2000
5.7368018225152335177 401.35267367907738389 244.86326746484840555 2000
20.7035423057828325 557.35447865336664108 350.34271933694122936 2000
230.48769778031061151 1235.4961542022904268 731.60178518299630923 2000
0 5550.9694741136572702 3222.2516158262415047 2000
# Layered model 55808: value=0.823542
5
0.70768045424071690519 342.28209375687021065 117.25786449236984765 2000
6.2645426254054017434 421.82569367121607229 237.66187499075354594 2000
19.965064696209871897 557.35447865336664108 368.21371900248880138 2000
215.82245473871290642 1175.5321978935758125 696.09399559346434216 2000
0 5177.4894496339802572 3420.4850205061870838 2000
# Layered model 59338: value=0.823976
5
0.70768045424071690519 338.89316213551506962 122.0190039947966909 2000
6.5476428410535838509 381.87329763487036871 244.86326746484840555 2000
30.90411280799070326 621.82274970571131689 402.70992167335958811 2000
246.4954538164742246 1324.6191043125295437 768.9208288984302726 2000
0 5281.5569875716228125 3420.4850205061870838 2000
# Layered model 56495: value=0.824396
5
0.74377926966632679218 345.70491469443891219 132.12909668982516109 2000
5.2022808175014825238 393.44444042650462734 237.66187499075354594 2000
23.514854839346355675 597.55944021944651467 375.61481475443883937 2000
225.68201421598601542 1324.6191043125295437 710.08548490489306459 2000
0 5441.5934458520314365 3353.0879526577659817 2000
# Layered model 59946: value=0.825482
5
0.75872923298661987257 338.89316213551506962 126.97346485319150133 2000
5.6162519922184772625 434.60743401514764628 232.97899714807718397 2000
17.769548693897075253 551.83611747858083163 346.87397954152595503 2000
230.99839922339799614 1235.4961542022904268 703.05493554939903333 2000
0 5281.5569875716228125 3454.6898707112491138 2000
# Layered model 59616: value=0.827108
5
0.82981098807256747918 393.44444042650462734 128.24319950172341009 2000
5.2357649068473151033 421.82569367121607229 240.0384937406610959 2000
19.820628191354966674 557.35447865336664108 360.95845407556987539 2000
236.98781095217219672 1247.851115744313347 703.05493554939903333 2000
0 5177.4894496339802572 3386.6188321843433187 2000
# Layered model 55472: value=0.82795
5
0.72912387968466496613 325.66966769185813746 122.0190039947966909 2000
6.7460429667803483156 389.54895091733129675 247.31190013949688478 2000
26.389395159950389314 660.07737891473470881 419.06155936008383378 2000
231.63819318241613132 1272.9329231707740746 753.77005087582631404 2000
0 5892.4659521426838182 3420.4850205061870838 2000
# Layered model 58821: value=0.829334
5
0.74377926966632679218 342.28209375687021065 120.81089504435318815 2000
5.2022808175014825238 378.09237389591123701 240.0384937406610959 2000
21.807454445584397718 568.55730367429941907 375.61481475443883937 2000
212.60266617474175632 1311.5040636757717039 675.62197415460570937 2000
0 5776.3610941502638525 3319.889062037392705 2000
# Layered model 54504: value=0.829926
5
0.70067371707001668835 345.70491469443891219 125.71630183484305121 2000
5.2453863700977922946 413.51406104422710541 232.97899714807718397 2000
19.940143999107039718 585.78515853293447435 379.37096290198320503 2000
221.75300925283687548 1199.160395071236735 710.08548490489306459 2000
0 5177.4894496339802572 3386.6188321843433187 2000
# Layered model 59622: value=0.830331
5
0.73641511848151164354 303.75797892666912503 125.71630183484305121 2000
6.030755911776751077 421.82569367121607229 242.43887867806770942 2000
18.108962289922622801 551.83611747858083163 353.8461465303106479 2000
227.74062820704702403 1247.851115744313347 682.37819389615174259 2000
0 5281.5569875716228125 3319.889062037392705 2000
# Layered model 59823: value=0.832907
5
0.76631652531648608573 264.25819337965032219 126.97346485319150133 2000
5.5455460738964816869 366.97273310994671647 240.0384937406610959 2000
27.217406714069607432 628.0409772027684312 398.72269472609860941 2000
229.34474572516447211 1324.6191043125295437 703.05493554939903333 2000
0 5496.0093803105519328 3353.0879526577659817 2000
# Layered model 59794: value=0.833042
5
0.82159503769561137432 405.36620041586814978 128.24319950172341009 2000
6.9570935581549360194 430.30439011400761729 242.43887867806770942 2000
26.085873410564857977 640.66460084454411117 414.91243500998399441 2000
245.18150202628649481 1420.1709698097861292 753.77005087582631404 2000
0 5550.9694741136572702 3489.2367694183617459 2000
# Layered model 59263: value=0.833755
5
0.77397969056965099099 381.87329763487036871 129.52563149674065812 2000
5.3522519632994303151 417.64920165466935487 232.97899714807718397 2000
17.30821121195573653 585.78515853293447435 364.56803861632556618 2000
234.25991556810035377 1272.9329231707740746 689.20197583511321682 2000
0 5229.2643441303198415 3319.889062037392705 2000
# Layered model 55132: value=0.834121
5
0.75121706236299001791 352.65358347979713471 129.52563149674065812 2000
4.7947805353119079541 393.44444042650462734 232.97899714807718397 2000
21.660663055939654242 557.35447865336664108 350.34271933694122936 2000
213.14952005387939948 1175.5321978935758125 703.05493554939903333 2000
0 5550.9694741136572702 3287.0188733043487446 2000
# Layered model 59429: value=0.834318
5
0.70768045424071690519 345.70491469443891219 125.71630183484305121 2000
5.9261505723824203784 389.54895091733129675 240.0384937406610959 2000
20.036750929669924659 653.5419593215194709 375.61481475443883937 2000
231.02377647763211144 1298.518874926506669 696.09399559346434216 2000
0 5387.7162830218130694 3489.2367694183617459 2000
# Layered model 55140: value=0.83506
5
0.81346043336199147511 401.35267367907738389 130.82088781170807579 2000
4.7879971402896552846 421.82569367121607229 230.67227440403681271 2000
23.567765125867328635 557.35447865336664108 357.3846079956137487 2000
244.37853147428938883 1298.518874926506669 753.77005087582631404 2000
0 5662.5439605433421093 3222.2516158262415047 2000
# Layered model 59745: value=0.835106
5
0.66666700000000000959 322.44521553649320822 118.4304431372935511 2000
4.7700525350209757036 413.51406104422710541 237.66187499075354594 2000
17.535972226399291429 574.24287671104241326 326.77097966075973545 2000
224.66652157769146925 1175.5321978935758125 689.20197583511321682 2000
0 5229.2643441303198415 3353.0879526577659817 2000
# Layered model 50720: value=0.835849
5
0.75121706236299001791 381.87329763487036871 125.71630183484305121 2000
5.6237641628421073392 401.35267367907738389 240.0384937406610959 2000
16.827437453829375613 585.78515853293447435 346.87397954152595503 2000
231.94051046346569933 1223.2635190121686719 696.09399559346434216 2000
0 5177.4894496339802572 3386.6188321843433187 2000
# Layered model 58436: value=0.836316
5
0.77397969056965099099 370.6424604410461825 133.45038765672342151 2000
5.7941698407403858795 378.09237389591123701 232.97899714807718397 2000
23.785460578392434883 591.64301011826387366 375.61481475443883937 2000
224.78931903279772087 1298.518874926506669 696.09399559346434216 2000
0 5334.3725574473392044 3489.2367694183617459 2000
# Layered model 57081: value=0.836402
5
0.70067371707001668835 312.96214944612614772 123.2391940347446706 2000
5.1282254959167579145 370.6424604410461825 235.30878711955796234 2000
31.208273519336103163 603.53503462164098892 390.86628244887617711 2000
225.83684230612416854 1351.2439483092114187 717.18633975394197932 2000
0 5719.1694001487758214 3420.4850205061870838 2000
# Layered model 57482: value=0.836517
5
0.78171948747534747426 349.16196384138328312 126.97346485319150133 2000
6.8436982126036127738 389.54895091733129675 237.66187499075354594 2000
30.534018403206044212 660.07737891473470881 431.75954367025371994 2000
246.4954538164742246 1324.6191043125295437 746.30698106517456836 2000
0 5834.1247050917663728 3559.3704284836708212 2000
# Layered model 60631: value=0.836761
5
0.78953668235010099341 389.54895091733129675 123.2391940347446706 2000
8.0633365391704661107 438.95350835529916367 252.28286933230072009 2000
28.554671238125543198 634.3213869747961553 419.06155936008383378 2000
236.14020971416223915 1406.1098710987980667 746.30698106517456836 2000
0 5441.5934458520314365 3489.2367694183617459 2000
# Layered model 54300: value=0.837388
5
0.66666700000000000959 325.66966769185813746 117.25786449236984765 2000
6.1005040302582624889 374.34888504545665455 240.0384937406610959 2000
21.263878647821464085 634.3213869747961553 390.86628244887617711 2000
229.66330875584543492 1260.3296269017564555 731.60178518299630923 2000
0 5281.5569875716228125 3420.4850205061870838 2000
# Layered model 59698: value=0.837459
5
0.73641511848151164354 356.18011931459511743 120.81089504435318815 2000
5.2096449686862973394 409.41986242002684548 237.66187499075354594 2000
15.69525472764172136 557.35447865336664108 346.87397954152595503 2000
216.33510172726369092 1129.6633364824106138 682.37819389615174259 2000
0 5662.5439605433421093 3319.889062037392705 2000
# Layered model 60007: value=0.838071
5
0.71475725878312412753 338.89316213551506962 125.71630183484305121 2000
5.919073767840012934 381.87329763487036871 240.0384937406610959 2000
23.71977908307933447 609.57038496785742154 375.61481475443883937 2000
235.14914507912908448 1260.3296269017564555 710.08548490489306459 2000
0 5229.2643441303198415 3420.4850205061870838 2000
# Layered model 56494: value=0.838746
5
0.77397969056965099099 356.18011931459511743 128.24319950172341009 2000
6.7011871558953624017 385.69203061121908149 240.0384937406610959 2000
29.562005885857864484 609.57038496785742154 402.70992167335958811 2000
239.24605898322354847 1298.518874926506669 753.77005087582631404 2000
0 5334.3725574473392044 3386.6188321843433187 2000
# Layered model 57405: value=0.838991
5
0.75872923298661987257 338.89316213551506962 128.24319950172341009 2000
5.5531333662263477891 401.35267367907738389 235.30878711955796234 2000
27.552699407202435822 615.66608881753597871 398.72269472609860941 2000
256.51189120073104277 1337.86529535565478 761.30775138458454876 2000
0 5334.3725574473392044 3319.889062037392705 2000
# Layered model 56533: value=0.839084
5
0.71475725878312412753 289.01529428549946488 119.61474756866650182 2000
6.5405660365111764065 389.54895091733129675 235.30878711955796234 2000
25.287855167390464572 621.82274970571131689 386.9963192563130292 2000
238.2961821054423126 1285.6622524024817267 753.77005087582631404 2000
0 5606.4791688547938975 3386.6188321843433187 2000
# Layered model 57038: value=0.839142
5
0.80540636966533807328 338.89316213551506962 125.71630183484305121 2000
5.5695748555397592838 421.82569367121607229 237.66187499075354594 2000
20.295600731087965585 585.78515853293447435 353.8461465303106479 2000
223.44502351620980107 1211.1519990219492229 710.08548490489306459 2000
0 5177.4894496339802572 3353.0879526577659817 2000
# Layered model 56763: value=0.839599
5
0.70067371707001668835 328.92636436877671713 126.97346485319150133 2000
4.5761527006671069984 413.51406104422710541 228.38839049904632361 2000
18.86770350136504959 597.55944021944651467 336.67246711546039251 2000
221.04281002061239292 1175.5321978935758125 696.09399559346434216 2000
0 5281.5569875716228125 3420.4850205061870838 2000
# Layered model 59405: value=0.840215
5
0.78953668235010099341 401.35267367907738389 130.82088781170807579 2000
4.083523982381572992 405.36620041586814978 226.12711930598649701 2000
22.06422711112431756 579.98530547815289538 357.3846079956137487 2000
230.75707065806918195 1247.851115744313347 724.35820315148146165 2000
0 5229.2643441303198415 3386.6188321843433187 2000
# Layered model 52754: value=0.840344
5
0.75872923298661987257 366.97273310994671647 132.12909668982516109 2000
5.1284589721300228859 378.09237389591123701 235.30878711955796234 2000
22.42417196974388105 603.53503462164098892 379.37096290198320503 2000
237.19139501397103231 1351.2439483092114187 703.05493554939903333 2000
0 5334.3725574473392044 3386.6188321843433187 2000
# Layered model 55093: value=0.840877
5
0.75872923298661987257 370.6424604410461825 128.24319950172341009 2000
4.6241613957470200091 413.51406104422710541 232.97899714807718397 2000
17.13714834922956598 562.92802343990035752 330.03868945736735441 2000
232.62289016453698309 1247.851115744313347 682.37819389615174259 2000
0 5177.4894496339802572 3386.6188321843433187 2000
# Layered model 60391: value=0.842518
5
0.73641511848151164354 405.36620041586814978 122.0190039947966909 2000
6.5914614097657322489 413.51406104422710541 244.86326746484840555 2000
28.979517582450611712 660.07737891473470881 410.80439109899407413 2000
229.19536107813368631 1311.5040636757717039 746.30698106517456836 2000
0 5441.5934458520314365 3386.6188321843433187 2000
# Layered model 59398: value=0.843531
5
0.78953668235010099341 363.33933971281851427 128.24319950172341009 2000
5.4598322277617485909 378.09237389591123701 232.97899714807718397 2000
22.061991264748677111 568.55730367429941907 375.61481475443883937 2000
250.7347038578413958 1351.2439483092114187 738.91780303482630643 2000
0 5177.4894496339802572 3319.889062037392705 2000
# Layered model 59343: value=0.843756
5
0.68006700669999997633 338.89316213551506962 128.24319950172341009 2000
5.2071211984166430042 374.34888504545665455 223.88823693662030223 2000
28.31601942136291683 615.66608881753597871 383.16467253100307744 2000
228.67080741196750182 1311.5040636757717039 710.08548490489306459 2000
0 5496.0093803105519328 3524.1291371125453225 2000
# Layered model 60633: value=0.844231
5
0.76631652531648608573 378.09237389591123701 125.71630183484305121 2000
4.835141048335160896 381.87329763487036871 240.0384937406610959 2000
18.304017593776247708 551.83611747858083163 357.3846079956137487 2000
238.96853987101917483 1223.2635190121686719 731.60178518299630923 2000
0 5229.2643441303198415 3420.4850205061870838 2000
# Layered model 60188: value=0.844323
5
0.70768045424071690519 322.44521553649320822 124.4715859750921112 2000
5.0635068853501490338 397.37888483076966395 230.67227440403681271 2000
24.281891976946234024 640.66460084454411117 368.21371900248880138 2000
215.13426062317748233 1285.6622524024817267 696.09399559346434216 2000
0 5334.3725574473392044 3489.2367694183617459 2000
# Layered model 59640: value=0.844976
5
0.88086108502915638763 366.97273310994671647 130.82088781170807579 2000
4.9480381279576182152 409.41986242002684548 242.43887867806770942 2000
22.482460961873748317 585.78515853293447435 364.56803861632556618 2000
229.38299825906466367 1223.2635190121686719 731.60178518299630923 2000
0 5126.2271778554259072 3287.0188733043487446 2000
# Layered model 56925: value=0.846121
5
0.81346043336199147511 370.6424604410461825 133.45038765672342151 2000
5.9537105968962711344 413.51406104422710541 240.0384937406610959 2000
27.097390976157143427 634.3213869747961553 398.72269472609860941 2000
247.97196266661350705 1378.4039516702264336 746.30698106517456836 2000
0 5550.9694741136572702 3420.4850205061870838 2000
# Layered model 59663: value=0.846343
5
0.72190483137095540211 352.65358347979713471 124.4715859750921112 2000
5.5899577678420122595 378.09237389591123701 237.66187499075354594 2000
26.556747648098646408 628.0409772027684312 402.70992167335958811 2000
230.00540479113544734 1434.3726795078839586 738.91780303482630643 2000
0 5334.3725574473392044 3420.4850205061870838 2000
# Layered model 54635: value=0.848694
5
0.87213968814767961479 374.34888504545665455 137.49406785310981149 2000
4.1987867805453662484 378.09237389591123701 237.66187499075354594 2000
19.31504874960014817 546.37239354314931461 336.67246711546039251 2000
235.88532679997121022 1260.3296269017564555 717.18633975394197932 2000
0 5662.5439605433421093 3353.0879526577659817 2000
# Layered model 60425: value=0.849394
5
0.67333366999999999525 378.09237389591123701 122.0190039947966909 2000
7.4212008753833487162 409.41986242002684548 242.43887867806770942 2000
32.011416305317979436 660.07737891473470881 419.06155936008383378 2000
230.73340971742572947 1311.5040636757717039 746.30698106517456836 2000
0 5496.0093803105519328 3420.4850205061870838 2000
# Layered model 57751: value=0.850468
5
0.73641511848151164354 332.21562801246449226 125.71630183484305121 2000
5.897415908141625529 374.34888504545665455 244.86326746484840555 2000
19.252373059651709752 628.0409772027684312 386.9963192563130292 2000
244.95315648185220425 1324.6191043125295437 710.08548490489306459 2000
0 5281.5569875716228125 3489.2367694183617459 2000
# Layered model 52558: value=0.851476
5
0.69373635353467000275 319.25268864999327434 119.61474756866650182 2000
6.6341401747125736676 374.34888504545665455 237.66187499075354594 2000
17.797018125135451783 628.0409772027684312 406.73702089009316296 2000
227.49186687384519701 1247.851115744313347 675.62197415460570937 2000
0 5387.7162830218130694 3420.4850205061870838 2000
# Layered model 52579: value=0.852404
5
0.81346043336199147511 397.37888483076966395 129.52563149674065812 2000
8.2173555399111410935 434.60743401514764628 252.28286933230072009 2000
25.514423729471221947 660.07737891473470881 414.91243500998399441 2000
244.50082432995753834 1378.4039516702264336 738.91780303482630643 2000
0 5496.0093803105519328 3319.889062037392705 2000
# Layered model 59603: value=0.853265
5
0.69373635353467000275 300.75047418482091643 124.4715859750921112 2000
6.0064329833546983295 363.33933971281851427 235.30878711955796234 2000
20.778557923261331553 640.66460084454411117 402.70992167335958811 2000
215.28101525441820741 1272.9329231707740746 689.20197583511321682 2000
0 5606.4791688547938975 3454.6898707112491138 2000
# Layered model 58326: value=0.853843
5
0.70768045424071690519 370.6424604410461825 123.2391940347446706 2000
4.6219142276737779085 381.87329763487036871 240.0384937406610959 2000
22.98176549294603177 597.55944021944651467 375.61481475443883937 2000
221.80424529764235331 1324.6191043125295437 696.09399559346434216 2000
0 5550.9694741136572702 3353.0879526577659817 2000
# Layered model 58223: value=0.854485
5
0.76631652531648608573 342.28209375687021065 128.24319950172341009 2000
5.7368018225152335177 374.34888504545665455 237.66187499075354594 2000
14.711777069097529136 557.35447865336664108 360.95845407556987539 2000
219.14128529056472416 1163.8932652411642721 689.20197583511321682 2000
0 5496.0093803105519328 3386.6188321843433187 2000
# Layered model 57158: value=0.854678
5
0.78171948747534747426 359.7419205077410993 123.2391940347446706 2000
5.4057744829324239078 378.09237389591123701 242.43887867806770942 2000
22.981728729111203791 591.64301011826387366 390.86628244887617711 2000
233.70479233892808679 1324.6191043125295437 696.09399559346434216 2000
0 5662.5439605433421093 3420.4850205061870838 2000
# Layered model 59594: value=0.854859
5
0.72912387968466496613 356.18011931459511743 123.2391940347446706 2000
5.8390256516253717933 401.35267367907738389 244.86326746484840555 2000
22.601073168208937858 609.57038496785742154 383.16467253100307744 2000
211.18695800797499373 1324.6191043125295437 682.37819389615174259 2000
0 5662.5439605433421093 3489.2367694183617459 2000
# Layered model 58198: value=0.854924
5
0.67333366999999999525 359.7419205077410993 116.09689553699986675 2000
6.3686116404425803239 378.09237389591123701 249.78501914089181923 2000
19.89534246541341389 628.0409772027684312 383.16467253100307744 2000
246.61046639795236501 1285.6622524024817267 731.60178518299630923 2000
0 5334.3725574473392044 3454.6898707112491138 2000
# Layered model 58944: value=0.855127
5
0.72912387968466496613 342.28209375687021065 129.52563149674065812 2000
4.1439367850470087973 356.18011931459511743 219.47675417764958183 2000
26.090657008175817566 615.66608881753597871 375.61481475443883937 2000
234.53903751592406479 1364.7563877923034852 731.60178518299630923 2000
0 5281.5569875716228125 3454.6898707112491138 2000
# Layered model 60044: value=0.855642
5
0.68006700669999997633 325.66966769185813746 124.4715859750921112 2000
6.2921560729461187833 389.54895091733129675 247.31190013949688478 2000
21.058826598433611821 585.78515853293447435 364.56803861632556618 2000
256.62384024167948837 1351.2439483092114187 738.91780303482630643 2000
0 5834.1247050917663728 3489.2367694183617459 2000
# Layered model 54910: value=0.855804
5
0.79743204917360199779 342.28209375687021065 125.71630183484305121 2000
7.9677889622329010066 385.69203061121908149 252.28286933230072009 2000
27.905247040398329261 721.91690815113975077 449.29071249903614671 2000
231.48731468891503482 1285.6622524024817267 724.35820315148146165 2000
0 5662.5439605433421093 3454.6898707112491138 2000
# Layered model 52834: value=0.856147
5
0.74377926966632679218 401.35267367907738389 125.71630183484305121 2000
7.9346573752906071064 426.04395060792825234 252.28286933230072009 2000
27.992031406847900143 653.5419593215194709 431.75954367025371994 2000
239.61276366374158897 1324.6191043125295437 746.30698106517456836 2000
0 5334.3725574473392044 3420.4850205061870838 2000
# Layered model 54269: value=0.856152
5
0.73641511848151164354 352.65358347979713471 122.0190039947966909 2000
7.1200603633275409976 397.37888483076966395 244.86326746484840555 2000
24.686702980875711688 680.0783835732299849 410.80439109899407413 2000
230.33083657576230507 1272.9329231707740746 710.08548490489306459 2000
0 5281.5569875716228125 3420.4850205061870838 2000
# Layered model 54661: value=0.856752
5
0.88966969587944799702 366.97273310994671647 136.13274044862356504 2000
4.7117878777721990957 385.69203061121908149 232.97899714807718397 2000
16.918581404311559879 519.85458511187766817 343.43958370448115147 2000
232.62289016453698309 1211.1519990219492229 724.35820315148146165 2000
0 5776.3610941502638525 3287.0188733043487446 2000
# Layered model 57925: value=0.857199
5
0.72912387968466496613 356.18011931459511743 124.4715859750921112 2000
6.3832408838623413416 366.97273310994671647 242.43887867806770942 2000
24.160990086089562112 673.34493423092078501 390.86628244887617711 2000
245.00987686590985959 1324.6191043125295437 761.30775138458454876 2000
0 5229.2643441303198415 3420.4850205061870838 2000
# Layered model 59323: value=0.857236
5
0.73641511848151164354 332.21562801246449226 125.71630183484305121 2000
4.921057030906651697 378.09237389591123701 232.97899714807718397 2000
19.718671450528361788 591.64301011826387366 371.89585619251369053 2000
248.17161057389182588 1247.851115744313347 710.08548490489306459 2000
0 5177.4894496339802572 3420.4850205061870838 2000
# Layered model 55924: value=0.857337
5
0.82159503769561137432 342.28209375687021065 126.97346485319150133 2000
7.1134451989315321541 397.37888483076966395 249.78501914089181923 2000
26.610199466117208544 686.87916740896230294 436.07713910695628101 2000
241.73799201280206717 1298.518874926506669 746.30698106517456836 2000
0 5662.5439605433421093 3524.1291371125453225 2000
# Layered model 55275: value=0.857402
5
0.78171948747534747426 319.25268864999327434 126.97346485319150133 2000
5.5301431117376207425 393.44444042650462734 240.0384937406610959 2000
15.764442643374234621 585.78515853293447435 364.56803861632556618 2000
215.90011129948601365 1129.6633364824106138 668.93264767782739 2000
0 5662.5439605433421093 3353.0879526577659817 2000
# Layered model 60649: value=0.857448
5
0.72190483137095540211 300.75047418482091643 119.61474756866650182 2000
4.6076898505435393005 370.6424604410461825 232.97899714807718397 2000
24.131320244599670843 568.55730367429941907 375.61481475443883937 2000
210.89526578097979836 1311.5040636757717039 689.20197583511321682 2000
0 5496.0093803105519328 3158.7605291895320079 2000
# Layered model 56759: value=0.857975
5
0.72190483137095540211 374.34888504545665455 122.0190039947966909 2000
5.2241552557968535808 438.95350835529916367 237.66187499075354594 2000
20.724521869125254625 579.98530547815289538 350.34271933694122936 2000
252.37548207640884357 1324.6191043125295437 753.77005087582631404 2000
0 5229.2643441303198415 3386.6188321843433187 2000
# Layered model 58673: value=0.858324
5
0.78171948747534747426 277.73801706328180217 134.7848915332906472 2000
6.4736038078189537259 413.51406104422710541 235.30878711955796234 2000
25.287855167390464572 591.64301011826387366 390.86628244887617711 2000
232.95957672614679268 1285.6622524024817267 753.77005087582631404 2000
0 5719.1694001487758214 3386.6188321843433187 2000
# Layered model 57656: value=0.859454
5
0.68686767676700000163 345.70491469443891219 120.81089504435318815 2000
6.4966207344154760506 426.04395060792825234 244.86326746484840555 2000
23.473657799617019037 597.55944021944651467 379.37096290198320503 2000
212.10259630376941686 1199.160395071236735 696.09399559346434216 2000
0 5441.5934458520314365 3420.4850205061870838 2000
# Layered model 60589: value=0.85947
5
0.75872923298661987257 393.44444042650462734 123.2391940347446706 2000
8.5457294950926634414 430.30439011400761729 257.35375500588003206 2000
26.287536282897931983 634.3213869747961553 406.73702089009316296 2000
240.69123670456923492 1311.5040636757717039 761.30775138458454876 2000
0 5281.5569875716228125 3353.0879526577659817 2000
# Layered model 55812: value=0.859777
5
0.79743204917360199779 306.79555871593584015 129.52563149674065812 2000
5.3287996046954795304 456.77678099809264722 235.30878711955796234 2000
19.503673382046610385 562.92802343990035752 371.89585619251369053 2000
222.00930830319603615 1187.2875198725116661 717.18633975394197932 2000
0 5719.1694001487758214 3420.4850205061870838 2000
# Layered model 59940: value=0.860741
5
0.78953668235010099341 338.89316213551506962 124.4715859750921112 2000
8.9895429516018889871 397.37888483076966395 262.52656548149820992 2000
24.766160068792363091 666.67815270388200588 440.43791049802592852 2000
236.29412086538269477 1311.5040636757717039 746.30698106517456836 2000
0 5550.9694741136572702 3524.1291371125453225 2000
# Layered model 54856: value=0.861786
5
0.9350517916387104389 352.65358347979713471 138.86900853164090108 2000
5.8997909489221349588 370.6424604410461825 244.86326746484840555 2000
17.309687178541327768 579.98530547815289538 360.95845407556987539 2000
225.97107555340068075 1211.1519990219492229 703.05493554939903333 2000
0 5334.3725574473392044 3319.889062037392705 2000
# Layered model 58181: value=0.86179
5
0.75872923298661987257 393.44444042650462734 124.4715859750921112 2000
7.0199593628639274101 426.04395060792825234 249.78501914089181923 2000
29.628855863795564574 653.5419593215194709 414.91243500998399441 2000
225.46647057880093712 1272.9329231707740746 731.60178518299630923 2000
0 5229.2643441303198415 3454.6898707112491138 2000
# Layered model 59780: value=0.862526
5
0.80540636966533807328 283.32055120625375366 134.7848915332906472 2000
6.378082041517138201 363.33933971281851427 240.0384937406610959 2000
22.572035664596828752 597.55944021944651467 394.77494527336500596 2000
230.51577794248510145 1351.2439483092114187 710.08548490489306459 2000
0 5496.0093803105519328 3386.6188321843433187 2000
# Layered model 58996: value=0.862714
5
0.70067371707001668835 378.09237389591123701 124.4715859750921112 2000
6.1341690234908288204 405.36620041586814978 240.0384937406610959 2000
22.045575773814377385 591.64301011826387366 375.61481475443883937 2000
231.39088350388919935 1298.518874926506669 724.35820315148146165 2000
0 5229.2643441303198415 3158.7605291895320079 2000
# Layered model 54598: value=0.862831
5
0.75872923298661987257 385.69203061121908149 130.82088781170807579 2000
5.1873308541811891104 389.54895091733129675 237.66187499075354594 2000
22.365300087692716602 568.55730367429941907 371.89585619251369053 2000
242.52800039326655224 1311.5040636757717039 753.77005087582631404 2000
0 5441.5934458520314365 3158.7605291895320079 2000
# Layered model 55414: value=0.864014
5
0.73641511848151164354 385.69203061121908149 128.24319950172341009 2000
5.0924840945052629593 447.77647387324060446 232.97899714807718397 2000
21.377761440627779166 530.30366227262641132 350.34271933694122936 2000
230.48769778031061151 1285.6622524024817267 738.91780303482630643 2000
0 5387.7162830218130694 3319.889062037392705 2000
# Layered model 57894: value=0.864127
5
0.69373635353467000275 332.21562801246449226 116.09689553699986675 2000
6.5615869417596304203 393.44444042650462734 252.28286933230072009 2000
20.223403964856398574 585.78515853293447435 386.9963192563130292 2000
220.16048607896104272 1187.2875198725116661 717.18633975394197932 2000
0 5177.4894496339802572 3222.2516158262415047 2000
