# 60076 2_reports/tar1_ln9_tr1.report
# Layered model 51038: value=0.908089
9
0.88966969587944799702 269.56978306658129441 130.82088781170807579 2000
2.9101892312726209688 417.64920165466935487 244.86326746484840555 2000
4.8641173550294940497 430.30439011400761729 275.91805873929041582 2000
3.9754876440226336598 660.07737891473470881 379.37096290198320503 2000
14.67686725817486959 743.79171238502738106 436.07713910695628101 2000
9.6266706724350825652 963.40091248712724337 440.43791049802592852 2000
229.33902414011737392 1260.3296269017564555 731.60178518299630923 2000
29.116472500064560336 4037.2428867578296376 1558.4725741558813752 2000
0 5387.7162830218130694 3489.2367694183617459 2000
# Layered model 56078: value=1.02146
9
0.80540636966533807328 208.12080200000002606 136.13274044862356504 2000
3.1487420673634032298 447.77647387324060446 228.38839049904632361 2000
11.78566867124809292 535.60669889535267885 310.91137485285565845 2000
45.753381844982044413 846.50434990736948748 559.23927548634185314 2000
18.514308013639173112 1163.8932652411642721 642.83112620124086334 2000
174.60439176306721265 1477.8356060696526129 738.91780303482630643 2000
39.529118785566765837 3997.2701849087429764 2274.6331687604865692 2000
328.89236517412240346 5606.4791688547938975 2512.6101254070317736 2000
0 5719.1694001487758214 3319.889062037392705 2000
# Layered model 54110: value=1.04464
9
0.77397969056965099099 218.73705453687213662 134.7848915332906472 2000
5.3522519632994303151 475.32374998150709189 249.78501914089181923 2000
12.14720737204191181 484.87775735613541883 301.76751731082049446 2000
61.376015245844641299 1002.5188527717638181 662.30955215626477184 2000
4.4392396338999873251 1211.1519990219492229 682.37819389615174259 2000
155.76723213193474749 1463.2035703659926185 724.35820315148146165 2000
85.058749901031006857 3654.8633183089041268 1864.1630355034569675 2000
279.79538712999101335 5662.5439605433421093 2748.0046901552759664 2000
0 5951.3906116641110202 3778.3434332887322853 2000
# Layered model 42732: value=1.11767
9
0.68686767676700000163 374.34888504545665455 116.09689553699986675 2000
2.8573293499278191732 430.30439011400761729 230.67227440403681271 2000
10.013286173414165603 434.60743401514764628 270.48138294215311817 2000
3.8210299068555411139 944.41810850615354411 526.82869483892307017 2000
101.74176243085696569 1085.5842622424745514 576.18478477285361805 2000
128.00352491463394244 1298.518874926506669 800.14209792423037015 2000
32.741285031309047326 1448.7164063029629233 883.85466484004371068 2000
256.78439149651796924 5177.4894496339802572 2888.1805470751319262 2000
0 5776.3610941502638525 3740.9340923650820514 2000
# Layered model 41804: value=1.12065
9
0.92579385310763406824 218.73705453687213662 134.7848915332906472 2000
3.0678960682913944957 413.51406104422710541 230.67227440403681271 2000
2.307655596603699788 597.55944021944651467 257.35375500588003206 2000
9.7474197679679708273 634.3213869747961553 340.03919178661499245 2000
5.679786051997620433 773.9926385126260584 476.93114479560750851 2000
25.64833623519123762 1032.8961765296010071 486.51746080599923516 2000
238.11348612882855491 1448.7164063029629233 784.37613755928884984 2000
37.582613677249867123 4504.2240965554192371 1574.0572998974403163 2000
0 5025.2202508140635473 3319.889062037392705 2000
# Layered model 58004: value=1.13329
9
0.75872923298661987257 220.92442508224090147 125.71630183484305121 2000
1.3749434349119815657 393.44444042650462734 259.92729255593883408 2000
8.8672782116460542312 417.64920165466935487 265.15183113631320566 2000
1.8925662715762463506 666.67815270388200588 275.91805873929041582 2000
9.9434086791976010744 714.7692159912274974 379.37096290198320503 2000
24.53996174284105436 1043.2251382948970786 668.93264767782739 2000
196.09537327512271077 1187.2875198725116661 689.20197583511321682 2000
92.718785341232120345 4243.1828486772155884 2320.3532954525726382 2000
0 5550.9694741136572702 3559.3704284836708212 2000
# Layered model 44694: value=1.13883
9
0.75121706236299001791 202 130.82088781170807579 2000
2.9737696322278037719 530.30366227262641132 213.02197530396412617 2000
21.151146625590094175 562.92802343990035752 346.87397954152595503 2000
101.00655195587187052 1175.5321978935758125 662.30955215626477184 2000
75.962548981277919324 1392.1879911869286843 689.20197583511321682 2000
42.831795893615264958 1492.6139621303491367 892.69321148844414893 2000
77.020668798184146908 5025.2202508140635473 2537.7362266611021369 2000
149.83612539255460661 5126.2271778554259072 3254.4741319845038561 2000
0 5719.1694001487758214 3420.4850205061870838 2000
# Layered model 54710: value=1.14297
9
0.75872923298661987257 216.57134112561604411 120.81089504435318815 2000
3.1175068586012057992 397.37888483076966395 252.28286933230072009 2000
9.0232439836208140349 489.7265349296968111 295.82150505913193683 2000
2.0694930627733540973 535.60669889535267885 353.8461465303106479 2000
8.3269749015259115765 789.54989054673001192 398.72269472609860941 2000
50.105896361301347497 1107.4045059135482916 689.20197583511321682 2000
165.27305104893321186 1272.9329231707740746 738.91780303482630643 2000
84.398091929495535624 4549.2663375209731385 1179.5074765510712496 2000
0 5550.9694741136572702 3454.6898707112491138 2000
# Layered model 54412: value=1.1477
9
0.81346043336199147511 212.30403012019999665 128.24319950172341009 2000
3.5111334782242256125 456.77678099809264722 244.86326746484840555 2000
5.3415301827028054404 484.87775735613541883 289.99265273907644769 2000
1.0063546969551939725 714.7692159912274974 353.8461465303106479 2000
19.501745020080949899 736.42743800497760276 371.89585619251369053 2000
151.35727231375275892 1163.8932652411642721 682.37819389615174259 2000
98.333589358686538162 1665.2621513395340571 976.32541843021692785 2000
295.49579047653321595 4243.1828486772155884 2775.4847370568286351 2000
0 5550.9694741136572702 2975.6953058320555101 2000
# Layered model 55250: value=1.15832
9
0.82159503769561137432 328.92636436877671713 126.97346485319150133 2000
7.0348804441134413779 397.37888483076966395 254.80569802562376935 2000
5.0430045933995870655 591.64301011826387366 323.53562342649479433 2000
3.8009294369212689446 628.0409772027684312 379.37096290198320503 2000
6.8284980077730743631 1074.8359032103708159 383.16467253100307744 2000
109.81998087156222255 1247.851115744313347 630.16481345087822774 2000
125.10182261136935722 1492.6139621303491367 731.60178518299630923 2000
34.023049885280329363 3879.7110600773389706 2512.6101254070317736 2000
0 5334.3725574473392044 3319.889062037392705 2000
# Layered model 59638: value=1.16043
9
0.75121706236299001791 306.79555871593584015 144.50764714274973244 2000
1.4912943552221205046 316.09177094058742341 208.82460082733467743 2000
5.6008732864432690945 475.32374998150709189 262.52656548149820992 2000
11.739158851375762538 579.98530547815289538 379.37096290198320503 2000
8.5614997801927934518 925.80934075693903651 390.86628244887617711 2000
3.3617341376215676974 953.86228959121501703 611.63175950608433595 2000
154.60537413333122458 1175.5321978935758125 710.08548490489306459 2000
143.45560281901092026 3654.8633183089041268 986.08867261451916875 2000
0 4781.3246413161623423 3065.8618492940722717 2000
# Layered model 57368: value=1.16299
9
0.81346043336199147511 266.90077531344684303 126.97346485319150133 2000
0.76956021800797591581 452.25423861197299402 208.82460082733467743 2000
7.4327478104130602077 461.34454880807362542 275.91805873929041582 2000
10.566775093621116 557.35447865336664108 364.56803861632556618 2000
5.8958917286257594981 673.34493423092078501 423.25217495368474374 2000
65.886004576626703511 1074.8359032103708159 675.62197415460570937 2000
149.69720454358326833 1600.2841958484607403 792.21989893488171219 2000
51.412116483875024642 5334.3725574473392044 1067.7927314845246656 2000
0 5441.5934458520314365 3319.889062037392705 2000
# Layered model 60062: value=1.1799
9
0.78171948747534747426 359.7419205077410993 147.41225085031902609 2000
2.8337158994560378567 378.09237389591123701 217.30371700757382314 2000
8.5364583551754904533 413.51406104422710541 270.48138294215311817 2000
1.5348345259275610886 1022.6694817124763404 440.43791049802592852 2000
69.569404311822609088 1351.2439483092114187 559.23927548634185314 2000
161.42089757108888648 1378.4039516702264336 808.1435189034727955 2000
58.376754336324268024 1568.7522751185776997 875.10362855449875497 2000
217.81291076031521925 5126.2271778554259072 2859.5847000743879107 2000
0 5892.4659521426838182 3489.2367694183617459 2000
# Layered model 56370: value=1.19035
9
0.72190483137095540211 342.28209375687021065 124.4715859750921112 2000
4.0078398400713446392 421.82569367121607229 232.97899714807718397 2000
7.5436680080856453046 434.60743401514764628 265.15183113631320566 2000
10.236216167011699341 889.68457920601224487 496.29646176819989023 2000
24.707320862764373004 1032.8961765296010071 605.57599951097461144 2000
139.81513227985988124 1378.4039516702264336 746.30698106517456836 2000
104.19664822423416695 1392.1879911869286843 910.63634503936191322 2000
144.22484539906946566 5441.5934458520314365 2975.6953058320555101 2000
0 5719.1694001487758214 3420.4850205061870838 2000
# Layered model 58585: value=1.19087
9
1.0432076864240023006 251.43260366968610242 156.48107472306307386 2000
3.4124257452771895593 426.04395060792825234 208.82460082733467743 2000
11.923283367838287461 540.96276588430623633 310.91137485285565845 2000
32.535343368600194935 953.86228959121501703 501.25942638588190903 2000
118.16109688738704619 1199.160395071236735 768.9208288984302726 2000
39.524418871426178157 1378.4039516702264336 784.37613755928884984 2000
70.494368116378240074 1991.8991186813284457 928.94013557465291342 2000
298.26673191696653475 4687.1136568141964744 2142.8073385819939176 2000
0 5892.4659521426838182 3594.9641327685076249 2000
# Layered model 52272: value=1.2078
9
1.648746825302978225 319.25268864999327434 164.46318218438835856 2000
4.5387471451047938231 452.25423861197299402 270.48138294215311817 2000
7.6424946420234043387 504.56573866460144018 320.33230042227205558 2000
23.190063286482928362 829.82487001996798881 501.25942638588190903 2000
22.932945144978127416 1064.193963574624604 605.57599951097461144 2000
150.79943437919243365 1247.851115744313347 808.1435189034727955 2000
42.605779539403869194 2312.5330390178828566 857.86062989363665565 2000
262.35138829254651682 5075.4724533222042737 1687.6024774621516826 2000
0 5892.4659521426838182 3454.6898707112491138 2000
# Layered model 56589: value=1.20971
9
0.74377926966632679218 342.28209375687021065 136.13274044862356504 2000
0.77747246121059654378 397.37888483076966395 215.15219505700380864 2000
10.39120169732313137 405.36620041586814978 265.15183113631320566 2000
11.745392713533986395 916.6429116405337254 481.70045624356362168 2000
127.59329505130656912 1074.8359032103708159 623.92555787215667351 2000
13.086954114892279222 1235.4961542022904268 753.77005087582631404 2000
81.568888148832201068 1767.7093296800874214 840.95738642646472272 2000
442.30947593201352674 5387.7162830218130694 3096.5204677870128762 2000
0 5951.3906116641110202 3386.6188321843433187 2000
# Layered model 50616: value=1.21525
9
0.77397969056965099099 401.35267367907738389 130.82088781170807579 2000
4.5028467271674728067 470.61757423911592468 208.82460082733467743 2000
10.462990690539712091 499.57003828178363847 330.03868945736735441 2000
22.02433783380544341 963.40091248712724337 511.33474085623817018 2000
36.860291318050464326 1064.193963574624604 617.74807710114521342 2000
179.9874524698325331 1434.3726795078839586 849.36696029072936653 2000
83.495615959614667645 2312.5330390178828566 1057.2205262223017144 2000
272.64964900971858697 5126.2271778554259072 3127.4856724648830095 2000
0 5834.1247050917663728 3319.889062037392705 2000
# Layered model 42867: value=1.22266
9
0.77397969056965099099 253.94692970638300267 125.71630183484305121 2000
6.6271756029600652482 438.95350835529916367 265.15183113631320566 2000
22.95245481617275729 736.42743800497760276 398.72269472609860941 2000
3.1601599364416657068 743.79171238502738106 472.20905425307677206 2000
90.443266350817822286 1096.4401048648992401 682.37819389615174259 2000
99.760916346797856136 1732.8784723851460967 832.63107566976702856 2000
56.147132740004650486 2849.9470790728269094 1078.4706587993698577 2000
164.34110699851368054 3443.0465745182823412 1791.4240360302442241 2000
0 5126.2271778554259072 3386.6188321843433187 2000
# Layered model 59793: value=1.22622
9
0.82159503769561137432 216.57134112561604411 128.24319950172341009 2000
1.465990859382959588 378.09237389591123701 226.12711930598649701 2000
5.0280806263824810998 413.51406104422710541 267.80334944767633942 2000
15.419058611543992043 640.66460084454411117 360.95845407556987539 2000
1.2671134260479917089 707.69229306062129581 419.06155936008383378 2000
9.1110501995137980202 944.41810850615354411 449.29071249903614671 2000
212.79409469619827178 1107.4045059135482916 710.08548490489306459 2000
61.485878627188014889 4159.5753834694787656 2512.6101254070317736 2000
0 5496.0093803105519328 3287.0188733043487446 2000
# Layered model 59047: value=1.22915
9
0.77397969056965099099 366.97273310994671647 128.24319950172341009 2000
7.8185318390906788366 409.41986242002684548 249.78501914089181923 2000
3.8036352766628951372 443.343043438852078 289.99265273907644769 2000
1.0208988441369619693 1064.193963574624604 375.61481475443883937 2000
48.35258715685902331 1085.5842622424745514 506.27202064974062523 2000
164.18549946387821592 1223.2635190121686719 784.37613755928884984 2000
48.395505395467097287 2178.5107307747271079 1215.2477325980453315 2000
61.840408522849884321 5606.4791688547938975 1558.4725741558813752 2000
0 5719.1694001487758214 3667.2229118371546974 2000
# Layered model 59354: value=1.23072
9
1.1523502918229868719 335.53778429258915139 137.49406785310981149 2000
7.5260863531339463606 489.7265349296968111 267.80334944767633942 2000
19.075077887795274023 557.35447865336664108 364.56803861632556618 2000
9.6367378851510423488 1199.160395071236735 491.38263541405922297 2000
61.210354335394093539 1223.2635190121686719 768.9208288984302726 2000
179.86467713786768741 1311.5040636757717039 776.61003718741471857 2000
49.698538806842577742 4877.429266606616693 1527.7645075540449398 2000
46.913885967931037158 5550.9694741136572702 2803.2395844273969487 2000
0 5951.3906116641110202 3127.4856724648830095 2000
# Layered model 55843: value=1.23211
9
1.0855661017556395009 229.89484264752448439 145.95272361417724483 2000
4.4055206286155463857 475.32374998150709189 237.66187499075354594 2000
10.092890604556373546 568.55730367429941907 320.33230042227205558 2000
36.858730213494759198 714.7692159912274974 458.3214558202668627 2000
77.837383485396188121 1463.2035703659926185 724.35820315148146165 2000
145.42811083862210353 1665.2621513395340571 892.69321148844414893 2000
33.436963683023748217 3341.7870840834689261 1252.0709541434987386 2000
530.60970351897788078 5776.3610941502638525 3386.6188321843433187 2000
0 5834.1247050917663728 3420.4850205061870838 2000
# Layered model 57548: value=1.24694
9
0.84649018893282612641 204.02000000000001023 119.61474756866650182 2000
5.8536791479565426499 509.61139605124753871 262.52656548149820992 2000
14.096708828907365429 546.37239354314931461 353.8461465303106479 2000
111.50708919291002985 1074.8359032103708159 655.75203183788585193 2000
29.857728160880924406 1324.6191043125295437 668.93264767782739 2000
94.996322197677272925 1434.3726795078839586 849.36696029072936653 2000
64.539681231865131394 5025.2202508140635473 2512.6101254070317736 2000
88.519267131002322913 5496.0093803105519328 3158.7605291895320079 2000
0 5550.9694741136572702 3353.0879526577659817 2000
# Layered model 58037: value=1.24734
9
0.75121706236299001791 239.22949513733300364 113.80932804332893227 2000
4.5783776195515049068 405.36620041586814978 262.52656548149820992 2000
1.0984078810000887927 514.70751001176006412 298.77972010972325734 2000
2.0613330566337442207 519.85458511187766817 330.03868945736735441 2000
19.654707716048609001 846.50434990736948748 386.9963192563130292 2000
103.88455903219039556 1002.5188527717638181 655.75203183788585193 2000
104.28317530522500078 1324.6191043125295437 761.30775138458454876 2000
86.761209706225656646 3957.6932523848936398 1239.6742120232661364 2000
0 5606.4791688547938975 3594.9641327685076249 2000
# Layered model 50890: value=1.26534
9
1.3512213436632265484 251.43260366968610242 156.48107472306307386 2000
12.228889587525513249 452.25423861197299402 278.67723932668332054 2000
3.1280220960214837334 603.53503462164098892 336.67246711546039251 2000
6.2539393591448693144 838.12311872016766756 491.38263541405922297 2000
21.518430110532261068 863.51908734050743988 559.23927548634185314 2000
78.66495866929714964 1272.9329231707740746 738.91780303482630643 2000
165.19981627282348313 1477.8356060696526129 919.74270848975561421 2000
298.58035212809170389 4687.1136568141964744 2274.6331687604865692 2000
0 5834.1247050917663728 3489.2367694183617459 2000
# Layered model 48182: value=1.2662
9
1.3378429145180461557 280.51539723391459802 154.93175715154760042 2000
2.2063541121767729081 443.343043438852078 273.1861967715746573 2000
16.441194117239689376 499.57003828178363847 326.77097966075973545 2000
8.8816770848308088659 1012.5440412994812505 462.90467037846951825 2000
64.01916355635219702 1074.8359032103708159 617.74807710114521342 2000
128.61669172355556157 1285.6622524024817267 710.08548490489306459 2000
144.61906599618322389 3243.5056202832652161 1756.1259053330497863 2000
170.52748747542614183 5719.1694001487758214 1809.3382763905467527 2000
0 5834.1247050917663728 3454.6898707112491138 2000
# Layered model 58814: value=1.26877
9
1.074817922530336034 342.28209375687021065 143.07687835915814389 2000
3.2497759890558812756 430.30439011400761729 265.15183113631320566 2000
13.588786174592581091 499.57003828178363847 295.82150505913193683 2000
3.7179307969492114694 1043.2251382948970786 333.33907635194100294 2000
104.81726194541288066 1187.2875198725116661 696.09399559346434216 2000
88.539982466147776563 1211.1519990219492229 776.61003718741471857 2000
97.248061916330328813 4549.2663375209731385 1369.3715629026005445 2000
263.12425874927868108 4733.9847933823384665 1589.797872896414674 2000
0 5951.3906116641110202 3559.3704284836708212 2000
# Layered model 38923: value=1.27088
9
1.2729116285717296808 264.25819337965032219 158.04588547029371171 2000
6.9025682622654533915 456.77678099809264722 292.89257926646723718 2000
10.097959135073809378 489.7265349296968111 314.0204886013842156 2000
53.832172874724676603 1053.6573896778461403 611.63175950608433595 2000
131.75807469926832027 1235.4961542022904268 746.30698106517456836 2000
61.086476212211834991 1600.2841958484607403 919.74270848975561421 2000
17.713573526486300125 3179.5957457928293479 1605.6958516253787366 2000
127.55322974153028781 4640.7065909051452763 2563.1135889277129536 2000
0 5496.0093803105519328 3594.9641327685076249 2000
# Layered model 48969: value=1.27224
9
0.99257631868005891107 218.73705453687213662 134.7848915332906472 2000
8.5938168133187566866 426.04395060792825234 278.67723932668332054 2000
8.5061207550417705647 579.98530547815289538 298.77972010972325734 2000
16.782049613194896409 854.96939340644303229 559.23927548634185314 2000
24.484839513519204957 1272.9329231707740746 636.4664615853870373 2000
127.67267897540922661 1492.6139621303491367 824.38720363343270492 2000
131.48049122779659115 1600.2841958484607403 901.62014360332864271 2000
148.35259939856888423 5126.2271778554259072 2487.7327974327045013 2000
0 5387.7162830218130694 3353.0879526577659817 2000
# Layered model 52619: value=1.27255
9
0.9166275773342911215 232.1937910739997335 144.50764714274973244 2000
3.4079663342519261882 381.87329763487036871 252.28286933230072009 2000
9.6436945869692713984 666.67815270388200588 289.99265273907644769 2000
12.164691789178039727 743.79171238502738106 481.70045624356362168 2000
68.620264756264845118 973.03492161199847033 570.47998492361739409 2000
140.37657167749006248 1364.7563877923034852 761.30775138458454876 2000
28.515753572503115265 2266.9670022722111753 1453.6155076810953233 2000
217.36608391696097442 4733.9847933823384665 1704.4785022367732381 2000
0 5550.9694741136572702 3489.2367694183617459 2000
# Layered model 50753: value=1.27498
9
1.364733557099858885 241.62179008870637631 153.39777935796792008 2000
0.90020297466110266171 475.32374998150709189 254.80569802562376935 2000
15.64844355441783641 597.55944021944651467 289.99265273907644769 2000
15.268570454557973903 1053.6573896778461403 542.79213112123727569 2000
5.5144394997174970285 1107.4045059135482916 655.75203183788585193 2000
210.89864841652570249 1272.9329231707740746 696.09399559346434216 2000
16.686987539951530835 3179.5957457928293479 1882.8046658584914894 2000
156.36492437239502351 5496.0093803105519328 2320.3532954525726382 2000
0 5951.3906116641110202 3594.9641327685076249 2000
# Layered model 58347: value=1.27577
9
0.87213968814767961479 426.04395060792825234 125.71630183484305121 2000
4.3007124025660967703 430.30439011400761729 230.67227440403681271 2000
4.3975678046218895645 452.25423861197299402 281.46401171995017876 2000
18.447672127059071556 707.69229306062129581 379.37096290198320503 2000
57.760784630764561598 1043.2251382948970786 617.74807710114521342 2000
36.147322521280798924 1187.2875198725116661 753.77005087582631404 2000
175.15622851624726763 1933.3176602578553229 883.85466484004371068 2000
250.35370377689866928 5334.3725574473392044 3386.6188321843433187 2000
0 5719.1694001487758214 3667.2229118371546974 2000
# Layered model 58430: value=1.2792
9
0.67333366999999999525 212.30403012019999665 129.52563149674065812 2000
2.1458687524121136114 370.6424604410461825 242.43887867806770942 2000
3.4197535360064290622 413.51406104422710541 259.92729255593883408 2000
7.7228755478033859205 504.56573866460144018 301.76751731082049446 2000
26.305787142398855849 666.67815270388200588 427.48469670322151615 2000
27.517753154783804348 1187.2875198725116661 636.4664615853870373 2000
133.74633670591205714 1247.851115744313347 738.91780303482630643 2000
108.93508219547598515 3879.7110600773389706 966.65883012892766146 2000
0 5496.0093803105519328 3420.4850205061870838 2000
# Layered model 34291: value=1.28729
9
0.73641511848151164354 374.34888504545665455 132.12909668982516109 2000
5.4510788519262600715 540.96276588430623633 232.97899714807718397 2000
10.856472530649377006 615.66608881753597871 336.67246711546039251 2000
6.1477266091614950483 666.67815270388200588 346.87397954152595503 2000
73.466092159164105624 1002.5188527717638181 642.83112620124086334 2000
101.88053857097312971 1715.7212597872733113 776.61003718741471857 2000
78.55582020297526924 1785.3864229768882979 1156.2665195089414283 2000
194.43968029835355082 4549.2663375209731385 1827.4316591544520634 2000
0 5177.4894496339802572 3319.889062037392705 2000
# Layered model 58750: value=1.28802
9
1.68188663649156811 283.32055120625375366 153.39777935796792008 2000
8.9074553200043364853 484.87775735613541883 314.0204886013842156 2000
11.486963286091299352 540.96276588430623633 343.43958370448115147 2000
3.7979326660598538012 1064.193963574624604 481.70045624356362168 2000
12.059680374319579954 1074.8359032103708159 617.74807710114521342 2000
206.74311186797930873 1406.1098710987980667 784.37613755928884984 2000
49.463987364586103013 1839.4854169795112284 883.85466484004371068 2000
341.41533616618443148 5387.7162830218130694 2537.7362266611021369 2000
0 5776.3610941502638525 3667.2229118371546974 2000
# Layered model 44825: value=1.28907
9
0.72190483137095540211 220.92442508224090147 122.0190039947966909 2000
4.5549215863661682846 475.32374998150709189 221.671521719426039 2000
14.510689566356450797 562.92802343990035752 336.67246711546039251 2000
155.02452097176671941 1118.4785509726837063 623.92555787215667351 2000
45.94312311290713069 1406.1098710987980667 800.14209792423037015 2000
23.921870082178514849 1522.6155027691690975 892.69321148844414893 2000
32.417113892385202689 4159.5753834694787656 1439.223274931777496 2000
521.90379988169820535 5387.7162830218130694 2207.7365437483672395 2000
0 5776.3610941502638525 3489.2367694183617459 2000
# Layered model 57807: value=1.29159
9
0.69373635353467000275 289.01529428549946488 122.0190039947966909 2000
5.5556325565771791375 374.34888504545665455 230.67227440403681271 2000
17.419418384371212483 568.55730367429941907 353.8461465303106479 2000
15.239659306499252267 1522.6155027691690975 496.29646176819989023 2000
177.49696470062286835 1568.7522751185776997 675.62197415460570937 2000
35.685577539944603132 1933.3176602578553229 938.22953693039960399 2000
99.745046755561048712 3275.9406764860978001 1512.6381262911336307 2000
19.528032388967062616 4594.7590008961833519 2185.8777660874920912 2000
0 5719.1694001487758214 3319.889062037392705 2000
# Layered model 55491: value=1.29428
9
0.72190483137095540211 378.09237389591123701 126.97346485319150133 2000
1.4764202520376419336 417.64920165466935487 249.78501914089181923 2000
12.050726013967855366 430.30439011400761729 273.1861967715746573 2000
3.1294620095880727462 944.41810850615354411 440.43791049802592852 2000
93.727118568850272595 1272.9329231707740746 662.30955215626477184 2000
143.50626705415049855 1492.6139621303491367 792.21989893488171219 2000
45.441353237628959505 1665.2621513395340571 840.95738642646472272 2000
185.76851878546784747 5075.4724533222042737 2859.5847000743879107 2000
0 5951.3906116641110202 3559.3704284836708212 2000
# Layered model 59325: value=1.29622
9
0.75121706236299001791 256.48639900344682019 124.4715859750921112 2000
9.8381248941329140223 452.25423861197299402 249.78501914089181923 2000
9.1981740275976697774 634.3213869747961553 364.56803861632556618 2000
6.3454643036399538403 1211.1519990219492229 419.06155936008383378 2000
203.58572450801776199 1235.4961542022904268 746.30698106517456836 2000
40.556956288888073914 1378.4039516702264336 849.36696029072936653 2000
20.953069128758727402 1933.3176602578553229 1133.4835011361055876 2000
171.01401495049242385 4549.2663375209731385 2512.6101254070317736 2000
0 5776.3610941502638525 3454.6898707112491138 2000
# Layered model 57067: value=1.29738
9
0.80540636966533807328 421.82569367121607229 141.66027560312687683 2000
3.2282204509476803977 430.30439011400761729 226.12711930598649701 2000
8.8658532545956205695 434.60743401514764628 284.27865183714970954 2000
3.9679335320425686007 907.56723924805316983 431.75954367025371994 2000
78.833363887187147157 1043.2251382948970786 630.16481345087822774 2000
144.155148543151995 1260.3296269017564555 832.63107566976702856 2000
31.778368681879470614 1448.7164063029629233 883.85466484004371068 2000
286.80530299061467758 5719.1694001487758214 3005.4522588903760152 2000
0 5776.3610941502638525 3703.8951409555261307 2000
# Layered model 59025: value=1.29739
9
1.434348684220674075 280.51539723391459802 141.66027560312687683 2000
2.074757282803899372 430.30439011400761729 278.67723932668332054 2000
14.05130976298110923 494.62380027899376955 320.33230042227205558 2000
53.831279221118734313 1152.3695695457072361 611.63175950608433595 2000
140.74967481811893322 1298.518874926506669 675.62197415460570937 2000
30.11311552872291486 1732.8784723851460967 995.94955934066422287 2000
37.610600185798176653 2907.2310153621906466 1453.6155076810953233 2000
36.842087714194519776 5177.4894496339802572 3035.5067814792796526 2000
0 5662.5439605433421093 3630.9137740961928102 2000
# Layered model 54287: value=1.29867
9
0.79743204917360199779 208.12080200000002606 132.12909668982516109 2000
3.4843441009117617213 421.82569367121607229 235.30878711955796234 2000
12.932630015982358174 721.91690815113975077 292.89257926646723718 2000
13.428568447540577324 743.79171238502738106 371.89585619251369053 2000
71.961212162305997708 1163.8932652411642721 696.09399559346434216 2000
78.927309349163621732 1175.5321978935758125 761.30775138458454876 2000
149.91396479990976331 2052.2556538764915786 928.94013557465291342 2000
87.016866173355424507 4118.3914687816622973 2720.7967229260157183 2000
0 5662.5439605433421093 3489.2367694183617459 2000
# Layered model 47494: value=1.30008
9
0.70067371707001668835 256.48639900344682019 116.09689553699986675 2000
5.802444630761702804 430.30439011400761729 254.80569802562376935 2000
3.0673015475039466793 475.32374998150709189 292.89257926646723718 2000
0.6856224499597516342 628.0409772027684312 333.33907635194100294 2000
23.408384046194967709 693.74795908305191006 402.70992167335958811 2000
10.966744807978798804 1064.193963574624604 462.90467037846951825 2000
216.40404691339375631 1324.6191043125295437 703.05493554939903333 2000
34.363280384133133794 4037.2428867578296376 1687.6024774621516826 2000
0 5334.3725574473392044 3287.0188733043487446 2000
# Layered model 29866: value=1.30086
9
1.2478302407329964208 345.70491469443891219 164.46318218438835856 2000
1.5434592864077101293 356.18011931459511743 210.91284683560803614 2000
7.0691236614435251084 443.343043438852078 273.1861967715746573 2000
30.627872367268842879 838.12311872016766756 476.93114479560750851 2000
6.7286641534509428197 1152.3695695457072361 649.2594374632533345 2000
139.81513227985988124 1199.160395071236735 655.75203183788585193 2000
20.606238819693516007 1785.3864229768882979 792.21989893488171219 2000
447.17602594576874253 5075.4724533222042737 2207.7365437483672395 2000
0 5834.1247050917663728 3559.3704284836708212 2000
# Layered model 54460: value=1.31011
9
0.94440230955509751887 227.61865608665786453 147.41225085031902609 2000
0.96805910810190964888 332.21562801246449226 202.68310020793407489 2000
9.3096085745664964861 499.57003828178363847 295.82150505913193683 2000
37.692190175916174155 880.87582099605185704 472.20905425307677206 2000
24.971330188427387498 1223.2635190121686719 636.4664615853870373 2000
227.65240958960797002 1553.2200743748294371 832.63107566976702856 2000
29.907460978812650865 3275.9406764860978001 1738.7385201317322299 2000
99.696693146762356719 5281.5569875716228125 2414.5689438646618328 2000
0 5951.3906116641110202 3287.0188733043487446 2000
# Layered model 59647: value=1.31159
9
1.0328788974495071162 232.1937910739997335 141.66027560312687683 2000
5.5352706338605299763 393.44444042650462734 237.66187499075354594 2000
13.219366452783535948 579.98530547815289538 350.34271933694122936 2000
51.604178967030847502 1129.6633364824106138 576.18478477285361805 2000
4.7327026788369863652 1337.86529535565478 662.30955215626477184 2000
181.0336200873035466 1420.1709698097861292 883.85466484004371068 2000
34.070712496133126024 1857.8802711493058268 1179.5074765510712496 2000
357.10230617732088376 4371.7555321749841823 1978.8466261924468199 2000
0 5834.1247050917663728 3667.2229118371546974 2000
# Layered model 39396: value=1.31236
9
1.1638737947412167717 335.53778429258915139 171.14104687843510533 2000
3.2039660559608629242 461.34454880807362542 226.12711930598649701 2000
13.7246740363385058 480.0769874813221918 289.99265273907644769 2000
36.479577883104951752 1129.6633364824106138 605.57599951097461144 2000
149.29159482975845208 1175.5321978935758125 731.60178518299630923 2000
19.854266143855824112 1553.2200743748294371 1026.1278269382457893 2000
192.96302333058449108 4118.3914687816622973 1558.4725741558813752 2000
40.985108246339336802 4549.2663375209731385 2297.3795004480916759 2000
0 5496.0093803105519328 3524.1291371125453225 2000
# Layered model 51225: value=1.31292
9
1.6652342935560080495 246.47838806948934121 151.87898946333456252 2000
9.3540774096348755506 535.60669889535267885 295.82150505913193683 2000
3.9565842045402046523 621.82274970571131689 317.16069348739807765 2000
20.599646318859129224 653.5419593215194709 406.73702089009316296 2000
14.049946452954586107 1085.5842622424745514 642.83112620124086334 2000
228.83979521162024184 1492.6139621303491367 792.21989893488171219 2000
49.698538806842577742 4037.2428867578296376 1078.4706587993698577 2000
94.483127671318925422 4640.7065909051452763 2775.4847370568286351 2000
0 5951.3906116641110202 3559.3704284836708212 2000
# Layered model 56761: value=1.31725
9
0.75121706236299001791 342.28209375687021065 109.36852726843606831 2000
9.4249324188367840094 413.51406104422710541 262.52656548149820992 2000
1.6183588635527552668 430.30439011400761729 281.46401171995017876 2000
6.4704835864617677998 992.59292353639978046 458.3214558202668627 2000
106.93161482971727594 1053.6573896778461403 593.64375993625583305 2000
119.48042339001436574 1378.4039516702264336 808.1435189034727955 2000
18.96854014304562952 1715.7212597872733113 1005.9090549340709231 2000
241.90251249694563285 5719.1694001487758214 2693.8581415109065347 2000
0 5834.1247050917663728 3703.8951409555261307 2000
# Layered model 58628: value=1.31963
9
0.66666700000000000959 244.03800798959338181 105.10100500999998019 2000
1.5098924885233637738 385.69203061121908149 252.28286933230072009 2000
6.2326105328408427653 430.30439011400761729 262.52656548149820992 2000
3.7371063765176320004 686.87916740896230294 340.03919178661499245 2000
21.854794257523455059 736.42743800497760276 379.37096290198320503 2000
1.8554429816911977014 1064.193963574624604 481.70045624356362168 2000
222.59419736573806858 1247.851115744313347 724.35820315148146165 2000
22.610824487610898359 4201.1711373041734987 2463.1017796363412344 2000
0 5387.7162830218130694 3454.6898707112491138 2000
# Layered model 59850: value=1.32089
9
0.75121706236299001791 229.89484264752448439 124.4715859750921112 2000
2.3940778431643883195 378.09237389591123701 249.78501914089181923 2000
5.2638751158368277672 509.61139605124753871 265.15183113631320566 2000
7.1676034516021420728 597.55944021944651467 292.89257926646723718 2000
4.6898386625875865263 797.44538945219721882 298.77972010972325734 2000
52.408481330593836844 1053.6573896778461403 682.37819389615174259 2000
143.39417579721572338 1247.851115744313347 784.37613755928884984 2000
190.08614269716366607 4415.4730874967344789 1252.0709541434987386 2000
0 5550.9694741136572702 3489.2367694183617459 2000
# Layered model 57952: value=1.32213
9
0.79743204917360199779 218.73705453687213662 137.49406785310981149 2000
5.9027372877157668896 405.36620041586814978 228.38839049904632361 2000
4.9775616975190768443 609.57038496785742154 317.16069348739807765 2000
5.1896825728427629087 621.82274970571131689 371.89585619251369053 2000
7.3744433394123554137 721.91690815113975077 410.80439109899407413 2000
21.741683371320743134 1012.5440412994812505 553.70225295677414579 2000
251.09888737270307502 1406.1098710987980667 784.37613755928884984 2000
42.470528960722162992 4640.7065909051452763 1277.2375803217830708 2000
0 5025.2202508140635473 3319.889062037392705 2000
# Layered model 52925: value=1.32282
9
1.1872676580155152593 241.62179008870637631 159.62634432499663717 2000
5.996220753166960904 489.7265349296968111 249.78501914089181923 2000
1.6546337942709365976 736.42743800497760276 289.99265273907644769 2000
15.056302397697969297 846.50434990736948748 357.3846079956137487 2000
49.259625254835810892 1074.8359032103708159 623.92555787215667351 2000
91.184045449945699602 1351.2439483092114187 824.38720363343270492 2000
147.89852190308610602 1803.2402872066572854 875.10362855449875497 2000
41.10355108779396005 4459.627818371702233 2185.8777660874920912 2000
0 5550.9694741136572702 3594.9641327685076249 2000
# Layered model 50854: value=1.32448
9
0.66666700000000000959 236.86088627458710221 117.25786449236984765 2000
0.98063063772840008969 443.343043438852078 247.31190013949688478 2000
9.4636627506117019237 484.87775735613541883 284.27865183714970954 2000
2.4402557186246873755 535.60669889535267885 307.83304440876798935 2000
7.9622010593404777268 743.79171238502738106 406.73702089009316296 2000
68.050782285372605429 1053.6573896778461403 682.37819389615174259 2000
163.79401151081066246 1272.9329231707740746 703.05493554939903333 2000
16.736400233989030539 5387.7162830218130694 1239.6742120232661364 2000
0 5441.5934458520314365 3287.0188733043487446 2000
# Layered model 47209: value=1.32737
9
1.8394546446554633778 289.01529428549946488 158.04588547029371171 2000
17.59054415340018096 465.95799429615436793 307.83304440876798935 2000
6.976517990353325871 530.30366227262641132 350.34271933694122936 2000
13.680894653029717745 1022.6694817124763404 623.92555787215667351 2000
33.798178915128374911 1235.4961542022904268 642.83112620124086334 2000
168.36889494139921908 1364.7563877923034852 849.36696029072936653 2000
66.890680257498075889 1857.8802711493058268 875.10362855449875497 2000
372.25726948293026908 5177.4894496339802572 2831.2719802716710547 2000
0 5606.4791688547938975 3630.9137740961928102 2000
# Layered model 57627: value=1.32784
9
0.81346043336199147511 236.86088627458710221 126.97346485319150133 2000
0.73836845730555800138 430.30439011400761729 244.86326746484840555 2000
16.008586839338132535 456.77678099809264722 301.76751731082049446 2000
3.6446728722176366944 568.55730367429941907 360.95845407556987539 2000
4.0210849463211388866 982.76527082811844593 406.73702089009316296 2000
73.708422810521000201 1096.4401048648992401 696.09399559346434216 2000
121.47766521649162996 1463.2035703659926185 703.05493554939903333 2000
105.89145567747326027 5229.2643441303198415 1605.6958516253787366 2000
0 5387.7162830218130694 3254.4741319845038561 2000
# Layered model 46436: value=1.32922
9
0.67333366999999999525 280.51539723391459802 129.52563149674065812 2000
2.2312934050136230546 325.66966769185813746 215.15219505700380864 2000
5.8459889699897562565 409.41986242002684548 265.15183113631320566 2000
1.6079867237449931849 789.54989054673001192 419.06155936008383378 2000
22.642501428379734563 1152.3695695457072361 444.84228960300612243 2000
96.426013112731055799 1311.5040636757717039 668.93264767782739 2000
129.02359369297539615 1952.6508368604338557 746.30698106517456836 2000
252.15285261601201228 5662.5439605433421093 2366.9923966911692332 2000
0 5892.4659521426838182 3559.3704284836708212 2000
# Layered model 53362: value=1.33121
9
0.82159503769561137432 244.03800798959338181 129.52563149674065812 2000
4.0514656270360625001 430.30439011400761729 230.67227440403681271 2000
2.2274531884637047696 484.87775735613541883 289.99265273907644769 2000
5.5389500730088183644 504.56573866460144018 333.33907635194100294 2000
1.5253769397530252405 609.57038496785742154 386.9963192563130292 2000
63.752696056780969514 1118.4785509726837063 564.83166824120530691 2000
170.44851636859453947 1272.9329231707740746 731.60178518299630923 2000
104.97411500748020785 3997.2701849087429764 2059.1957343908311486 2000
0 5496.0093803105519328 3035.5067814792796526 2000
# Layered model 57917: value=1.33191
9
0.92579385310763406824 366.97273310994671647 132.12909668982516109 2000
2.7991928414831597216 370.6424604410461825 237.66187499075354594 2000
2.152392038998236945 378.09237389591123701 244.86326746484840555 2000
10.171386552381669333 509.61139605124753871 287.12143835552120663 2000
9.429669998059203806 707.69229306062129581 394.77494527336500596 2000
54.005244130855345475 1096.4401048648992401 668.93264767782739 2000
173.87453154760328289 1337.86529535565478 746.30698106517456836 2000
305.08138674759595688 4037.2428867578296376 2142.8073385819939176 2000
0 5334.3725574473392044 3254.4741319845038561 2000
# Layered model 57215: value=1.33263
9
0.69373635353467000275 338.89316213551506962 114.9474213237622422 2000
0.81245347901673914404 417.64920165466935487 206.75703052211355271 2000
12.60178155098963515 421.82569367121607229 278.67723932668332054 2000
12.550281807975926185 1085.5842622424745514 526.82869483892307017 2000
26.546987587409233811 1285.6622524024817267 559.23927548634185314 2000
155.46053290729622631 1406.1098710987980667 682.37819389615174259 2000
32.395870718017448553 1463.2035703659926185 824.38720363343270492 2000
322.96234928294546762 5387.7162830218130694 3353.0879526577659817 2000
0 5834.1247050917663728 3740.9340923650820514 2000
# Layered model 58712: value=1.33367
9
0.78171948747534747426 280.51539723391459802 144.50764714274973244 2000
1.351953180423254075 417.64920165466935487 215.15219505700380864 2000
2.4039456132652516906 489.7265349296968111 281.46401171995017876 2000
6.0291924032363617414 494.62380027899376955 304.78519248392871077 2000
10.107160355078351088 628.0409772027684312 330.03868945736735441 2000
59.604545169555528616 1118.4785509726837063 668.93264767782739 2000
186.0035097878974284 1298.518874926506669 800.14209792423037015 2000
38.067342403022053077 3582.8480720604884482 2079.7876917347393828 2000
0 5550.9694741136572702 3158.7605291895320079 2000
# Layered model 57494: value=1.33789
9
0.83810909795329313621 274.98813570621962299 129.52563149674065812 2000
2.8868775966375004316 470.61757423911592468 247.31190013949688478 2000
16.460258360783061704 519.85458511187766817 336.67246711546039251 2000
17.956551436129245758 1002.5188527717638181 542.79213112123727569 2000
34.287955843137680745 1378.4039516702264336 696.09399559346434216 2000
187.29984555979683591 1420.1709698097861292 761.30775138458454876 2000
99.178342018175101202 4459.627818371702233 2038.8076578127042922 2000
228.01768965448695781 5834.1247050917663728 2748.0046901552759664 2000
0 5951.3906116641110202 3630.9137740961928102 2000
# Layered model 42112: value=1.34042
9
0.73641511848151164354 405.36620041586814978 126.97346485319150133 2000
5.2096449686862973394 430.30439011400761729 223.88823693662030223 2000
5.3882306049779282731 647.07124685298958866 333.33907635194100294 2000
19.308683921462559852 1012.5440412994812505 423.25217495368474374 2000
44.727716109125765342 1129.6633364824106138 581.94663262058213604 2000
15.993749137922534942 1152.3695695457072361 738.91780303482630643 2000
240.08102106433108247 1492.6139621303491367 892.69321148844414893 2000
205.20401605529474409 5177.4894496339802572 2563.1135889277129536 2000
0 5719.1694001487758214 3703.8951409555261307 2000
# Layered model 57849: value=1.34054
9
0.86350464173037588811 312.96214944612614772 126.97346485319150133 2000
10.155807061460507157 514.70751001176006412 242.43887867806770942 2000
19.944405969716608951 700.68543867388245872 423.25217495368474374 2000
9.5245678829455826531 838.12311872016766756 436.07713910695628101 2000
73.983957865370598483 1175.5321978935758125 675.62197415460570937 2000
137.6187454203260927 1553.2200743748294371 800.14209792423037015 2000
14.191037155381735602 2529.1833273698675839 976.32541843021692785 2000
87.058142301881446201 3512.2518106660995727 1882.8046658584914894 2000
0 5229.2643441303198415 3420.4850205061870838 2000
# Layered model 52184: value=1.3455
9
0.72190483137095540211 261.64177562341615157 125.71630183484305121 2000
2.7180578850534864443 417.64920165466935487 232.97899714807718397 2000
13.102743251110432254 535.60669889535267885 298.77972010972325734 2000
109.33997930851788283 1152.3695695457072361 636.4664615853870373 2000
71.98540045802299403 1600.2841958484607403 731.60178518299630923 2000
59.289931983189205766 1821.2726900787238264 901.62014360332864271 2000
80.949496972314989307 5075.4724533222042737 1527.7645075540449398 2000
119.55856963110369406 5229.2643441303198415 2164.2354119678138886 2000
0 5892.4659521426838182 3158.7605291895320079 2000
# Layered model 58266: value=1.34599
9
0.75121706236299001791 356.18011931459511743 116.09689553699986675 2000
3.8394265179521802622 417.64920165466935487 242.43887867806770942 2000
9.8008980280350481706 452.25423861197299402 267.80334944767633942 2000
3.6926088185946301934 751.22962950887767875 449.29071249903614671 2000
161.04324633818671941 1053.6573896778461403 696.09399559346434216 2000
11.66403007201452624 1434.3726795078839586 731.60178518299630923 2000
60.058286987099961607 1750.2072571089975099 883.85466484004371068 2000
270.01698142333935948 5229.2643441303198415 2831.2719802716710547 2000
0 5550.9694741136572702 3667.2229118371546974 2000
# Layered model 33303: value=1.34762
9
1.2232430553210433821 216.57134112561604411 132.12909668982516109 2000
8.0812156727582387106 504.56573866460144018 275.91805873929041582 2000
7.4036742991309409945 509.61139605124753871 320.33230042227205558 2000
38.96085778751523776 1064.193963574624604 623.92555787215667351 2000
55.436640861089330201 1163.8932652411642721 642.83112620124086334 2000
196.49328206927839346 1507.5401017516526281 901.62014360332864271 2000
23.846547179894514557 4243.1828486772155884 1687.6024774621516826 2000
144.80370166011385891 5441.5934458520314365 2946.2329760713419091 2000
0 5951.3906116641110202 3778.3434332887322853 2000
# Layered model 46422: value=1.34788
9
0.97301864393692660826 225.36500602639395652 140.25769861695729901 2000
3.9487726274420644756 385.69203061121908149 237.66187499075354594 2000
9.3272598259974621726 585.78515853293447435 340.03919178661499245 2000
7.3822597857515557251 805.41984334671917622 368.21371900248880138 2000
64.147565770031292232 992.59292353639978046 630.16481345087822774 2000
73.726059581914597629 1732.8784723851460967 696.09399559346434216 2000
143.54884825219630784 2605.8201113725017422 1036.3891052076282904 2000
29.808637482546032516 3116.9451483117627504 1864.1630355034569675 2000
0 5177.4894496339802572 3158.7605291895320079 2000
# Layered model 43471: value=1.34979
9
0.66666700000000000959 223.13366933306332385 122.0190039947966909 2000
4.9908051493881631089 461.34454880807362542 247.31190013949688478 2000
3.8181911133204176068 475.32374998150709189 252.28286933230072009 2000
0.78037908258683685858 551.83611747858083163 330.03868945736735441 2000
10.010569790258516676 693.74795908305191006 394.77494527336500596 2000
46.183120050902864762 1199.160395071236735 532.096981787312302 2000
162.91215106223683051 1223.2635190121686719 724.35820315148146165 2000
93.711104130544356394 4415.4730874967344789 1704.4785022367732381 2000
0 5496.0093803105519328 3065.8618492940722717 2000
# Layered model 51323: value=1.35056
9
0.67333366999999999525 335.53778429258915139 130.82088781170807579 2000
2.9421017169313854467 338.89316213551506962 200.67633683953869195 2000
7.1687533000058314414 525.05313096299641984 343.43958370448115147 2000
20.165215672807164538 797.44538945219721882 414.91243500998399441 2000
33.328323235779549805 944.41810850615354411 611.63175950608433595 2000
105.03997633833465386 1022.6694817124763404 662.30955215626477184 2000
64.654353168133809504 1522.6155027691690975 883.85466484004371068 2000
549.28247081196639101 4926.2035592726824689 3096.5204677870128762 2000
0 5719.1694001487758214 3667.2229118371546974 2000
# Layered model 52111: value=1.35095
9
1.7676797580815235555 248.9431719501842224 154.93175715154760042 2000
5.8577379419974366925 546.37239354314931461 287.12143835552120663 2000
7.0553938945990983811 609.57038496785742154 336.67246711546039251 2000
25.406599846760631323 935.06743416450854056 453.78361962402658492 2000
13.649881745276779554 1211.1519990219492229 668.93264767782739 2000
176.75953724313302473 1392.1879911869286843 731.60178518299630923 2000
97.666992268159106061 1803.2402872066572854 1057.2205262223017144 2000
77.991589262519539716 4640.7065909051452763 2164.2354119678138886 2000
0 5892.4659521426838182 3703.8951409555261307 2000
# Layered model 59828: value=1.35099
9
0.75872923298661987257 356.18011931459511743 133.45038765672342151 2000
4.3629065003933567013 413.51406104422710541 230.67227440403681271 2000
4.8373815870900980229 519.85458511187766817 284.27865183714970954 2000
32.594577710050174346 693.74795908305191006 427.48469670322151615 2000
149.49521957227617008 1211.1519990219492229 642.83112620124086334 2000
40.752984131350558528 1522.6155027691690975 901.62014360332864271 2000
44.292345309184156577 1914.1759012454012918 1089.255365387363554 2000
137.22499169760260429 5281.5569875716228125 2693.8581415109065347 2000
0 5606.4791688547938975 3594.9641327685076249 2000
# Layered model 55516: value=1.35204
9
1.0025020818668595179 239.22949513733300364 133.45038765672342151 2000
8.0283138914062721625 452.25423861197299402 265.15183113631320566 2000
9.2426230526378603258 751.22962950887767875 314.0204886013842156 2000
51.018636737506128043 766.32934506200615488 501.25942638588190903 2000
38.545955720406340106 1298.518874926506669 636.4664615853870373 2000
9.3306494003104489821 1698.7339205814587331 840.95738642646472272 2000
217.59123465010367227 1821.2726900787238264 986.08867261451916875 2000
307.1520016842960672 4733.9847933823384665 2946.2329760713419091 2000
0 5441.5934458520314365 3454.6898707112491138 2000
# Layered model 42250: value=1.35345
9
0.85495509082215437324 212.30403012019999665 118.4304431372935511 2000
2.6194072527665319683 417.64920165466935487 259.92729255593883408 2000
5.907482470974264821 465.95799429615436793 275.91805873929041582 2000
4.0352008358972355495 615.66608881753597871 314.0204886013842156 2000
7.6724722069119000167 898.58142499807229342 406.73702089009316296 2000
88.195826249478400882 1022.6694817124763404 623.92555787215667351 2000
136.62163934991460224 1568.7522751185776997 753.77005087582631404 2000
93.645973194644454907 4877.429266606616693 2038.8076578127042922 2000
0 4926.2035592726824689 3035.5067814792796526 2000
# Layered model 48223: value=1.35632
9
1.1073859804009278385 342.28209375687021065 150.37523709241045822 2000
3.765674684330746036 359.7419205077410993 223.88823693662030223 2000
1.0043180688573567494 546.37239354314931461 287.12143835552120663 2000
19.235901665679779882 609.57038496785742154 402.70992167335958811 2000
24.512208280275991967 1163.8932652411642721 593.64375993625583305 2000
135.55479051764717724 1378.4039516702264336 611.63175950608433595 2000
39.662268836033803154 1895.2236645994071296 792.21989893488171219 2000
285.76101558562078253 5229.2643441303198415 2343.5568284070982372 2000
0 5892.4659521426838182 3454.6898707112491138 2000
# Layered model 41642: value=1.36015
9
1.0125271026855280354 200 130.82088781170807579 2000
7.0018635363078871592 443.343043438852078 273.1861967715746573 2000
12.170854416380439744 591.64301011826387366 350.34271933694122936 2000
130.38901117023553411 1085.5842622424745514 587.76609894678790624 2000
33.980879788902427663 1477.8356060696526129 689.20197583511321682 2000
22.044639912441084562 2335.6583694080618443 792.21989893488171219 2000
93.453476040641334066 5334.3725574473392044 1738.7385201317322299 2000
341.85866525093939572 5387.7162830218130694 2803.2395844273969487 2000
0 5892.4659521426838182 3127.4856724648830095 2000
# Layered model 49738: value=1.36223
9
0.75121706236299001791 332.21562801246449226 123.2391940347446706 2000
2.7929799643318293789 421.82569367121607229 208.82460082733467743 2000
11.136614567983238899 443.343043438852078 289.99265273907644769 2000
18.832958451466080163 846.50434990736948748 511.33474085623817018 2000
79.825084826354526513 1012.5440412994812505 564.83166824120530691 2000
73.693227116665241283 1272.9329231707740746 753.77005087582631404 2000
144.41337893582377205 1785.3864229768882979 1078.4706587993698577 2000
18.39628986591623061 5025.2202508140635473 3065.8618492940722717 2000
0 5441.5934458520314365 3386.6188321843433187 2000
# Layered model 57584: value=1.36312
9
0.70067371707001668835 200 129.52563149674065812 2000
3.5811024330153466977 381.87329763487036871 244.86326746484840555 2000
6.2899214157779983481 628.0409772027684312 273.1861967715746573 2000
16.086555625653609525 700.68543867388245872 353.8461465303106479 2000
5.0551592881525060363 1163.8932652411642721 682.37819389615174259 2000
222.89848625029580376 1507.5401017516526281 724.35820315148146165 2000
45.441353237628959505 2738.743125805201089 1497.661511179340323 2000
49.788498823309680574 3375.2049549243033653 1998.6350924543714882 2000
0 5177.4894496339802572 3190.3481344814276781 2000
# Layered model 41565: value=1.36393
9
0.79743204917360199779 225.36500602639395652 128.24319950172341009 2000
6.9812565466769456179 475.32374998150709189 265.15183113631320566 2000
8.9294444313596770257 603.53503462164098892 320.33230042227205558 2000
23.780152528642851451 953.86228959121501703 506.27202064974062523 2000
56.169499713529667417 1140.9599698472347882 642.83112620124086334 2000
152.93725318759723564 1553.2200743748294371 776.61003718741471857 2000
27.499105586351163311 5177.4894496339802572 1978.8466261924468199 2000
86.952584695104178536 5606.4791688547938975 2775.4847370568286351 2000
0 5662.5439605433421093 3667.2229118371546974 2000
# Layered model 49174: value=1.36473
9
1.1523502918229868719 253.94692970638300267 150.37523709241045822 2000
3.8683689841107224971 461.34454880807362542 221.671521719426039 2000
13.620015874398093914 546.37239354314931461 330.03868945736735441 2000
21.446676291106886225 1107.4045059135482916 462.90467037846951825 2000
62.516775334475610748 1392.1879911869286843 696.09399559346434216 2000
159.722707097467719 1463.2035703659926185 808.1435189034727955 2000
37.726358094212230299 3841.2980792844941789 1439.223274931777496 2000
157.6128323530894022 5334.3725574473392044 3005.4522588903760152 2000
0 5550.9694741136572702 3127.4856724648830095 2000
# Layered model 54239: value=1.36838
9
1.0855661017556395009 248.9431719501842224 156.48107472306307386 2000
5.8866569778904791477 447.77647387324060446 278.67723932668332054 2000
15.104082162941084633 568.55730367429941907 346.87397954152595503 2000
8.2632735827675496409 1085.5842622424745514 496.29646176819989023 2000
141.79832862431149465 1247.851115744313347 731.60178518299630923 2000
77.457131007313734017 1351.2439483092114187 840.95738642646472272 2000
41.633691756418102159 1821.2726900787238264 995.94955934066422287 2000
284.13214574689959591 4594.7590008961833519 2414.5689438646618328 2000
0 5892.4659521426838182 3594.9641327685076249 2000
# Layered model 42771: value=1.36889
9
1.0855661017556395009 246.47838806948934121 140.25769861695729901 2000
3.2390278098305778087 480.0769874813221918 235.30878711955796234 2000
18.877824767448256438 509.61139605124753871 298.77972010972325734 2000
5.0958542635842114521 1085.5842622424745514 462.90467037846951825 2000
1.5771961775052432131 1175.5321978935758125 668.93264767782739 2000
219.71956933685603985 1199.160395071236735 768.9208288984302726 2000
91.893551379495761466 3918.5081706781124922 1468.1516627579062515 2000
68.728376243656668976 5550.9694741136572702 2038.8076578127042922 2000
0 5776.3610941502638525 3524.1291371125453225 2000
# Layered model 47208: value=1.37142
9
0.67333366999999999525 319.25268864999327434 150.37523709241045822 2000
4.6034927477371239135 475.32374998150709189 210.91284683560803614 2000
6.2852835173207433073 615.66608881753597871 336.67246711546039251 2000
5.3053036721933413133 700.68543867388245872 353.8461465303106479 2000
16.46370163184818125 992.59292353639978046 496.29646176819989023 2000
141.1170844416590171 1199.160395071236735 655.75203183788585193 2000
137.78841753026057404 1698.7339205814587331 986.08867261451916875 2000
280.55826865175168905 4328.4708239356277772 2667.1862787236696022 2000
0 5441.5934458520314365 3594.9641327685076249 2000
# Layered model 55244: value=1.37293
9
1.3378429145180461557 272.26548089724713009 161.22260776824660411 2000
3.7837928188619303072 405.36620041586814978 259.92729255593883408 2000
3.2042751788618115683 647.07124685298958866 375.61481475443883937 2000
16.538723146440201361 863.51908734050743988 383.16467253100307744 2000
18.307703439667864842 872.15427821391256202 537.41795160518540797 2000
47.287503947844804486 1152.3695695457072361 724.35820315148146165 2000
192.20389489240744751 1378.4039516702264336 816.22495409250768716 2000
184.20143627692726795 4975.4655948654090025 2588.7447248169901286 2000
0 5834.1247050917663728 3287.0188733043487446 2000
# Layered model 56365: value=1.37511
9
1.3921647015975660011 256.48639900344682019 162.83483384592906873 2000
4.795329268810205825 499.57003828178363847 254.80569802562376935 2000
10.355211997127103274 530.30366227262641132 281.46401171995017876 2000
34.866673062386041693 916.6429116405337254 548.22005243244962003 2000
133.14575698459088926 1163.8932652411642721 738.91780303482630643 2000
55.300790023078548074 1553.2200743748294371 761.30775138458454876 2000
29.088920219310438142 3582.8480720604884482 1453.6155076810953233 2000
57.358870996129553532 4459.627818371702233 2803.2395844273969487 2000
0 5281.5569875716228125 3489.2367694183617459 2000
# Layered model 56594: value=1.3773
9
1.6162599993167121593 332.21562801246449226 161.22260776824660411 2000
1.8928459677078615098 456.77678099809264722 254.80569802562376935 2000
6.5495015266502019102 489.7265349296968111 314.0204886013842156 2000
6.808806113576432395 907.56723924805316983 323.53562342649479433 2000
71.510648787375473034 944.41810850615354411 553.70225295677414579 2000
110.16026144572919065 1199.160395071236735 761.30775138458454876 2000
19.691638115641239892 3308.700083250958869 792.21989893488171219 2000
323.7860097940881019 4415.4730874967344789 1637.9703382430489 2000
0 5951.3906116641110202 3420.4850205061870838 2000
# Layered model 42490: value=1.37822
9
0.79743204917360199779 283.32055120625375366 130.82088781170807579 2000
0.86633856493208205585 319.25268864999327434 187.17444252272832728 2000
7.1743515913477287071 461.34454880807362542 289.99265273907644769 2000
14.585487835867418482 621.82274970571131689 398.72269472609860941 2000
1.3055082299706697313 1012.5440412994812505 453.78361962402658492 2000
18.160560002645947719 1022.6694817124763404 587.76609894678790624 2000
173.17959098942603191 1085.5842622424745514 662.30955215626477184 2000
51.351137861861843703 4504.2240965554192371 957.08795062270064591 2000
0 4640.7065909051452763 3005.4522588903760152 2000
# Layered model 59870: value=1.37994
9
0.69373635353467000275 389.54895091733129675 126.97346485319150133 2000
1.218725064122337276 409.41986242002684548 200.67633683953869195 2000
8.8717272692802104928 470.61757423911592468 265.15183113631320566 2000
17.514084255681467539 789.54989054673001192 398.72269472609860941 2000
122.95286825042192902 1434.3726795078839586 662.30955215626477184 2000
68.058684063071325454 1537.8416577968605452 768.9208288984302726 2000
66.180548445876183905 2222.2987964632989133 792.21989893488171219 2000
108.72006767439324904 5550.9694741136572702 2185.8777660874920912 2000
0 5951.3906116641110202 3489.2367694183617459 2000
# Layered model 54305: value=1.38032
9
1.2354754858742538204 239.22949513733300364 138.86900853164090108 2000
10.117732381235017058 465.95799429615436793 295.82150505913193683 2000
15.584079908746721443 579.98530547815289538 383.16467253100307744 2000
40.316918289572583944 1053.6573896778461403 668.93264767782739 2000
71.040735789102484432 1448.7164063029629233 703.05493554939903333 2000
113.79604698701871257 1952.6508368604338557 824.38720363343270492 2000
69.606710107580312297 4781.3246413161623423 1827.4316591544520634 2000
569.71901613869488301 5229.2643441303198415 3035.5067814792796526 2000
0 5776.3610941502638525 3158.7605291895320079 2000
# Layered model 56120: value=1.38178
9
2.1144056804516284664 272.26548089724713009 169.44658106775753481 2000
11.066316197124669074 430.30439011400761729 281.46401171995017876 2000
15.130638297284226823 751.22962950887767875 496.29646176819989023 2000
36.964909638940085301 953.86228959121501703 581.94663262058213604 2000
33.324336939496731702 1107.4045059135482916 649.2594374632533345 2000
125.11734599046246785 1732.8784723851460967 753.77005087582631404 2000
42.564073253171699207 2266.9670022722111753 792.21989893488171219 2000
26.191734891183386935 4975.4655948654090025 2366.9923966911692332 2000
0 5229.2643441303198415 2917.0623525458831864 2000
# Layered model 14769: value=1.38263
9
1.0964217627731958071 274.98813570621962299 150.37523709241045822 2000
5.6037475741161726361 514.70751001176006412 240.0384937406610959 2000
20.506491316725181662 568.55730367429941907 375.61481475443883937 2000
30.722714420841935379 1118.4785509726837063 449.29071249903614671 2000
12.370228958385155238 1311.5040636757717039 792.21989893488171219 2000
189.42999386159598885 1434.3726795078839586 800.14209792423037015 2000
55.629385488691582395 5177.4894496339802572 1215.2477325980453315 2000
71.083954933096038076 5496.0093803105519328 3005.4522588903760152 2000
0 5606.4791688547938975 3158.7605291895320079 2000
# Layered model 51967: value=1.38278
9
1.4060863486135417588 300.75047418482091643 158.04588547029371171 2000
2.0338763678109001987 393.44444042650462734 252.28286933230072009 2000
15.575451210429029913 591.64301011826387366 284.27865183714970954 2000
26.607799664612475254 907.56723924805316983 576.18478477285361805 2000
59.043317338644236258 1118.4785509726837063 623.92555787215667351 2000
132.81458395859314692 1152.3695695457072361 753.77005087582631404 2000
50.864162550304655497 3582.8480720604884482 1637.9703382430489 2000
68.528292542793110442 4594.7590008961833519 2390.6623206580811711 2000
0 5892.4659521426838182 3740.9340923650820514 2000
# Layered model 51701: value=1.38368
9
0.81346043336199147511 210.20201001999996038 120.81089504435318815 2000
4.9005864375200536287 525.05313096299641984 240.0384937406610959 2000
19.915858165033647253 628.0409772027684312 350.34271933694122936 2000
25.779473994005222437 1074.8359032103708159 617.74807710114521342 2000
144.49961674639172315 1477.8356060696526129 724.35820315148146165 2000
56.181993065237151086 1553.2200743748294371 849.36696029072936653 2000
152.33546136508337554 3654.8633183089041268 1497.661511179340323 2000
640.82975363338334773 5550.9694741136572702 2859.5847000743879107 2000
0 5892.4659521426838182 3386.6188321843433187 2000
# Layered model 58518: value=1.38386
9
1.0641761609211248807 342.28209375687021065 138.86900853164090108 2000
1.1341489224874725661 359.7419205077410993 190.93664881743518436 2000
16.442410066923205392 461.34454880807362542 298.77972010972325734 2000
12.618163253010020952 854.96939340644303229 444.84228960300612243 2000
13.221604093545529679 1129.6633364824106138 593.64375993625583305 2000
144.42190031216819079 1175.5321978935758125 703.05493554939903333 2000
33.713981382257117048 1507.5401017516526281 761.30775138458454876 2000
425.71465219940625957 5281.5569875716228125 2100.5855686520867494 2000
0 5834.1247050917663728 3703.8951409555261307 2000
# Layered model 51889: value=1.38589
9
0.81346043336199147511 286.15375671831628779 129.52563149674065812 2000
5.312771220507089609 417.64920165466935487 259.92729255593883408 2000
9.6135854544077545825 546.37239354314931461 289.99265273907644769 2000
14.599761717077917922 1107.4045059135482916 476.93114479560750851 2000
145.25830056404979018 1272.9329231707740746 753.77005087582631404 2000
105.65205734067214394 1821.2726900787238264 883.85466484004371068 2000
77.65800318253604928 3997.2701849087429764 1122.2608922139659171 2000
27.534998403612519269 4975.4655948654090025 2720.7967229260157183 2000
0 5441.5934458520314365 3319.889062037392705 2000
# Layered model 59757: value=1.38749
9
1.2232430553210433821 227.61865608665786453 145.95272361417724483 2000
1.6813840196925795567 465.95799429615436793 304.78519248392871077 2000
17.892251090783112488 579.98530547815289538 310.91137485285565845 2000
4.0677558928852555198 863.51908734050743988 537.41795160518540797 2000
12.693700874948344648 1187.2875198725116661 576.18478477285361805 2000
212.03670352334964377 1311.5040636757717039 761.30775138458454876 2000
44.545979058552063634 2529.1833273698675839 1558.4725741558813752 2000
186.87063669542050093 5281.5569875716228125 2229.8139091858511165 2000
0 5892.4659521426838182 3353.0879526577659817 2000
# Layered model 26440: value=1.38842
9
0.83810909795329313621 349.16196384138328312 136.13274044862356504 2000
5.1079509892145162908 413.51406104422710541 259.92729255593883408 2000
9.3308513283086718104 452.25423861197299402 289.99265273907644769 2000
0.93234152335392472821 813.47404178018632592 364.56803861632556618 2000
41.404398813186418238 846.50434990736948748 532.096981787312302 2000
153.13877967106782307 1285.6622524024817267 662.30955215626477184 2000
35.154552033680431578 2359.0149531021424991 824.38720363343270492 2000
920.25227732309122075 4371.7555321749841823 2803.2395844273969487 2000
0 5441.5934458520314365 3005.4522588903760152 2000
# Layered model 45738: value=1.38858
9
1.0226523737123833779 261.64177562341615157 150.37523709241045822 2000
2.4517099698763029636 452.25423861197299402 240.0384937406610959 2000
12.581825088564510651 465.95799429615436793 284.27865183714970954 2000
3.1405026525484416311 1096.4401048648992401 491.38263541405922297 2000
21.070928563919142817 1140.9599698472347882 655.75203183788585193 2000
143.07919243770791695 1298.518874926506669 710.08548490489306459 2000
93.747332957002441844 3243.5056202832652161 768.9208288984302726 2000
137.22499169760260429 4459.627818371702233 1939.8555300386694853 2000
0 5776.3610941502638525 3489.2367694183617459 2000
# Layered model 57998: value=1.3905
9
0.9166275773342911215 289.01529428549946488 147.41225085031902609 2000
0.84949845551669289634 401.35267367907738389 202.68310020793407489 2000
8.4946594714466563403 430.30439011400761729 275.91805873929041582 2000
3.8406643169865066767 653.5419593215194709 295.82150505913193683 2000
5.5691242493553385629 821.60878219798814825 360.95845407556987539 2000
72.607510188623678005 1211.1519990219492229 636.4664615853870373 2000
134.81288925429487335 2504.1419082869974773 696.09399559346434216 2000
37.681706808447216872 4640.7065909051452763 1005.9090549340709231 2000
0 5281.5569875716228125 3386.6188321843433187 2000
