# 60062 2_reports/tar1_ln12_tr2.report
# Layered model 52546: value=1.12007
12
1.0536397632882423814 297.77274671764445202 159.62634432499663717 2000
1.8509873117253805574 397.37888483076966395 213.02197530396412617 2000
5.4212838372281648702 475.32374998150709189 307.83304440876798935 2000
7.0966370807941991927 546.37239354314931461 357.3846079956137487 2000
24.05163948723141587 758.74192580396641006 491.38263541405922297 2000
55.600015010135706461 1107.4045059135482916 668.93264767782739 2000
15.858849057830795459 1211.1519990219492229 738.91780303482630643 2000
7.3280433376751688002 1337.86529535565478 792.21989893488171219 2000
176.67935913669469983 1492.6139621303491367 866.43923619257304836 2000
29.544436481910622661 2907.2310153621906466 1809.3382763905467527 2000
1593.8259592067852282 5441.5934458520314365 3420.4850205061870838 2000
0 5662.5439605433421093 3524.1291371125453225 2000
# Layered model 42854: value=1.14682
12
0.74377926966632679218 241.62179008870637631 141.66027560312687683 2000
1.8597068682127526618 338.89316213551506962 183.48636655497335823 2000
1.8447231368624685821 514.70751001176006412 284.27865183714970954 2000
2.8640755027982534031 574.24287671104241326 298.77972010972325734 2000
7.7239792317303095359 647.07124685298958866 323.53562342649479433 2000
16.469513463948395326 700.68543867388245872 402.70992167335958811 2000
9.1013442844708016821 982.76527082811844593 649.2594374632533345 2000
161.7861540799548834 1260.3296269017564555 696.09399559346434216 2000
29.891835357532073658 1553.2200743748294371 761.30775138458454876 2000
196.45384352340673217 2711.6268572328722257 1654.3500416254794345 2000
47.611576140017859871 3116.9451483117627504 1959.2540853390562461 2000
0 5719.1694001487758214 3667.2229118371546974 2000
# Layered model 46246: value=1.16571
12
0.84649018893282612641 269.56978306658129441 141.66027560312687683 2000
2.6626157780917476536 389.54895091733129675 210.91284683560803614 2000
3.5211057688124349774 475.32374998150709189 310.91137485285565845 2000
3.0237460578061803318 729.13607723265113236 350.34271933694122936 2000
12.556859860137507212 854.96939340644303229 357.3846079956137487 2000
3.4677719151913954931 1043.2251382948970786 383.16467253100307744 2000
2.873205703661785293 1064.193963574624604 668.93264767782739 2000
169.45353345753389362 1074.8359032103708159 682.37819389615174259 2000
38.548713200031528459 1285.6622524024817267 689.20197583511321682 2000
94.052994873455872948 4037.2428867578296376 2512.6101254070317736 2000
36.758420391268941785 5126.2271778554259072 2748.0046901552759664 2000
0 5387.7162830218130694 3319.889062037392705 2000
# Layered model 48011: value=1.16689
12
0.71475725878312412753 283.32055120625375366 126.97346485319150133 2000
0.96565106146361667783 393.44444042650462734 232.97899714807718397 2000
1.13409663285919593 509.61139605124753871 257.35375500588003206 2000
7.8579738381382799872 597.55944021944651467 284.27865183714970954 2000
19.202990328879710802 666.67815270388200588 406.73702089009316296 2000
38.587756401314706522 1107.4045059135482916 636.4664615853870373 2000
61.614501740240285699 1175.5321978935758125 753.77005087582631404 2000
51.332166137724811961 1247.851115744313347 761.30775138458454876 2000
93.686393130998538936 1463.2035703659926185 875.10362855449875497 2000
83.33690288251648326 4118.3914687816622973 1396.8959313169427787 2000
296.52053270445412636 5719.1694001487758214 3353.0879526577659817 2000
0 5951.3906116641110202 3667.2229118371546974 2000
# Layered model 57376: value=1.16922
12
0.78953668235010099341 236.86088627458710221 147.41225085031902609 2000
0.84145107777702776719 294.82450170063805217 183.48636655497335823 2000
2.2004749625982293892 389.54895091733129675 254.80569802562376935 2000
2.9888373104461631868 509.61139605124753871 273.1861967715746573 2000
12.271765363872145116 568.55730367429941907 317.16069348739807765 2000
10.884600830097397761 797.44538945219721882 501.25942638588190903 2000
66.530980721961512359 1022.6694817124763404 605.57599951097461144 2000
77.823694902447371646 1096.4401048648992401 617.74807710114521342 2000
25.747316686866753344 2936.303325515812503 1179.5074765510712496 2000
158.35453087450204634 3308.700083250958869 1439.223274931777496 2000
85.867551088226605316 3918.5081706781124922 1920.6490396422470894 2000
0 5334.3725574473392044 3524.1291371125453225 2000
# Layered model 59564: value=1.19353
12
0.70768045424071690519 264.25819337965032219 120.81089504435318815 2000
1.3224358778491520638 434.60743401514764628 210.91284683560803614 2000
5.2131178495547363383 540.96276588430623633 242.43887867806770942 2000
3.0128081636508126095 574.24287671104241326 320.33230042227205558 2000
18.453696261347019458 686.87916740896230294 419.06155936008383378 2000
21.581782225024536359 1140.9599698472347882 564.83166824120530691 2000
125.03360276695651976 1175.5321978935758125 717.18633975394197932 2000
17.245133763222952439 1211.1519990219492229 784.37613755928884984 2000
66.582888600245070165 1857.8802711493058268 875.10362855449875497 2000
49.583093499786855318 4829.1378877293236656 910.63634503936191322 2000
266.74710041692486584 5334.3725574473392044 3222.2516158262415047 2000
0 5951.3906116641110202 3420.4850205061870838 2000
# Layered model 57243: value=1.19848
12
0.74377926966632679218 397.37888483076966395 141.66027560312687683 2000
2.4968212167934362711 540.96276588430623633 200.67633683953869195 2000
3.2516821020839663525 557.35447865336664108 289.99265273907644769 2000
8.0364552637751494046 579.98530547815289538 346.87397954152595503 2000
13.896745916634026585 766.32934506200615488 410.80439109899407413 2000
32.9397290436828456 963.40091248712724337 599.58019753561836751 2000
56.392456773473995213 1211.1519990219492229 710.08548490489306459 2000
114.88818192195144263 1247.851115744313347 753.77005087582631404 2000
34.359893929827649117 2430.4954651960906631 1302.9100556862508711 2000
145.00396296077758507 4687.1136568141964744 2079.7876917347393828 2000
283.23686534005270232 4975.4655948654090025 3158.7605291895320079 2000
0 5951.3906116641110202 3740.9340923650820514 2000
# Layered model 52314: value=1.23589
12
0.66666700000000000959 272.26548089724713009 137.49406785310981149 2000
0.8395228325514091372 338.89316213551506962 198.68944241538483197 2000
4.6709942846946725936 557.35447865336664108 262.52656548149820992 2000
1.9001274353319317356 591.64301011826387366 275.91805873929041582 2000
3.1899948024609390274 615.66608881753597871 289.99265273907644769 2000
1.3458509838515837487 647.07124685298958866 386.9963192563130292 2000
31.798253693594958236 743.79171238502738106 453.78361962402658492 2000
168.30595594554006311 1351.2439483092114187 746.30698106517456836 2000
59.655193943164817938 1821.2726900787238264 892.69321148844414893 2000
152.12145365166406918 2995.323022358680646 1882.8046658584914894 2000
192.50201865982432992 3148.1145997948806325 1959.2540853390562461 2000
0 5719.1694001487758214 3703.8951409555261307 2000
# Layered model 53868: value=1.23711
12
0.90755205676662487058 208.12080200000002606 126.97346485319150133 2000
0.82377431599191242029 381.87329763487036871 228.38839049904632361 2000
2.9437862799428629046 393.44444042650462734 230.67227440403681271 2000
15.500801554975044638 562.92802343990035752 350.34271933694122936 2000
2.4349034461042506905 1012.5440412994812505 394.77494527336500596 2000
8.8949598194378083349 1074.8359032103708159 623.92555787215667351 2000
132.02313075097765704 1163.8932652411642721 662.30955215626477184 2000
55.634007690630568277 1311.5040636757717039 682.37819389615174259 2000
58.68433348087955892 3025.2762525822672615 1654.3500416254794345 2000
91.446824089613301112 5662.5439605433421093 1687.6024774621516826 2000
1097.0702677140361629 5776.3610941502638525 2917.0623525458831864 2000
0 5951.3906116641110202 3254.4741319845038561 2000
# Layered model 52002: value=1.24119
12
0.72190483137095540211 264.25819337965032219 133.45038765672342151 2000
5.653076393834141733 363.33933971281851427 232.97899714807718397 2000
7.1825019749038876427 470.61757423911592468 310.91137485285565845 2000
2.1750580075870260544 736.42743800497760276 436.07713910695628101 2000
7.332753880925677592 982.76527082811844593 449.29071249903614671 2000
160.28151599770700386 1140.9599698472347882 710.08548490489306459 2000
18.184897422987944537 1223.2635190121686719 800.14209792423037015 2000
52.909633036162574626 1785.3864229768882979 910.63634503936191322 2000
105.44206283063326168 3997.2701849087429764 1482.8331793854854368 2000
128.06151904909916084 4037.2428867578296376 2274.6331687604865692 2000
87.538416453591594291 4733.9847933823384665 2414.5689438646618328 2000
0 5662.5439605433421093 3319.889062037392705 2000
# Layered model 47807: value=1.24352
12
0.68686767676700000163 319.25268864999327434 112.68250301319697826 2000
4.642727005147494701 426.04395060792825234 244.86326746484840555 2000
3.1636670396633537194 434.60743401514764628 278.67723932668332054 2000
7.8780837466408613068 615.66608881753597871 368.21371900248880138 2000
58.999345254515361603 953.86228959121501703 617.74807710114521342 2000
60.658510325399575436 1492.6139621303491367 675.62197415460570937 2000
67.517824546276159481 1616.287037806945591 938.22953693039960399 2000
116.32721933552878113 1972.1773452290383375 1302.9100556862508711 2000
47.242815874133782472 2156.9413175987397153 1383.0652785316265181 2000
40.813343551042919444 2878.446549863554992 1497.661511179340323 2000
73.183631812071553213 4118.3914687816622973 2059.1957343908311486 2000
0 5281.5569875716228125 3489.2367694183617459 2000
# Layered model 59574: value=1.25334
12
0.96338479597715509506 345.70491469443891219 136.13274044862356504 2000
0.96820123585642225983 397.37888483076966395 237.66187499075354594 2000
3.6051705999283716331 470.61757423911592468 289.99265273907644769 2000
12.015541606272222452 540.96276588430623633 314.0204886013842156 2000
6.9319772780960278169 673.34493423092078501 431.75954367025371994 2000
7.654768084299998776 898.58142499807229342 449.29071249903614671 2000
15.952150642501614186 1129.6633364824106138 599.58019753561836751 2000
127.98346102713364303 1260.3296269017564555 717.18633975394197932 2000
85.670022151646975317 1648.7744072668654098 1026.1278269382457893 2000
103.89301909840600047 2504.1419082869974773 1453.6155076810953233 2000
2727.1130804856466057 5177.4894496339802572 3158.7605291895320079 2000
0 5441.5934458520314365 3594.9641327685076249 2000
# Layered model 58645: value=1.25426
12
1.0025020818668595179 244.03800798959338181 159.62634432499663717 2000
1.7337880143400872246 389.54895091733129675 198.68944241538483197 2000
3.7559924923367828953 591.64301011826387366 275.91805873929041582 2000
12.514341257695516418 673.34493423092078501 330.03868945736735441 2000
8.0392486135420071491 686.87916740896230294 333.33907635194100294 2000
68.028330030621859237 953.86228959121501703 623.92555787215667351 2000
16.968179573313136643 1118.4785509726837063 630.16481345087822774 2000
6.2187128221928276162 1223.2635190121686719 696.09399559346434216 2000
146.10102931002046489 1665.2621513395340571 832.63107566976702856 2000
20.750613119396689399 3055.5290151080898795 1670.8935420417344631 2000
396.43473228443764356 4877.429266606616693 2320.3532954525726382 2000
0 5834.1247050917663728 3778.3434332887322853 2000
# Layered model 54426: value=1.25763
12
0.67333366999999999525 306.79555871593584015 132.12909668982516109 2000
0.77408515414176848335 461.34454880807362542 230.67227440403681271 2000
6.5536179124375806282 499.57003828178363847 262.52656548149820992 2000
11.195653348122290183 551.83611747858083163 340.03919178661499245 2000
36.722552691940151703 982.76527082811844593 605.57599951097461144 2000
78.76313449873805439 1064.193963574624604 696.09399559346434216 2000
11.892461665759668676 1199.160395071236735 710.08548490489306459 2000
90.747194182233698712 2335.6583694080618443 776.61003718741471857 2000
32.353769768894494518 2907.2310153621906466 1100.1479190412371736 2000
167.68080481615879762 4328.4708239356277772 2207.7365437483672395 2000
1134.7844415605081849 5441.5934458520314365 2917.0623525458831864 2000
0 5662.5439605433421093 3420.4850205061870838 2000
# Layered model 51352: value=1.25992
12
0.70067371707001668835 251.43260366968610242 137.49406785310981149 2000
1.4329989508285847499 306.79555871593584015 179.87096025387054965 2000
1.8533628055349242736 426.04395060792825234 281.46401171995017876 2000
1.1748101790666716226 489.7265349296968111 295.82150505913193683 2000
12.823743585946502321 640.66460084454411117 310.91137485285565845 2000
2.9658506943510190013 838.12311872016766756 364.56803861632556618 2000
37.728956291630687758 889.68457920601224487 570.47998492361739409 2000
120.93335961656536881 1260.3296269017564555 710.08548490489306459 2000
66.961570377279770128 2222.2987964632989133 966.65883012892766146 2000
30.152287668664570219 2793.7918626338855574 1239.6742120232661364 2000
59.534989606180090504 3443.0465745182823412 1637.9703382430489 2000
0 5281.5569875716228125 3386.6188321843433187 2000
# Layered model 55574: value=1.26189
12
0.97301864393692660826 256.48639900344682019 151.87898946333456252 2000
2.3327179123006778205 413.51406104422710541 237.66187499075354594 2000
4.6160819948310596317 470.61757423911592468 301.76751731082049446 2000
3.0740470200290443969 707.69229306062129581 314.0204886013842156 2000
12.069429517523980522 821.60878219798814825 320.33230042227205558 2000
4.8944827213624009232 1053.6573896778461403 511.33474085623817018 2000
5.3195642828434515081 1140.9599698472347882 599.58019753561836751 2000
163.16157744199205126 1152.3695695457072361 682.37819389615174259 2000
57.605885643193886381 1337.86529535565478 875.10362855449875497 2000
57.776796678483663072 4243.1828486772155884 2463.1017796363412344 2000
119.41031959087149517 5177.4894496339802572 2667.1862787236696022 2000
0 5496.0093803105519328 3190.3481344814276781 2000
# Layered model 48794: value=1.26299
12
0.76631652531648608573 261.64177562341615157 130.82088781170807579 2000
1.5212693717620848766 363.33933971281851427 204.70993121001342274 2000
1.9447325991321142702 489.7265349296968111 275.91805873929041582 2000
8.2820022228033707279 615.66608881753597871 310.91137485285565845 2000
4.9423150004957765447 628.0409772027684312 350.34271933694122936 2000
12.52003050763122971 666.67815270388200588 357.3846079956137487 2000
30.481804683283744595 1118.4785509726837063 668.93264767782739 2000
158.7044450044019186 1392.1879911869286843 689.20197583511321682 2000
13.122195280349529867 1584.4397978697634244 849.36696029072936653 2000
108.75176983066651815 2965.6663587709708736 1704.4785022367732381 2000
135.3136498327580739 3918.5081706781124922 2207.7365437483672395 2000
0 5387.7162830218130694 3222.2516158262415047 2000
# Layered model 46531: value=1.26514
12
0.78171948747534747426 256.48639900344682019 130.82088781170807579 2000
1.0930588848969757798 312.96214944612614772 202.68310020793407489 2000
4.0026003612167073697 525.05313096299641984 228.38839049904632361 2000
12.387613197625267247 574.24287671104241326 360.95845407556987539 2000
4.1219562408457974811 585.78515853293447435 368.21371900248880138 2000
2.6740638155566855971 935.06743416450854056 501.25942638588190903 2000
108.95820048781828859 1107.4045059135482916 617.74807710114521342 2000
47.390680923968659499 1681.9147728529294454 753.77005087582631404 2000
82.952230796525810774 3618.6765527810935055 966.65883012892766146 2000
17.927714730136017351 3765.6093317169829788 1845.7059757459967386 2000
104.23535266542103273 3841.2980792844941789 2252.1120482777096186 2000
0 5177.4894496339802572 3386.6188321843433187 2000
# Layered model 58382: value=1.2675
12
0.83810909795329313621 385.69203061121908149 132.12909668982516109 2000
4.2328173707397533931 413.51406104422710541 242.43887867806770942 2000
0.92458757744112407551 443.343043438852078 273.1861967715746573 2000
4.3630887226142025526 540.96276588430623633 326.77097966075973545 2000
12.937345270759532667 743.79171238502738106 444.84228960300612243 2000
2.2687902890599715988 758.74192580396641006 481.70045624356362168 2000
22.526455914363936017 1012.5440412994812505 623.92555787215667351 2000
100.58228075702774618 1199.160395071236735 630.16481345087822774 2000
79.034701840719066013 2430.4954651960906631 776.61003718741471857 2000
74.944739012549860036 2504.1419082869974773 1439.223274931777496 2000
3360.1055344867882013 5387.7162830218130694 3190.3481344814276781 2000
0 5662.5439605433421093 3559.3704284836708212 2000
# Layered model 51991: value=1.26903
12
1.0536397632882423814 277.73801706328180217 140.25769861695729901 2000
0.67768660947029490949 530.30366227262641132 210.91284683560803614 2000
2.6728412259954712482 557.35447865336664108 275.91805873929041582 2000
10.714495270607805821 591.64301011826387366 287.12143835552120663 2000
9.3656126467683868952 693.74795908305191006 402.70992167335958811 2000
99.89264026171615285 935.06743416450854056 617.74807710114521342 2000
28.149449389407593003 1600.2841958484607403 636.4664615853870373 2000
75.535443977007588501 1698.7339205814587331 947.61183229970356479 2000
94.510221739099165461 4285.6146771639878352 1482.8331793854854368 2000
389.59687459284685929 5025.2202508140635473 2343.5568284070982372 2000
144.64736855356659362 5229.2643441303198415 3353.0879526577659817 2000
0 5606.4791688547938975 3524.1291371125453225 2000
# Layered model 59352: value=1.27306
12
0.85495509082215437324 349.16196384138328312 133.45038765672342151 2000
9.2204404351182169819 397.37888483076966395 249.78501914089181923 2000
1.258895166205366678 443.343043438852078 275.91805873929041582 2000
1.6881616304863733546 797.44538945219721882 398.72269472609860941 2000
96.983123594016205971 992.59292353639978046 564.83166824120530691 2000
47.920103524018927033 1324.6191043125295437 761.30775138458454876 2000
60.304282515329873604 1492.6139621303491367 792.21989893488171219 2000
65.642188889352837577 2072.7782104152565807 1277.2375803217830708 2000
55.154295494229700125 2244.5217844279318342 1424.9735395364134547 2000
85.467568233274789691 3618.6765527810935055 1574.0572998974403163 2000
174.3562565932210191 3841.2980792844941789 2343.5568284070982372 2000
0 5387.7162830218130694 3489.2367694183617459 2000
# Layered model 28099: value=1.27707
12
1.0536397632882423814 312.96214944612614772 158.04588547029371171 2000
1.1888716542968680301 461.34454880807362542 192.84601530560954075 2000
4.9290075741422221256 546.37239354314931461 254.80569802562376935 2000
2.1131423502474380172 579.98530547815289538 314.0204886013842156 2000
11.184616914934702336 673.34493423092078501 360.95845407556987539 2000
16.843153618472815225 973.03492161199847033 587.76609894678790624 2000
76.982002067814647717 1129.6633364824106138 682.37819389615174259 2000
127.79777204595609419 1337.86529535565478 717.18633975394197932 2000
17.060939972938484743 2135.5854629690493312 1215.2477325980453315 2000
62.119022854259355881 4328.4708239356277772 1901.6327125170762429 2000
402.20420375492091125 5719.1694001487758214 3386.6188321843433187 2000
0 5951.3906116641110202 3703.8951409555261307 2000
# Layered model 48163: value=1.2775
12
1.0025020818668595179 338.89316213551506962 145.95272361417724483 2000
3.1949061625065979797 352.65358347979713471 206.75703052211355271 2000
4.6407139610799550411 562.92802343990035752 320.33230042227205558 2000
2.1577433656442952525 673.34493423092078501 368.21371900248880138 2000
20.092667395934419972 829.82487001996798881 414.91243500998399441 2000
2.355484681140374903 982.76527082811844593 444.84228960300612243 2000
18.631854519448729945 1022.6694817124763404 636.4664615853870373 2000
36.542150576616897695 1118.4785509726837063 738.91780303482630643 2000
128.03849430715729341 1199.160395071236735 746.30698106517456836 2000
167.63237668666280911 3211.3917032507574731 1637.9703382430489 2000
96.82514242912861846 5075.4724533222042737 2775.4847370568286351 2000
0 5281.5569875716228125 3420.4850205061870838 2000
# Layered model 40479: value=1.27904
12
0.67333366999999999525 227.61865608665786453 122.0190039947966909 2000
1.2014447023723233698 374.34888504545665455 217.30371700757382314 2000
3.6071588867979231807 430.30439011400761729 278.67723932668332054 2000
5.9604045475349689553 546.37239354314931461 287.12143835552120663 2000
4.8397775033270882261 872.15427821391256202 379.37096290198320503 2000
8.2850917355679101206 982.76527082811844593 453.78361962402658492 2000
66.347357928397045157 1129.6633364824106138 655.75203183788585193 2000
144.05774104914453915 1298.518874926506669 689.20197583511321682 2000
29.389814172787737334 1420.1709698097861292 840.95738642646472272 2000
20.750613119396689399 3116.9451483117627504 1721.5232872591411706 2000
802.81657324629350114 4975.4655948654090025 3035.5067814792796526 2000
0 5662.5439605433421093 3420.4850205061870838 2000
# Layered model 43055: value=1.28102
12
0.78953668235010099341 300.75047418482091643 140.25769861695729901 2000
1.38702280617326279 322.44521553649320822 202.68310020793407489 2000
4.5793358071684231447 443.343043438852078 267.80334944767633942 2000
6.137621855429115314 574.24287671104241326 326.77097966075973545 2000
12.332656397423557237 579.98530547815289538 357.3846079956137487 2000
10.275325102046124925 821.60878219798814825 449.29071249903614671 2000
3.5211472045693454902 944.41810850615354411 521.6125691474485393 2000
131.87367984972189561 1129.6633364824106138 703.05493554939903333 2000
33.203913870157037991 1448.7164063029629233 792.21989893488171219 2000
39.049964933315351345 2289.6366722949333052 1133.4835011361055876 2000
175.40119110066549979 3841.2980792844941789 1809.3382763905467527 2000
0 5281.5569875716228125 3127.4856724648830095 2000
# Layered model 46262: value=1.28196
12
1.0536397632882423814 405.36620041586814978 134.7848915332906472 2000
2.2520967929493620474 434.60743401514764628 244.86326746484840555 2000
4.7753105477075390439 443.343043438852078 257.35375500588003206 2000
9.12540151681181122 736.42743800497760276 340.03919178661499245 2000
10.937594714839981691 898.58142499807229342 444.84228960300612243 2000
103.88455903219039556 992.59292353639978046 636.4664615853870373 2000
52.239864569390618954 1211.1519990219492229 696.09399559346434216 2000
34.894448977648778509 1392.1879911869286843 901.62014360332864271 2000
64.269063193733245498 2479.3484240465322728 1497.661511179340323 2000
171.6830606728255475 3547.3743287727602365 2142.8073385819939176 2000
97.913138419468452867 5281.5569875716228125 2588.7447248169901286 2000
0 5951.3906116641110202 3524.1291371125453225 2000
# Layered model 41880: value=1.28286
12
1.1523502918229868719 401.35267367907738389 140.25769861695729901 2000
4.6188370477678795112 426.04395060792825234 247.31190013949688478 2000
2.7220743819869825941 530.30366227262641132 284.27865183714970954 2000
9.411837711040814014 647.07124685298958866 402.70992167335958811 2000
11.381704920017284621 781.73256489775235423 472.20905425307677206 2000
37.162927833820852186 1107.4045059135482916 623.92555787215667351 2000
105.4207938390539141 1152.3695695457072361 710.08548490489306459 2000
87.685086485032655901 1553.2200743748294371 947.61183229970356479 2000
26.710686389102193061 3055.5290151080898795 1864.1630355034569675 2000
31.824957354167167978 3691.4119514919934772 2438.7146333033083465 2000
2624.5549883862840943 5496.0093803105519328 3096.5204677870128762 2000
0 5892.4659521426838182 3703.8951409555261307 2000
# Layered model 43296: value=1.28983
12
0.68686767676700000163 253.94692970638300267 123.2391940347446706 2000
1.2640342153849131179 465.95799429615436793 202.68310020793407489 2000
1.1580625511283297868 530.30366227262641132 270.48138294215311817 2000
6.4570314220177049691 557.35447865336664108 275.91805873929041582 2000
18.299393575887137331 680.0783835732299849 368.21371900248880138 2000
7.9911241959114036604 1235.4961542022904268 675.62197415460570937 2000
66.588298286463015074 1285.6622524024817267 689.20197583511321682 2000
61.783198023165397217 1448.7164063029629233 724.35820315148146165 2000
124.90095194191712835 2093.5059925194091193 857.86062989363665565 2000
16.550483123118738149 2529.1833273698675839 1621.7528101416326081 2000
1160.6848961875948589 5776.3610941502638525 3353.0879526577659817 2000
0 5834.1247050917663728 3420.4850205061870838 2000
# Layered model 59112: value=1.29088
12
0.87213968814767961479 241.62179008870637631 151.87898946333456252 2000
1.5321360801489225523 389.54895091733129675 192.84601530560954075 2000
14.63969073276054722 504.56573866460144018 323.53562342649479433 2000
1.5881517679745584815 898.58142499807229342 402.70992167335958811 2000
3.3137185823162944587 944.41810850615354411 440.43791049802592852 2000
122.45190113140053256 1129.6633364824106138 662.30955215626477184 2000
101.50924547401655218 1568.7522751185776997 849.36696029072936653 2000
46.566777431349805738 1991.8991186813284457 883.85466484004371068 2000
43.195987962954063732 3148.1145997948806325 1809.3382763905467527 2000
60.263482656146152294 3957.6932523848936398 2207.7365437483672395 2000
272.18506042471693718 4781.3246413161623423 2463.1017796363412344 2000
0 5229.2643441303198415 3319.889062037392705 2000
# Layered model 43648: value=1.2928
12
1.2856407448574469488 280.51539723391459802 158.04588547029371171 2000
0.84803192304115460054 319.25268864999327434 208.82460082733467743 2000
9.5440583665098444044 562.92802343990035752 295.82150505913193683 2000
1.7393146160517414245 574.24287671104241326 375.61481475443883937 2000
16.16262674570211999 766.32934506200615488 431.75954367025371994 2000
61.784767464494294131 1085.5842622424745514 587.76609894678790624 2000
78.80439778836390019 1337.86529535565478 696.09399559346434216 2000
67.153195474352713745 1434.3726795078839586 824.38720363343270492 2000
108.51884478763196284 3211.3917032507574731 1527.7645075540449398 2000
298.87634175458578056 4549.2663375209731385 2775.4847370568286351 2000
2357.0762144917716796 5834.1247050917663728 3222.2516158262415047 2000
0 5951.3906116641110202 3559.3704284836708212 2000
# Layered model 56429: value=1.2936
12
0.80540636966533807328 234.51572898473969531 151.87898946333456252 2000
0.82558139046179068732 378.09237389591123701 179.87096025387054965 2000
2.1625396881157996631 381.87329763487036871 244.86326746484840555 2000
4.1246291565781803001 434.60743401514764628 284.27865183714970954 2000
23.481261691881339715 707.69229306062129581 427.48469670322151615 2000
15.977469276457107128 1074.8359032103708159 587.76609894678790624 2000
63.556163975074348116 1096.4401048648992401 617.74807710114521342 2000
119.409375687470245 1351.2439483092114187 761.30775138458454876 2000
16.23289898256939523 2031.9362909668232078 928.94013557465291342 2000
149.35790528894156637 5229.2643441303198415 2748.0046901552759664 2000
185.30494177037616055 5662.5439605433421093 2888.1805470751319262 2000
0 5892.4659521426838182 3096.5204677870128762 2000
# Layered model 55441: value=1.29546
12
0.83810909795329313621 356.18011931459511743 125.71630183484305121 2000
1.7653770399257862067 434.60743401514764628 230.67227440403681271 2000
6.9669337574565872728 461.34454880807362542 273.1861967715746573 2000
14.324004707815715776 729.13607723265113236 406.73702089009316296 2000
2.0961272300875215535 863.51908734050743988 458.3214558202668627 2000
7.4534658149336010524 982.76527082811844593 496.29646176819989023 2000
85.491228633798328929 1043.2251382948970786 617.74807710114521342 2000
85.481962314049795282 1378.4039516702264336 840.95738642646472272 2000
54.735937366070885446 2658.1970956110890256 1369.3715629026005445 2000
336.23238964452519895 4037.2428867578296376 1721.5232872591411706 2000
188.0357057956640574 5334.3725574473392044 2343.5568284070982372 2000
0 5834.1247050917663728 3630.9137740961928102 2000
# Layered model 16478: value=1.29894
12
0.67333366999999999525 251.43260366968610242 141.66027560312687683 2000
2.2312934050136230546 366.97273310994671647 208.82460082733467743 2000
0.85134069552392999114 514.70751001176006412 254.80569802562376935 2000
6.6026349982108198944 530.30366227262641132 298.77972010972325734 2000
12.478323061570129937 574.24287671104241326 379.37096290198320503 2000
6.5490816465377470479 1096.4401048648992401 599.58019753561836751 2000
64.28336385162209865 1584.4397978697634244 623.92555787215667351 2000
49.202915892440159951 1600.2841958484607403 630.16481345087822774 2000
132.22399930948375868 2965.6663587709708736 849.36696029072936653 2000
76.274353027404572458 4877.429266606616693 3065.8618492940722717 2000
862.397655645213149 5126.2271778554259072 3190.3481344814276781 2000
0 5662.5439605433421093 3524.1291371125453225 2000
# Layered model 59071: value=1.30048
12
0.69373635353467000275 266.90077531344684303 123.2391940347446706 2000
0.76815665884851613843 303.75797892666912503 190.93664881743518436 2000
3.0307983551057775529 514.70751001176006412 259.92729255593883408 2000
5.5612664261542255062 574.24287671104241326 301.76751731082049446 2000
16.19649955792810303 797.44538945219721882 364.56803861632556618 2000
7.1935602966012126558 889.68457920601224487 553.70225295677414579 2000
97.934486886123195859 1002.5188527717638181 599.58019753561836751 2000
67.026824195872080736 1715.7212597872733113 792.21989893488171219 2000
58.18194449962581416 1876.459073860799208 1036.3891052076282904 2000
101.84591618312515493 3547.3743287727602365 1939.8555300386694853 2000
24.265020083602621526 4118.3914687816622973 2487.7327974327045013 2000
0 5441.5934458520314365 3594.9641327685076249 2000
# Layered model 38338: value=1.30272
12
0.81346043336199147511 366.97273310994671647 161.22260776824660411 2000
1.7387267422865522182 405.36620041586814978 192.84601530560954075 2000
3.6249969415975380471 438.95350835529916367 275.91805873929041582 2000
11.029264503510873396 514.70751001176006412 307.83304440876798935 2000
18.175201847551118561 797.44538945219721882 526.82869483892307017 2000
124.12328576676583225 1247.851115744313347 675.62197415460570937 2000
28.467326887541332781 1750.2072571089975099 696.09399559346434216 2000
49.349770000757985144 2479.3484240465322728 1005.9090549340709231 2000
63.546724025084927234 3116.9451483117627504 1621.7528101416326081 2000
75.848127213916370692 5281.5569875716228125 2487.7327974327045013 2000
1448.4900673016738892 5496.0093803105519328 3386.6188321843433187 2000
0 5951.3906116641110202 3489.2367694183617459 2000
# Layered model 54807: value=1.30405
12
1.0025020818668595179 356.18011931459511743 133.45038765672342151 2000
4.768685257724006199 366.97273310994671647 237.66187499075354594 2000
4.0892258489933661636 603.53503462164098892 275.91805873929041582 2000
4.6683246637346460517 714.7692159912274974 333.33907635194100294 2000
21.564083790402193586 925.80934075693903651 506.27202064974062523 2000
20.576922833804658808 982.76527082811844593 623.92555787215667351 2000
9.4527947672217393915 1064.193963574624604 655.75203183788585193 2000
37.789061781508792137 1074.8359032103708159 675.62197415460570937 2000
126.07365758382914578 1406.1098710987980667 710.08548490489306459 2000
72.667657244143072148 3375.2049549243033653 1939.8555300386694853 2000
150.5782695319899176 4640.7065909051452763 1978.8466261924468199 2000
0 5229.2643441303198415 3254.4741319845038561 2000
# Layered model 33133: value=1.30669
12
0.82159503769561137432 345.70491469443891219 129.52563149674065812 2000
1.9976073847165021213 434.60743401514764628 215.15219505700380864 2000
5.9314136225912665878 494.62380027899376955 273.1861967715746573 2000
3.2754001905231930891 585.78515853293447435 350.34271933694122936 2000
15.29031494885249387 700.68543867388245872 414.91243500998399441 2000
25.017227062052128872 1235.4961542022904268 496.29646176819989023 2000
111.19534997776496255 1420.1709698097861292 792.21989893488171219 2000
146.93788248059647117 1715.7212597872733113 938.22953693039960399 2000
42.325488852223770664 2289.6366722949333052 1410.8648906301123134 2000
236.69834975646551811 5177.4894496339802572 2438.7146333033083465 2000
509.31797435375403893 5334.3725574473392044 2917.0623525458831864 2000
0 5892.4659521426838182 3559.3704284836708212 2000
# Layered model 35413: value=1.30734
12
1.3512213436632265484 244.03800798959338181 158.04588547029371171 2000
1.7629320281460589825 405.36620041586814978 265.15183113631320566 2000
7.6700353151279312414 430.30439011400761729 270.48138294215311817 2000
3.177642819284711706 640.66460084454411117 423.25217495368474374 2000
18.389020564288912851 846.50434990736948748 431.75954367025371994 2000
2.4511268046882435101 963.40091248712724337 611.63175950608433595 2000
153.17028424741613435 1096.4401048648992401 717.18633975394197932 2000
61.455578800215107549 2093.5059925194091193 966.65883012892766146 2000
34.00413718572963262 2936.303325515812503 1482.8331793854854368 2000
19.220936744668506435 4243.1828486772155884 2320.3532954525726382 2000
818.24174074771872256 4975.4655948654090025 2614.6321720651599207 2000
0 5606.4791688547938975 3127.4856724648830095 2000
# Layered model 33685: value=1.30911
12
1.260308543140326476 300.75047418482091643 147.41225085031902609 2000
2.4277970950683798179 494.62380027899376955 230.67227440403681271 2000
7.422854750131395285 499.57003828178363847 317.16069348739807765 2000
7.5211578806916055129 653.5419593215194709 340.03919178661499245 2000
5.8521572470984928316 838.12311872016766756 410.80439109899407413 2000
33.324530824373695737 944.41810850615354411 611.63175950608433595 2000
84.455288269847358151 1085.5842622424745514 682.37819389615174259 2000
107.16374731247907448 1492.6139621303491367 910.63634503936191322 2000
76.369909269363972726 3025.2762525822672615 1791.4240360302442241 2000
74.094812630092974359 4371.7555321749841823 2563.1135889277129536 2000
875.79011292883046735 5719.1694001487758214 2975.6953058320555101 2000
0 5892.4659521426838182 3254.4741319845038561 2000
# Layered model 42769: value=1.31089
12
0.86350464173037588811 264.25819337965032219 137.49406785310981149 2000
3.0127314498574500057 393.44444042650462734 254.80569802562376935 2000
5.0502673359201217806 546.37239354314931461 267.80334944767633942 2000
12.068633802416131928 615.66608881753597871 320.33230042227205558 2000
9.7855884800087231667 1032.8961765296010071 668.93264767782739 2000
82.942041601885676982 1074.8359032103708159 682.37819389615174259 2000
79.945243355675117414 1129.6633364824106138 724.35820315148146165 2000
19.049356310531948111 2995.323022358680646 832.63107566976702856 2000
82.223087044578221594 3879.7110600773389706 1605.6958516253787366 2000
46.096427003239000442 4201.1711373041734987 1864.1630355034569675 2000
897.12815691075797986 5441.5934458520314365 2748.0046901552759664 2000
0 5719.1694001487758214 3594.9641327685076249 2000
# Layered model 53872: value=1.31112
12
0.9350517916387104389 312.96214944612614772 145.95272361417724483 2000
1.3298847401222511078 349.16196384138328312 210.91284683560803614 2000
1.308737925662338597 514.70751001176006412 230.67227440403681271 2000
16.402478223444465044 660.07737891473470881 307.83304440876798935 2000
10.499813368570652727 693.74795908305191006 402.70992167335958811 2000
40.76714096570496082 1096.4401048648992401 668.93264767782739 2000
48.881491729647166267 1175.5321978935758125 682.37819389615174259 2000
126.83366058474445026 1537.8416577968605452 784.37613755928884984 2000
142.74389834340041716 3025.2762525822672615 1845.7059757459967386 2000
113.02798487698356666 4285.6146771639878352 2831.2719802716710547 2000
618.16451405102816352 5719.1694001487758214 3158.7605291895320079 2000
0 5834.1247050917663728 3740.9340923650820514 2000
# Layered model 35277: value=1.31268
12
0.77397969056965099099 251.43260366968610242 141.66027560312687683 2000
4.8274778830819959907 389.54895091733129675 228.38839049904632361 2000
3.2366646318017657791 585.78515853293447435 340.03919178661499245 2000
13.227978026425468272 597.55944021944651467 386.9963192563130292 2000
8.1081235794462855893 781.73256489775235423 501.25942638588190903 2000
18.638230832188693142 1002.5188527717638181 642.83112620124086334 2000
97.762384297625658292 1285.6622524024817267 668.93264767782739 2000
88.397471082002283538 2711.6268572328722257 682.37819389615174259 2000
19.074495154871669911 2821.7297812602246267 1167.8291847040309221 2000
97.323834379793368043 3691.4119514919934772 2038.8076578127042922 2000
924.31203719331085722 4328.4708239356277772 2667.1862787236696022 2000
0 5834.1247050917663728 3353.0879526577659817 2000
# Layered model 51303: value=1.31308
12
1.0964217627731958071 239.22949513733300364 143.07687835915814389 2000
2.4832172341885714317 401.35267367907738389 230.67227440403681271 2000
10.113419035148307756 680.0783835732299849 310.91137485285565845 2000
5.5036320525915645163 714.7692159912274974 340.03919178661499245 2000
9.8001459080072201857 880.87582099605185704 423.25217495368474374 2000
5.4605688342209219854 1074.8359032103708159 476.93114479560750851 2000
50.34025509103462781 1085.5842622424745514 623.92555787215667351 2000
154.89759353664254604 1406.1098710987980667 710.08548490489306459 2000
49.433708434035082746 3179.5957457928293479 1721.5232872591411706 2000
45.188145283049721002 3512.2518106660995727 2274.6331687604865692 2000
252.73344783867537444 4781.3246413161623423 2888.1805470751319262 2000
0 5550.9694741136572702 3353.0879526577659817 2000
# Layered model 57834: value=1.31424
12
0.86350464173037588811 261.64177562341615157 130.82088781170807579 2000
0.88513499475574686226 374.34888504545665455 221.671521719426039 2000
4.070547228453511579 504.56573866460144018 262.52656548149820992 2000
1.2780446989817839665 591.64301011826387366 265.15183113631320566 2000
13.992286293450668211 660.07737891473470881 353.8461465303106479 2000
7.7174691800323316215 729.13607723265113236 427.48469670322151615 2000
17.407705372758229601 1064.193963574624604 605.57599951097461144 2000
74.42345048295319998 1107.4045059135482916 682.37819389615174259 2000
83.462096681923014785 1665.2621513395340571 746.30698106517456836 2000
220.39377499781556935 3086.0843052591712876 1704.4785022367732381 2000
128.53416362799953276 3654.8633183089041268 1901.6327125170762429 2000
0 5776.3610941502638525 3778.3434332887322853 2000
# Layered model 55716: value=1.3146
12
0.67333366999999999525 280.51539723391459802 119.61474756866650182 2000
6.6545428582472441192 397.37888483076966395 254.80569802562376935 2000
1.5102456772061687573 465.95799429615436793 259.92729255593883408 2000
1.0177329005589275113 591.64301011826387366 346.87397954152595503 2000
8.4912444761271377303 838.12311872016766756 436.07713910695628101 2000
42.4105368660147235 872.15427821391256202 537.41795160518540797 2000
74.601768152035205617 1085.5842622424745514 630.16481345087822774 2000
104.33584885441754864 1492.6139621303491367 892.69321148844414893 2000
123.78698496526666872 3408.9570044735464762 1756.1259053330497863 2000
65.256716298709363855 4975.4655948654090025 2414.5689438646618328 2000
773.01183261113965273 5606.4791688547938975 2946.2329760713419091 2000
0 5776.3610941502638525 3005.4522588903760152 2000
# Layered model 38201: value=1.31589
12
1.3245969450673724666 356.18011931459511743 159.62634432499663717 2000
0.91791447251773794491 381.87329763487036871 240.0384937406610959 2000
3.1314100206760859813 401.35267367907738389 252.28286933230072009 2000
1.3788508718096164074 530.30366227262641132 295.82150505913193683 2000
10.190466335247236884 660.07737891473470881 379.37096290198320503 2000
12.442768831538199237 758.74192580396641006 410.80439109899407413 2000
15.918072917382204423 1012.5440412994812505 611.63175950608433595 2000
117.29790965202381869 1298.518874926506669 675.62197415460570937 2000
43.539251924526979565 1715.7212597872733113 717.18633975394197932 2000
148.74310398259567023 2244.5217844279318342 1156.2665195089414283 2000
610.59767784777739053 5441.5934458520314365 2888.1805470751319262 2000
0 5550.9694741136572702 3630.9137740961928102 2000
# Layered model 58215: value=1.3189
12
0.86350464173037588811 202 125.71630183484305121 2000
0.92028265144911791662 381.87329763487036871 235.30878711955796234 2000
2.4485312030311914278 447.77647387324060446 262.52656548149820992 2000
4.5142524819455749352 525.05313096299641984 326.77097966075973545 2000
14.318724110465428367 660.07737891473470881 336.67246711546039251 2000
19.824383185315760159 1022.6694817124763404 576.18478477285361805 2000
109.63668689331649375 1107.4045059135482916 724.35820315148146165 2000
18.369960537627889607 1477.8356060696526129 784.37613755928884984 2000
56.811851135796786139 1972.1773452290383375 808.1435189034727955 2000
84.115425015818516385 4687.1136568141964744 1315.9391562431133025 2000
74.701589734989454428 5606.4791688547938975 3287.0188733043487446 2000
0 5892.4659521426838182 3559.3704284836708212 2000
# Layered model 59384: value=1.31948
12
0.86350464173037588811 251.43260366968610242 137.49406785310981149 2000
0.88513499475574686226 452.25423861197299402 219.47675417764958183 2000
0.74909060365267787773 540.96276588430623633 267.80334944767633942 2000
9.7700089217218568649 546.37239354314931461 275.91805873929041582 2000
10.797555926761031486 653.5419593215194709 336.67246711546039251 2000
4.3435646408010057939 1223.2635190121686719 537.41795160518540797 2000
42.086593553887546193 1260.3296269017564555 717.18633975394197932 2000
149.66746263151648577 1324.6191043125295437 738.91780303482630643 2000
47.842829523062107455 1876.459073860799208 1144.8183361474666526 2000
206.58878996993047394 2631.878312486226605 1468.1516627579062515 2000
704.47701378316457976 5550.9694741136572702 3353.0879526577659817 2000
0 5834.1247050917663728 3489.2367694183617459 2000
# Layered model 34558: value=1.32352
12
0.88966969587944799702 309.86351430309520083 153.39777935796792008 2000
2.0149573791341750528 322.44521553649320822 200.67633683953869195 2000
3.8512682206781634342 509.61139605124753871 284.27865183714970954 2000
4.8008699290804806026 519.85458511187766817 320.33230042227205558 2000
3.9351126202427391121 721.91690815113975077 402.70992167335958811 2000
9.0753332005852076492 829.82487001996798881 472.20905425307677206 2000
104.22261792635909217 963.40091248712724337 617.74807710114521342 2000
32.202240380775606354 1914.1759012454012918 892.69321148844414893 2000
116.8551800429713694 2605.8201113725017422 1057.2205262223017144 2000
46.637641108808111312 2995.323022358680646 1845.7059757459967386 2000
474.6831178499521684 3841.2980792844941789 2252.1120482777096186 2000
0 5441.5934458520314365 3524.1291371125453225 2000
# Layered model 51894: value=1.32355
12
0.81346043336199147511 251.43260366968610242 129.52563149674065812 2000
3.3839478110114660225 374.34888504545665455 242.43887867806770942 2000
5.091547017570057676 519.85458511187766817 314.0204886013842156 2000
17.105354828667344691 585.78515853293447435 357.3846079956137487 2000
10.792160140706297256 898.58142499807229342 564.83166824120530691 2000
26.038169894754268796 1064.193963574624604 636.4664615853870373 2000
6.9657676900719209812 1272.9329231707740746 689.20197583511321682 2000
140.42084661754529407 1298.518874926506669 703.05493554939903333 2000
156.50580637038370924 4415.4730874967344789 1315.9391562431133025 2000
111.21341995782512413 5387.7162830218130694 2438.7146333033083465 2000
903.05106001162948814 5662.5439605433421093 2888.1805470751319262 2000
0 5834.1247050917663728 2917.0623525458831864 2000
# Layered model 52017: value=1.32459
12
0.81346043336199147511 269.56978306658129441 153.39777935796792008 2000
1.0800657227340551003 430.30439011400761729 185.32123022052309125 2000
1.5407047550680379455 484.87775735613541883 235.30878711955796234 2000
12.775022027666322444 660.07737891473470881 310.91137485285565845 2000
3.4613211318090790769 680.0783835732299849 364.56803861632556618 2000
75.403628419763620627 992.59292353639978046 593.64375993625583305 2000
22.683467095706632222 1107.4045059135482916 710.08548490489306459 2000
20.912764802402463715 1448.7164063029629233 784.37613755928884984 2000
123.07424303320021863 1715.7212597872733113 800.14209792423037015 2000
32.007260947005534035 2995.323022358680646 1482.8331793854854368 2000
45.873291159331415656 5606.4791688547938975 2207.7365437483672395 2000
0 5834.1247050917663728 3524.1291371125453225 2000
# Layered model 59480: value=1.32558
12
0.96338479597715509506 223.13366933306332385 137.49406785310981149 2000
0.91139357639516815901 356.18011931459511743 208.82460082733467743 2000
2.9419948688185817431 514.70751001176006412 267.80334944767633942 2000
8.6002724092692819369 546.37239354314931461 336.67246711546039251 2000
13.628826809321067159 628.0409772027684312 368.21371900248880138 2000
85.550926858850914414 944.41810850615354411 587.76609894678790624 2000
9.9423038609286749079 1378.4039516702264336 655.75203183788585193 2000
142.23357714244443173 1803.2402872066572854 919.74270848975561421 2000
88.019599235011128258 3654.8633183089041268 1558.4725741558813752 2000
202.53455901475297196 5075.4724533222042737 3096.5204677870128762 2000
212.65790939635212453 5441.5934458520314365 3386.6188321843433187 2000
0 5776.3610941502638525 3454.6898707112491138 2000
# Layered model 59508: value=1.32667
12
0.78171948747534747426 381.87329763487036871 134.7848915332906472 2000
5.6570115499818012239 389.54895091733129675 249.78501914089181923 2000
4.5622198420875070823 494.62380027899376955 257.35375500588003206 2000
7.0831995474001931967 714.7692159912274974 364.56803861632556618 2000
25.519910446388504255 846.50434990736948748 553.70225295677414579 2000
45.073364326347714837 1298.518874926506669 710.08548490489306459 2000
145.2946319023113233 1378.4039516702264336 768.9208288984302726 2000
20.46928444348682774 1665.2621513395340571 901.62014360332864271 2000
23.405907850227066547 3918.5081706781124922 2100.5855686520867494 2000
255.81092723554593249 4504.2240965554192371 2438.7146333033083465 2000
3129.1002737087646892 5776.3610941502638525 3420.4850205061870838 2000
0 5951.3906116641110202 3524.1291371125453225 2000
# Layered model 42072: value=1.32754
12
0.69373635353467000275 261.64177562341615157 167.7688921462945757 2000
2.8504606731601493941 316.09177094058742341 187.17444252272832728 2000
1.6200358482690164763 461.34454880807362542 284.27865183714970954 2000
2.2211747503513636914 551.83611747858083163 310.91137485285565845 2000
16.616430935737835028 789.54989054673001192 368.21371900248880138 2000
7.5039389121654700432 907.56723924805316983 506.27202064974062523 2000
150.93824919725472 1107.4045059135482916 696.09399559346434216 2000
45.617782473788309971 1821.2726900787238264 703.05493554939903333 2000
61.067152744380507556 2430.4954651960906631 1290.0099561250008264 2000
152.60121189686873322 3728.326071006913935 1939.8555300386694853 2000
89.719035410650292306 3957.6932523848936398 2366.9923966911692332 2000
0 5334.3725574473392044 3524.1291371125453225 2000
# Layered model 52994: value=1.32763
12
0.67333366999999999525 277.73801706328180217 132.12909668982516109 2000
1.5916028617609616624 309.86351430309520083 202.68310020793407489 2000
2.456927247467452613 489.7265349296968111 278.67723932668332054 2000
10.396799090133399091 540.96276588430623633 301.76751731082049446 2000
1.0022473385909620447 634.3213869747961553 398.72269472609860941 2000
2.6583623199634658363 666.67815270388200588 423.25217495368474374 2000
47.343266715831227032 729.13607723265113236 476.93114479560750851 2000
49.808344871446209368 1351.2439483092114187 710.08548490489306459 2000
140.65638911459990368 1392.1879911869286843 875.10362855449875497 2000
40.102184522611537432 3148.1145997948806325 1721.5232872591411706 2000
67.434757292074209545 3512.2518106660995727 1756.1259053330497863 2000
0 5126.2271778554259072 3353.0879526577659817 2000
# Layered model 50751: value=1.32965
12
0.75121706236299001791 218.73705453687213662 143.07687835915814389 2000
1.1996848297889233237 300.75047418482091643 183.48636655497335823 2000
1.4493267327630219299 397.37888483076966395 206.75703052211355271 2000
7.061960171520921925 551.83611747858083163 330.03868945736735441 2000
7.7032563343953093238 574.24287671104241326 379.37096290198320503 2000
5.443161802751774303 647.07124685298958866 402.70992167335958811 2000
35.071789290845465814 789.54989054673001192 481.70045624356362168 2000
149.84559826437225638 1199.160395071236735 738.91780303482630643 2000
38.049331729472896768 2114.4410524446034287 947.61183229970356479 2000
87.74178095341821404 2936.303325515812503 1882.8046658584914894 2000
84.234288437327961674 3179.5957457928293479 2079.7876917347393828 2000
0 5496.0093803105519328 3386.6188321843433187 2000
# Layered model 42829: value=1.3305
12
0.82981098807256747918 232.1937910739997335 140.25769861695729901 2000
1.9614785390681390709 443.343043438852078 221.671521719426039 2000
10.631961166036505873 535.60669889535267885 287.12143835552120663 2000
6.5529019876905536535 797.44538945219721882 353.8461465303106479 2000
40.576374333463391508 963.40091248712724337 611.63175950608433595 2000
79.598494854761980832 1053.6573896778461403 636.4664615853870373 2000
18.568525354675614381 1420.1709698097861292 776.61003718741471857 2000
62.634997850206246994 2031.9362909668232078 966.65883012892766146 2000
76.535313488854825437 3275.9406764860978001 1424.9735395364134547 2000
56.994487390555093498 3582.8480720604884482 1527.7645075540449398 2000
333.47859834237658561 4415.4730874967344789 2775.4847370568286351 2000
0 5387.7162830218130694 3287.0188733043487446 2000
# Layered model 53449: value=1.33104
12
0.9166275773342911215 261.64177562341615157 171.14104687843510533 2000
1.17500330973423317 277.73801706328180217 183.48636655497335823 2000
2.0162157482455103086 389.54895091733129675 254.80569802562376935 2000
6.0466507362655868008 494.62380027899376955 307.83304440876798935 2000
3.3228626827885427986 603.53503462164098892 333.33907635194100294 2000
40.981150514436706089 729.13607723265113236 440.43791049802592852 2000
9.719374577135454274 1064.193963574624604 553.70225295677414579 2000
166.16454208976381324 1434.3726795078839586 840.95738642646472272 2000
44.753859294698116855 1492.6139621303491367 875.10362855449875497 2000
15.747216804962022252 3308.700083250958869 1756.1259053330497863 2000
111.37616100075496206 3443.0465745182823412 2207.7365437483672395 2000
0 5441.5934458520314365 3454.6898707112491138 2000
# Layered model 36521: value=1.33336
12
0.68006700669999997633 214.42707042140199292 137.49406785310981149 2000
0.73883194844338662133 409.41986242002684548 183.48636655497335823 2000
3.4460420184594275916 426.04395060792825234 240.0384937406610959 2000
4.7010548916951337972 535.60669889535267885 262.52656548149820992 2000
15.410413588706466825 854.96939340644303229 444.84228960300612243 2000
6.8444257939462751494 1152.3695695457072361 506.27202064974062523 2000
46.488380992050274187 1187.2875198725116661 581.94663262058213604 2000
140.85369967482574793 1211.1519990219492229 784.37613755928884984 2000
45.199208281102812634 1972.1773452290383375 919.74270848975561421 2000
17.927714730136017351 3443.0465745182823412 2229.8139091858511165 2000
298.9483343515257161 4371.7555321749841823 2888.1805470751319262 2000
0 5662.5439605433421093 3703.8951409555261307 2000
# Layered model 53970: value=1.33439
12
1.1638737947412167717 272.26548089724713009 159.62634432499663717 2000
1.4396123431378626822 349.16196384138328312 206.75703052211355271 2000
5.2398985661493000521 475.32374998150709189 295.82150505913193683 2000
6.9773807791221083008 758.74192580396641006 360.95845407556987539 2000
9.4210914635130755812 766.32934506200615488 371.89585619251369053 2000
2.8956279339529658046 1043.2251382948970786 449.29071249903614671 2000
10.362510775906006444 1064.193963574624604 476.93114479560750851 2000
164.89328018112163932 1085.5842622424745514 710.08548490489306459 2000
23.060364598671270642 1163.8932652411642721 746.30698106517456836 2000
56.836198489750103136 4459.627818371702233 2720.7967229260157183 2000
322.54893495167067385 5281.5569875716228125 2975.6953058320555101 2000
0 5334.3725574473392044 3222.2516158262415047 2000
# Layered model 54428: value=1.33447
12
1.0025020818668595179 227.61865608665786453 145.95272361417724483 2000
2.0808180882413438439 401.35267367907738389 192.84601530560954075 2000
1.1489983261024816485 409.41986242002684548 257.35375500588003206 2000
9.4544097718237516403 494.62380027899376955 326.77097966075973545 2000
5.7890876434898057568 805.41984334671917622 390.86628244887617711 2000
17.101413649677887463 821.60878219798814825 516.44808826480050357 2000
36.463190275811982133 963.40091248712724337 630.16481345087822774 2000
96.163863039106516339 1260.3296269017564555 689.20197583511321682 2000
11.924316611179904157 1272.9329231707740746 724.35820315148146165 2000
163.31865034880067356 4975.4655948654090025 1227.4002099240258303 2000
78.289659729008690192 5281.5569875716228125 2803.2395844273969487 2000
0 5441.5934458520314365 3319.889062037392705 2000
# Layered model 53694: value=1.33552
12
0.70768045424071690519 246.47838806948934121 144.50764714274973244 2000
0.78359660769137140512 342.28209375687021065 183.48636655497335823 2000
3.6729558130317476738 385.69203061121908149 254.80569802562376935 2000
5.0918094703315821548 509.61139605124753871 275.91805873929041582 2000
8.0910572368440600854 647.07124685298958866 346.87397954152595503 2000
4.1156798473594697896 673.34493423092078501 414.91243500998399441 2000
56.629528972902022588 1022.6694817124763404 655.75203183788585193 2000
20.764697746610750073 1107.4045059135482916 703.05493554939903333 2000
127.85117069166689419 1298.518874926506669 776.61003718741471857 2000
103.29885996297656447 3275.9406764860978001 2142.8073385819939176 2000
91.729872761454714691 3803.2654250341524858 2164.2354119678138886 2000
0 5776.3610941502638525 3559.3704284836708212 2000
# Layered model 51772: value=1.3378
12
0.71475725878312412753 332.21562801246449226 129.52563149674065812 2000
1.9676171125598289624 456.77678099809264722 185.32123022052309125 2000
3.6819846018398028065 480.0769874813221918 292.89257926646723718 2000
10.842089647574198352 494.62380027899376955 298.77972010972325734 2000
5.6304772095615476246 963.40091248712724337 330.03868945736735441 2000
5.4024497577654280178 1064.193963574624604 655.75203183788585193 2000
189.99058636791318122 1175.5321978935758125 738.91780303482630643 2000
31.197879966833227172 1972.1773452290383375 768.9208288984302726 2000
14.934282273099199756 2793.7918626338855574 849.36696029072936653 2000
38.290791657298939299 4504.2240965554192371 1527.7645075540449398 2000
146.09083205292836283 5025.2202508140635473 2667.1862787236696022 2000
0 5776.3610941502638525 3559.3704284836708212 2000
# Layered model 59299: value=1.33883
12
0.68006700669999997633 206.06020000000000891 116.09689553699986675 2000
0.75302093799482039405 443.343043438852078 219.47675417764958183 2000
5.9557352440008415329 461.34454880807362542 273.1861967715746573 2000
4.1679420360766048503 579.98530547815289538 278.67723932668332054 2000
17.440070767936592944 863.51908734050743988 449.29071249903614671 2000
2.823999255241830042 963.40091248712724337 501.25942638588190903 2000
20.255036919670544648 1223.2635190121686719 636.4664615853870373 2000
187.61938128698571404 1351.2439483092114187 675.62197415460570937 2000
19.457892507484558564 1857.8802711493058268 1078.4706587993698577 2000
23.136692963974041959 3243.5056202832652161 2121.5914243386077942 2000
31.348362474792452304 4549.2663375209731385 2888.1805470751319262 2000
0 5719.1694001487758214 3703.8951409555261307 2000
# Layered model 48333: value=1.33973
12
1.4060863486135417588 426.04395060792825234 169.44658106775753481 2000
3.8707400691235820389 430.30439011400761729 240.0384937406610959 2000
2.1119967709585383275 447.77647387324060446 273.1861967715746573 2000
5.0015933647836021692 562.92802343990035752 284.27865183714970954 2000
25.167918380151071744 758.74192580396641006 491.38263541405922297 2000
126.77976037430255474 1140.9599698472347882 649.2594374632533345 2000
29.32991535956071516 1507.5401017516526281 689.20197583511321682 2000
76.426600528983954064 2430.4954651960906631 957.08795062270064591 2000
16.171687703168004191 2936.303325515812503 1791.4240360302442241 2000
25.557302956851572162 5496.0093803105519328 2614.6321720651599207 2000
1357.03580152947643 5550.9694741136572702 3190.3481344814276781 2000
0 5892.4659521426838182 3353.0879526577659817 2000
# Layered model 50032: value=1.34095
12
1.0226523737123833779 332.21562801246449226 143.07687835915814389 2000
3.43298105798880826 356.18011931459511743 213.02197530396412617 2000
4.3824887737522209008 494.62380027899376955 301.76751731082049446 2000
6.2805406639084004894 721.91690815113975077 320.33230042227205558 2000
10.359772414668089624 838.12311872016766756 398.72269472609860941 2000
8.3000225406243295367 1085.5842622424745514 576.18478477285361805 2000
131.38573948178390083 1211.1519990219492229 731.60178518299630923 2000
72.157835816935090634 1285.6622524024817267 768.9208288984302726 2000
108.51884478763196284 3512.2518106660995727 1179.5074765510712496 2000
132.48960285089231093 3654.8633183089041268 2059.1957343908311486 2000
336.90080456049389568 5550.9694741136572702 3420.4850205061870838 2000
0 5606.4791688547938975 3559.3704284836708212 2000
# Layered model 52476: value=1.34139
12
1.1872676580155152593 352.65358347979713471 164.46318218438835856 2000
2.8064222633835131937 389.54895091733129675 249.78501914089181923 2000
1.8836888121900021709 461.34454880807362542 254.80569802562376935 2000
7.4068248807279859491 551.83611747858083163 350.34271933694122936 2000
7.8053142430550703779 714.7692159912274974 379.37096290198320503 2000
4.4752204711957901395 854.96939340644303229 390.86628244887617711 2000
2.8165922004330781192 1140.9599698472347882 587.76609894678790624 2000
195.18675999571379975 1247.851115744313347 746.30698106517456836 2000
20.565895830011527323 1914.1759012454012918 1089.255365387363554 2000
121.50371016539213542 2580.0199122500016529 1111.1493982316494566 2000
2917.3795740584009764 5025.2202508140635473 3287.0188733043487446 2000
0 5550.9694741136572702 3667.2229118371546974 2000
# Layered model 36564: value=1.34611
12
1.0536397632882423814 294.82450170063805217 161.22260776824660411 2000
4.0679959700917347476 397.37888483076966395 240.0384937406610959 2000
0.8738783127541935869 615.66608881753597871 371.89585619251369053 2000
6.1507623517476677222 634.3213869747961553 379.37096290198320503 2000
16.850559594827021925 872.15427821391256202 394.77494527336500596 2000
9.4461998809293916679 944.41810850615354411 511.33474085623817018 2000
5.968375158847244677 1074.8359032103708159 581.94663262058213604 2000
146.25221011785751557 1107.4045059135482916 717.18633975394197932 2000
32.557805024226752266 1140.9599698472347882 738.91780303482630643 2000
128.14921338323708255 3957.6932523848936398 1756.1259053330497863 2000
46.866651864093398672 5177.4894496339802572 3035.5067814792796526 2000
0 5229.2643441303198415 3287.0188733043487446 2000
# Layered model 53829: value=1.3476
12
0.71475725878312412753 291.90544722835448965 145.95272361417724483 2000
4.3059620171505850195 363.33933971281851427 230.67227440403681271 2000
1.2806262420690188719 489.7265349296968111 317.16069348739807765 2000
8.667627619979265674 568.55730367429941907 340.03919178661499245 2000
15.205250673343172707 863.51908734050743988 368.21371900248880138 2000
6.7687780454889825421 872.15427821391256202 537.41795160518540797 2000
37.565530418923941625 1012.5440412994812505 655.75203183788585193 2000
114.26733024935400351 1096.4401048648992401 675.62197415460570937 2000
17.365379445697158189 1107.4045059135482916 724.35820315148146165 2000
131.51903627261944507 4687.1136568141964744 1396.8959313169427787 2000
158.03199433368007476 4926.2035592726824689 3222.2516158262415047 2000
0 5334.3725574473392044 3353.0879526577659817 2000
# Layered model 54912: value=1.35104
12
1.6324225993098793186 264.25819337965032219 147.41225085031902609 2000
2.6069597275073128628 434.60743401514764628 262.52656548149820992 2000
2.5840719218315122419 443.343043438852078 284.27865183714970954 2000
8.4463952494067271459 621.82274970571131689 289.99265273907644769 2000
2.8955956327757341739 766.32934506200615488 371.89585619251369053 2000
45.691441396500977135 982.76527082811844593 587.76609894678790624 2000
19.269924489199972584 1022.6694817124763404 630.16481345087822774 2000
41.166788244388058615 1107.4045059135482916 649.2594374632533345 2000
107.99151193425608142 1364.7563877923034852 892.69321148844414893 2000
112.16213864092495101 3547.3743287727602365 1078.4706587993698577 2000
1023.2572459792718291 5606.4791688547938975 3319.889062037392705 2000
0 5834.1247050917663728 3454.6898707112491138 2000
# Layered model 53753: value=1.35208
12
0.87213968814767961479 309.86351430309520083 161.22260776824660411 2000
1.6547783075439479461 312.96214944612614772 202.68310020793407489 2000
1.7054005005190577826 426.04395060792825234 226.12711930598649701 2000
3.301535822373350193 579.98530547815289538 357.3846079956137487 2000
17.944580965445865672 673.34493423092078501 423.25217495368474374 2000
10.023063366560680976 773.9926385126260584 453.78361962402658492 2000
11.175340683673688602 1187.2875198725116661 542.79213112123727569 2000
127.65450251728567821 1311.5040636757717039 675.62197415460570937 2000
69.802644503176338731 1600.2841958484607403 986.08867261451916875 2000
43.829878333753185871 2554.4751606435661415 1046.7529962597045596 2000
310.88640647759598323 3582.8480720604884482 1920.6490396422470894 2000
0 5951.3906116641110202 3594.9641327685076249 2000
# Layered model 50422: value=1.3526
12
0.70768045424071690519 286.15375671831628779 140.25769861695729901 2000
1.5348309633443935063 342.28209375687021065 219.47675417764958183 2000
3.4055340224752543854 452.25423861197299402 257.35375500588003206 2000
21.010207751456604797 621.82274970571131689 353.8461465303106479 2000
1.767230577435935146 1022.6694817124763404 390.86628244887617711 2000
2.1537134493536918001 1053.6573896778461403 440.43791049802592852 2000
5.8179291132436290468 1175.5321978935758125 576.18478477285361805 2000
132.80715654457040387 1199.160395071236735 655.75203183788585193 2000
216.63943759213222506 1933.3176602578553229 1111.1493982316494566 2000
87.750814939566453177 2936.303325515812503 1864.1630355034569675 2000
101.88880447098392779 5025.2202508140635473 3035.5067814792796526 2000
0 5719.1694001487758214 3594.9641327685076249 2000
# Layered model 60047: value=1.3534
12
0.75872923298661987257 342.28209375687021065 117.25786449236984765 2000
1.3538179629525894931 389.54895091733129675 219.47675417764958183 2000
5.500164724197119881 434.60743401514764628 254.80569802562376935 2000
8.1198292875596820295 621.82274970571131689 310.91137485285565845 2000
4.1347386036498701145 781.73256489775235423 357.3846079956137487 2000
9.2277770964325824821 1032.8961765296010071 506.27202064974062523 2000
124.95657191114801776 1187.2875198725116661 710.08548490489306459 2000
65.111287095900252098 1434.3726795078839586 875.10362855449875497 2000
29.878163565629563436 2335.6583694080618443 995.94955934066422287 2000
123.9459347397165061 2965.6663587709708736 1439.223274931777496 2000
163.7766870679498652 4781.3246413161623423 1959.2540853390562461 2000
0 5606.4791688547938975 3386.6188321843433187 2000
# Layered model 55169: value=1.35489
12
0.82159503769561137432 291.90544722835448965 126.97346485319150133 2000
2.4841415185419930545 475.32374998150709189 202.68310020793407489 2000
0.96890512493518743398 494.62380027899376955 237.66187499075354594 2000
2.822589882748625989 568.55730367429941907 287.12143835552120663 2000
7.9390324453486931233 585.78515853293447435 350.34271933694122936 2000
24.17947688542826512 773.9926385126260584 491.38263541405922297 2000
13.906856303492041604 1074.8359032103708159 559.23927548634185314 2000
112.74769284800174773 1272.9329231707740746 738.91780303482630643 2000
90.716983183601428209 1477.8356060696526129 866.43923619257304836 2000
172.15168148878939292 3086.0843052591712876 1756.1259053330497863 2000
62.045473575564301427 3116.9451483117627504 1998.6350924543714882 2000
0 5662.5439605433421093 3559.3704284836708212 2000
# Layered model 36172: value=1.35734
12
1.5225900312882763021 266.90077531344684303 167.7688921462945757 2000
0.90572849469129157463 401.35267367907738389 213.02197530396412617 2000
5.4150661780488125174 489.7265349296968111 292.89257926646723718 2000
12.332529503648064662 499.57003828178363847 326.77097966075973545 2000
1.5526371302918740014 854.96939340644303229 449.29071249903614671 2000
18.675465721580316369 982.76527082811844593 599.58019753561836751 2000
44.393642858415773844 1324.6191043125295437 611.63175950608433595 2000
59.503350175163291169 2200.2958380824743472 662.30955215626477184 2000
74.522072128781672973 2406.4311536594955214 824.38720363343270492 2000
72.020421113454915485 3116.9451483117627504 919.74270848975561421 2000
76.921953859559835109 3957.6932523848936398 2487.7327974327045013 2000
0 5281.5569875716228125 3386.6188321843433187 2000
# Layered model 46058: value=1.3601
12
0.78953668235010099341 264.25819337965032219 119.61474756866650182 2000
1.1808742287233315871 401.35267367907738389 230.67227440403681271 2000
3.9657416098514883807 480.0769874813221918 270.48138294215311817 2000
9.9537140988480494741 509.61139605124753871 307.83304440876798935 2000
1.0533720255450802483 557.35447865336664108 357.3846079956137487 2000
4.6430508688833711517 615.66608881753597871 368.21371900248880138 2000
3.6007002757547326155 1199.160395071236735 453.78361962402658492 2000
76.677142182650698032 1223.2635190121686719 630.16481345087822774 2000
81.075753509566681032 1681.9147728529294454 703.05493554939903333 2000
80.35694394453682321 1821.2726900787238264 928.94013557465291342 2000
926.55543525618338663 5075.4724533222042737 3319.889062037392705 2000
0 5719.1694001487758214 3778.3434332887322853 2000
# Layered model 46795: value=1.36166
12
0.66666700000000000959 264.25819337965032219 117.25786449236984765 2000
8.7308363153600758721 401.35267367907738389 242.43887867806770942 2000
3.3742591353415480881 489.7265349296968111 304.78519248392871077 2000
5.1333369819170382442 568.55730367429941907 364.56803861632556618 2000
30.742571069826979624 953.86228959121501703 605.57599951097461144 2000
21.191665851973901624 1085.5842622424745514 611.63175950608433595 2000
68.240792278233669776 1260.3296269017564555 682.37819389615174259 2000
108.87813069688178302 1298.518874926506669 761.30775138458454876 2000
98.882618581470183017 3547.3743287727602365 1998.6350924543714882 2000
151.91173847505319827 4781.3246413161623423 2588.7447248169901286 2000
601.05598728117752216 5550.9694741136572702 2859.5847000743879107 2000
0 5834.1247050917663728 2917.0623525458831864 2000
# Layered model 45518: value=1.36182
12
0.72912387968466496613 251.43260366968610242 145.95272361417724483 2000
0.68977507545872163153 370.6424604410461825 206.75703052211355271 2000
5.4727898359918043525 461.34454880807362542 273.1861967715746573 2000
9.9757248161160170241 465.95799429615436793 287.12143835552120663 2000
1.1181756311954913485 621.82274970571131689 371.89585619251369053 2000
49.799782564957887132 1129.6633364824106138 593.64375993625583305 2000
24.038342860332647888 1199.160395071236735 599.58019753561836751 2000
140.82213684432394984 1298.518874926506669 776.61003718741471857 2000
29.098825913651239716 1698.7339205814587331 1057.2205262223017144 2000
154.38512806094064445 4829.1378877293236656 1998.6350924543714882 2000
225.91874085336576172 5229.2643441303198415 2487.7327974327045013 2000
0 5719.1694001487758214 3096.5204677870128762 2000
# Layered model 32559: value=1.36309
12
0.80540636966533807328 319.25268864999327434 129.52563149674065812 2000
1.2450111257454299363 484.87775735613541883 221.671521719426039 2000
2.8631728879280746725 562.92802343990035752 237.66187499075354594 2000
14.093033462900404373 585.78515853293447435 333.33907635194100294 2000
37.471811358168963579 751.22962950887767875 476.93114479560750851 2000
32.198989995272853548 1199.160395071236735 593.64375993625583305 2000
40.112403772278241831 1211.1519990219492229 761.30775138458454876 2000
115.72329907708524388 1972.1773452290383375 808.1435189034727955 2000
68.572107123357170622 3654.8633183089041268 1773.6871643863801182 2000
306.47534067584143713 4077.6153156254085843 2588.7447248169901286 2000
148.42417211987833525 5075.4724533222042737 3158.7605291895320079 2000
0 5496.0093803105519328 3559.3704284836708212 2000
# Layered model 48220: value=1.36319
12
0.75872923298661987257 413.51406104422710541 128.24319950172341009 2000
2.2339109470269908897 530.30366227262641132 221.671521719426039 2000
1.7764422370070871438 546.37239354314931461 254.80569802562376935 2000
17.74054642951894678 660.07737891473470881 326.77097966075973545 2000
5.0798656496832137464 766.32934506200615488 419.06155936008383378 2000
100.55616620660801175 1163.8932652411642721 630.16481345087822774 2000
92.266600872726229454 1351.2439483092114187 761.30775138458454876 2000
26.545997753977900402 2093.5059925194091193 776.61003718741471857 2000
59.957959837607177178 3443.0465745182823412 1864.1630355034569675 2000
77.372674570916046832 4549.2663375209731385 1882.8046658584914894 2000
2306.2897563864080439 4926.2035592726824689 2946.2329760713419091 2000
0 5606.4791688547938975 3489.2367694183617459 2000
# Layered model 44086: value=1.36444
12
0.75121706236299001791 259.05126299348131624 118.4304431372935511 2000
1.2788992697268790621 342.28209375687021065 217.30371700757382314 2000
9.1919536601336346848 504.56573866460144018 295.82150505913193683 2000
8.1665869933251542534 736.42743800497760276 357.3846079956137487 2000
23.783680512801197438 813.47404178018632592 511.33474085623817018 2000
18.19287531428589233 1522.6155027691690975 623.92555787215667351 2000
140.16649569668089725 1665.2621513395340571 784.37613755928884984 2000
144.84626257078625144 1857.8802711493058268 1111.1493982316494566 2000
35.645514532028641952 3477.4770402634644597 1191.302551316581912 2000
29.986222786534881379 3879.7110600773389706 1721.5232872591411706 2000
697.78698130524185217 5177.4894496339802572 3065.8618492940722717 2000
0 5550.9694741136572702 3559.3704284836708212 2000
# Layered model 49308: value=1.36562
12
1.2111317379416270956 241.62179008870637631 153.39777935796792008 2000
1.0313796796434833158 409.41986242002684548 206.75703052211355271 2000
0.96065775729096714031 447.77647387324060446 262.52656548149820992 2000
6.7512444821963875086 640.66460084454411117 307.83304440876798935 2000
16.036138176166438996 700.68543867388245872 394.77494527336500596 2000
54.287964375795191074 992.59292353639978046 623.92555787215667351 2000
13.390855119444253774 1085.5842622424745514 642.83112620124086334 2000
26.968771564637506799 1311.5040636757717039 832.63107566976702856 2000
138.51500306897565906 1767.7093296800874214 938.22953693039960399 2000
81.883735063751259986 3547.3743287727602365 1026.1278269382457893 2000
1311.2991619305666973 5441.5934458520314365 3386.6188321843433187 2000
0 5892.4659521426838182 3524.1291371125453225 2000
# Layered model 48621: value=1.36735
12
1.0125271026855280354 280.51539723391459802 161.22260776824660411 2000
1.5396600729630156579 385.69203061121908149 204.70993121001342274 2000
2.5609146807512939148 438.95350835529916367 270.48138294215311817 2000
7.4012188626142192405 525.05313096299641984 284.27865183714970954 2000
16.772483633621888544 813.47404178018632592 436.07713910695628101 2000
20.506780629212542522 935.06743416450854056 593.64375993625583305 2000
85.565819618340924535 1163.8932652411642721 636.4664615853870373 2000
30.510885446002760091 2031.9362909668232078 689.20197583511321682 2000
71.083751884007142507 2580.0199122500016529 849.36696029072936653 2000
28.975755790778180199 2995.323022358680646 1046.7529962597045596 2000
98.194417323501852479 4037.2428867578296376 2059.1957343908311486 2000
0 5177.4894496339802572 3386.6188321843433187 2000
# Layered model 40118: value=1.36908
12
0.99257631868005891107 266.90077531344684303 148.88637335882222601 2000
1.5093226869552158753 306.79555871593584015 192.84601530560954075 2000
1.1075121963622582832 489.7265349296968111 278.67723932668332054 2000
5.3129658528196692657 499.57003828178363847 307.83304440876798935 2000
11.958333695056149182 585.78515853293447435 343.43958370448115147 2000
6.8022375768435701104 714.7692159912274974 419.06155936008383378 2000
11.339697528443007712 925.80934075693903651 506.27202064974062523 2000
169.50334863364071225 1420.1709698097861292 724.35820315148146165 2000
14.695431685769108299 1477.8356060696526129 800.14209792423037015 2000
37.468503950886059783 2965.6663587709708736 1605.6958516253787366 2000
99.829094671058385302 3308.700083250958869 1773.6871643863801182 2000
0 5281.5569875716228125 3454.6898707112491138 2000
# Layered model 22855: value=1.37075
12
0.69373635353467000275 206.06020000000000891 136.13274044862356504 2000
1.8081626521006048947 456.77678099809264722 208.82460082733467743 2000
5.1869400337024185177 797.44538945219721882 242.43887867806770942 2000
22.650739786017059174 805.41984334671917622 386.9963192563130292 2000
12.405309786872823707 838.12311872016766756 419.06155936008383378 2000
159.78405553731943201 1163.8932652411642721 717.18633975394197932 2000
26.832939099146614126 1324.6191043125295437 731.60178518299630923 2000
43.433674059748682339 1821.2726900787238264 1167.8291847040309221 2000
16.333404580199726297 2878.446549863554992 1410.8648906301123134 2000
22.694639967855096074 3512.2518106660995727 2038.8076578127042922 2000
178.96082643765015519 5075.4724533222042737 2946.2329760713419091 2000
0 5441.5934458520314365 3489.2367694183617459 2000
# Layered model 39068: value=1.37113
12
0.898566392838242467 272.26548089724713009 134.7848915332906472 2000
1.6033326127970322084 374.34888504545665455 247.31190013949688478 2000
10.788448215332262947 484.87775735613541883 310.91137485285565845 2000
2.2864262519988098887 846.50434990736948748 462.90467037846951825 2000
13.710030879669599102 925.80934075693903651 496.29646176819989023 2000
138.35448667098640385 1096.4401048648992401 649.2594374632533345 2000
27.963399750546187761 1648.7744072668654098 849.36696029072936653 2000
66.546477861480241245 1933.3176602578553229 875.10362855449875497 2000
57.227079763718222694 3148.1145997948806325 1424.9735395364134547 2000
92.631459999299408992 4037.2428867578296376 2320.3532954525726382 2000
88.63948690419323384 4371.7555321749841823 2720.7967229260157183 2000
0 5387.7162830218130694 3287.0188733043487446 2000
# Layered model 53121: value=1.37169
12
0.83810909795329313621 378.09237389591123701 166.10781400623224613 2000
2.7773262889780920837 465.95799429615436793 198.68944241538483197 2000
9.5433242377889477837 519.85458511187766817 330.03868945736735441 2000
1.3699782275985441515 634.3213869747961553 379.37096290198320503 2000
7.8582103197412163098 673.34493423092078501 394.77494527336500596 2000
11.391509652594137947 1032.8961765296010071 410.80439109899407413 2000
6.0285432121944140249 1074.8359032103708159 559.23927548634185314 2000
16.824782008527620292 1152.3695695457072361 662.30955215626477184 2000
135.63987516053117588 1272.9329231707740746 784.37613755928884984 2000
101.48028016281051578 3582.8480720604884482 892.69321148844414893 2000
1143.7192323001927434 5075.4724533222042737 3190.3481344814276781 2000
0 5281.5569875716228125 3353.0879526577659817 2000
# Layered model 42486: value=1.37251
12
0.71475725878312412753 204.02000000000001023 124.4715859750921112 2000
7.4607226320540585007 393.44444042650462734 257.35375500588003206 2000
1.3949400044984834324 714.7692159912274974 346.87397954152595503 2000
28.571376596167432638 797.44538945219721882 410.80439109899407413 2000
20.047991778033889432 973.03492161199847033 548.22005243244962003 2000
64.955672896647513426 1285.6622524024817267 682.37819389615174259 2000
64.826801956430728069 1632.4499081850153743 710.08548490489306459 2000
61.455578800215107549 2382.6051026331638241 1111.1493982316494566 2000
25.668444607571927918 3654.8633183089041268 1342.3895332836000307 2000
39.845551344659838833 4201.1711373041734987 1497.661511179340323 2000
476.31361594124143721 4243.1828486772155884 2748.0046901552759664 2000
0 5550.9694741136572702 3254.4741319845038561 2000
# Layered model 44424: value=1.37465
12
1.0226523737123833779 223.13366933306332385 144.50764714274973244 2000
4.2541740440247401978 426.04395060792825234 257.35375500588003206 2000
1.4790688779546625753 470.61757423911592468 287.12143835552120663 2000
8.213077842290207542 597.55944021944651467 343.43958370448115147 2000
11.809118406355882058 680.0783835732299849 436.07713910695628101 2000
72.156504814727583152 992.59292353639978046 636.4664615853870373 2000
59.784950864703290563 1285.6622524024817267 738.91780303482630643 2000
35.776412711696167435 1420.1709698097861292 776.61003718741471857 2000
17.891567808281195084 1767.7093296800874214 1057.2205262223017144 2000
295.36991623167205034 2454.8004198480516607 1527.7645075540449398 2000
73.480729302173074302 4781.3246413161623423 2487.7327974327045013 2000
0 5892.4659521426838182 3158.7605291895320079 2000
# Layered model 50811: value=1.37527
12
0.76631652531648608573 216.57134112561604411 130.82088781170807579 2000
1.2841009700942818128 349.16196384138328312 185.32123022052309125 2000
3.0626843609890697095 499.57003828178363847 257.35375500588003206 2000
18.781322746751545338 551.83611747858083163 357.3846079956137487 2000
7.8189878765180935716 609.57038496785742154 379.37096290198320503 2000
38.125923874750071718 1152.3695695457072361 576.18478477285361805 2000
21.075232619577718651 1175.5321978935758125 761.30775138458454876 2000
92.309423359400511799 1448.7164063029629233 866.43923619257304836 2000
126.76138902541580933 1767.7093296800874214 938.22953693039960399 2000
78.146401316625201616 4459.627818371702233 1687.6024774621516826 2000
148.63191861268387584 5606.4791688547938975 2946.2329760713419091 2000
0 5662.5439605433421093 3287.0188733043487446 2000
# Layered model 59328: value=1.37591
12
0.98274883037629590099 286.15375671831628779 154.93175715154760042 2000
1.1088820566922283906 342.28209375687021065 196.72222021325231367 2000
6.4016308345093246857 489.7265349296968111 265.15183113631320566 2000
12.501875508346230959 653.5419593215194709 330.03868945736735441 2000
7.4303465390288252479 666.67815270388200588 394.77494527336500596 2000
40.722374007700111065 1002.5188527717638181 623.92555787215667351 2000
80.373135427203408199 1053.6573896778461403 655.75203183788585193 2000
74.047097320858341618 1537.8416577968605452 883.85466484004371068 2000
57.057631364948576902 3408.9570044735464762 1277.2375803217830708 2000
212.19865076980039476 4037.2428867578296376 2414.5689438646618328 2000
521.906937546445306 5662.5439605433421093 2888.1805470751319262 2000
0 5834.1247050917663728 3703.8951409555261307 2000
# Layered model 48495: value=1.37741
12
0.66666700000000000959 286.15375671831628779 147.41225085031902609 2000
1.3634493320898690705 489.7265349296968111 185.32123022052309125 2000
3.7314548213157090473 525.05313096299641984 223.88823693662030223 2000
4.2923866402376109619 562.92802343990035752 304.78519248392871077 2000
28.642432246811079466 634.3213869747961553 398.72269472609860941 2000
10.11606460305959132 1096.4401048648992401 599.58019753561836751 2000
83.879834936124808564 1235.4961542022904268 753.77005087582631404 2000
99.953561928422516303 1406.1098710987980667 910.63634503936191322 2000
71.231593211881545358 2244.5217844279318342 928.94013557465291342 2000
47.493194837864109559 2849.9470790728269094 1654.3500416254794345 2000
180.07856963835422448 5719.1694001487758214 3287.0188733043487446 2000
0 5951.3906116641110202 3489.2367694183617459 2000
# Layered model 33741: value=1.37789
12
0.67333366999999999525 259.05126299348131624 138.86900853164090108 2000
1.0408508574837003202 303.75797892666912503 178.09005965729755872 2000
2.3127213006841604859 430.30439011400761729 242.43887867806770942 2000
8.2408333336927963586 530.30366227262641132 336.67246711546039251 2000
1.8971017040965652001 609.57038496785742154 357.3846079956137487 2000
23.147591009425063646 647.07124685298958866 379.37096290198320503 2000
24.977991162099307587 1002.5188527717638181 623.92555787215667351 2000
134.15049649733799697 1152.3695695457072361 724.35820315148146165 2000
40.513122395379724594 1492.6139621303491367 816.22495409250768716 2000
45.335796995866246561 3179.5957457928293479 1939.8555300386694853 2000
92.867703958476511161 3408.9570044735464762 2164.2354119678138886 2000
0 5496.0093803105519328 3594.9641327685076249 2000
# Layered model 51495: value=1.37891
12
1.2856407448574469488 309.86351430309520083 150.37523709241045822 2000
0.74447558723242202028 417.64920165466935487 244.86326746484840555 2000
3.9060361888350518811 434.60743401514764628 247.31190013949688478 2000
3.9197025850874194219 484.87775735613541883 317.16069348739807765 2000
4.8841351001146176003 789.54989054673001192 419.06155936008383378 2000
6.004009727336129032 1032.8961765296010071 440.43791049802592852 2000
64.901636583680968329 1118.4785509726837063 587.76609894678790624 2000
64.514573232815081383 1140.9599698472347882 668.93264767782739 2000
119.51559314230857467 1378.4039516702264336 808.1435189034727955 2000
27.013654860137421565 3308.700083250958869 1383.0652785316265181 2000
2212.8618268282370991 5662.5439605433421093 3096.5204677870128762 2000
0 5951.3906116641110202 3778.3434332887322853 2000
# Layered model 49023: value=1.3793
12
0.72190483137095540211 212.30403012019999665 122.0190039947966909 2000
3.7337286003302363468 452.25423861197299402 252.28286933230072009 2000
0.81240052404941742736 461.34454880807362542 281.46401171995017876 2000
15.109639394002599033 551.83611747858083163 350.34271933694122936 2000
11.021744946949240784 1022.6694817124763404 436.07713910695628101 2000
55.530711298122639619 1152.3695695457072361 593.64375993625583305 2000
101.04213352779014201 1223.2635190121686719 717.18633975394197932 2000
66.469078422863987043 1272.9329231707740746 738.91780303482630643 2000
81.228407305589740872 3116.9451483117627504 2059.1957343908311486 2000
72.260655504046326314 5496.0093803105519328 2563.1135889277129536 2000
1510.380445356184282 5662.5439605433421093 3035.5067814792796526 2000
0 5951.3906116641110202 3190.3481344814276781 2000
# Layered model 37807: value=1.3806
12
0.66666700000000000959 225.36500602639395652 138.86900853164090108 2000
1.4883423945775877684 332.21562801246449226 196.72222021325231367 2000
2.9580924618222499412 509.61139605124753871 265.15183113631320566 2000
0.87964069856448645623 535.60669889535267885 301.76751731082049446 2000
3.059368629104331383 634.3213869747961553 364.56803861632556618 2000
18.356748545354037105 673.34493423092078501 398.72269472609860941 2000
44.908387633957609353 1152.3695695457072361 576.18478477285361805 2000
95.21174558327378179 1285.6622524024817267 649.2594374632533345 2000
86.517812231359386033 1750.2072571089975099 1067.7927314845246656 2000
45.609547151915705854 3148.1145997948806325 1156.2665195089414283 2000
287.39420268043795659 3275.9406764860978001 2100.5855686520867494 2000
0 5441.5934458520314365 3524.1291371125453225 2000
# Layered model 30112: value=1.38062
12
0.73641511848151164354 291.90544722835448965 140.25769861695729901 2000
2.226594960739884943 381.87329763487036871 210.91284683560803614 2000
3.5292725093223329402 434.60743401514764628 273.1861967715746573 2000
4.5035829825539783755 660.07737891473470881 330.03868945736735441 2000
8.0961998259459573291 729.13607723265113236 398.72269472609860941 2000
1.446548398464340579 935.06743416450854056 476.93114479560750851 2000
13.409643073385367984 1012.5440412994812505 559.23927548634185314 2000
80.834796710506310546 1187.2875198725116661 617.74807710114521342 2000
146.961623842312747 1876.459073860799208 800.14209792423037015 2000
26.219187266767050914 2995.323022358680646 1342.3895332836000307 2000
106.33048325399602163 5496.0093803105519328 2888.1805470751319262 2000
0 5550.9694741136572702 3222.2516158262415047 2000
# Layered model 41946: value=1.38235
12
0.72912387968466496613 272.26548089724713009 132.12909668982516109 2000
2.3236683679472194264 397.37888483076966395 219.47675417764958183 2000
13.822422109850439398 504.56573866460144018 292.89257926646723718 2000
1.7569039115493829684 686.87916740896230294 301.76751731082049446 2000
13.398428335434466874 880.87582099605185704 532.096981787312302 2000
17.763038377382315502 889.68457920601224487 553.70225295677414579 2000
73.970909229507952887 1140.9599698472347882 570.47998492361739409 2000
135.79111829918690546 1492.6139621303491367 901.62014360332864271 2000
66.242138681650942544 3803.2654250341524858 1920.6490396422470894 2000
36.219770114853645282 4328.4708239356277772 2414.5689438646618328 2000
138.63167399581169548 4549.2663375209731385 3005.4522588903760152 2000
0 5951.3906116641110202 3386.6188321843433187 2000
# Layered model 17320: value=1.38239
12
0.68686767676700000163 306.79555871593584015 122.0190039947966909 2000
3.0381190178237935662 312.96214944612614772 200.67633683953869195 2000
0.90383771402445356458 461.34454880807362542 254.80569802562376935 2000
3.8605112109330805836 525.05313096299641984 320.33230042227205558 2000
11.979942637361144619 743.79171238502738106 386.9963192563130292 2000
10.415710933580189845 846.50434990736948748 486.51746080599923516 2000
131.02482093247681405 1043.2251382948970786 636.4664615853870373 2000
75.412223000406726214 1785.3864229768882979 832.63107566976702856 2000
40.525216272333068446 2289.6366722949333052 1057.2205262223017144 2000
27.832195616054491438 3477.4770402634644597 1721.5232872591411706 2000
287.24161554871000135 4118.3914687816622973 2343.5568284070982372 2000
0 5387.7162830218130694 3489.2367694183617459 2000
# Layered model 43874: value=1.38387
12
0.72912387968466496613 309.86351430309520083 122.0190039947966909 2000
4.2915953962490442919 447.77647387324060446 235.30878711955796234 2000
2.079794577261669275 470.61757423911592468 287.12143835552120663 2000
11.717925598526646169 585.78515853293447435 314.0204886013842156 2000
7.4320178998492671951 863.51908734050743988 333.33907635194100294 2000
3.7262088755697710951 1032.8961765296010071 423.25217495368474374 2000
108.10346240551214692 1107.4045059135482916 689.20197583511321682 2000
111.3477132901771256 1522.6155027691690975 761.30775138458454876 2000
14.934282273099199756 2335.6583694080618443 910.63634503936191322 2000
17.927714730136017351 2738.743125805201089 1015.9681454834116039 2000
249.15937027009550775 5606.4791688547938975 2320.3532954525726382 2000
0 5662.5439605433421093 3489.2367694183617459 2000
