# 60807 2_reports/tar1_ln5_tr2.report
# Layered model 59904: value=0.996729
5
1.3921647015975660011 251.43260366968610242 150.37523709241045822 2000
16.197559739982558824 465.95799429615436793 284.27865183714970954 2000
143.92091881563504785 1152.3695695457072361 636.4664615853870373 2000
168.964846933889703 1681.9147728529294454 1026.1278269382457893 2000
0 5387.7162830218130694 3559.3704284836708212 2000
# Layered model 59660: value=1.03497
5
1.5225900312882763021 244.03800798959338181 151.87898946333456252 2000
18.898533978899124008 465.95799429615436793 307.83304440876798935 2000
192.98142998349700861 1199.160395071236735 675.62197415460570937 2000
123.7154935502616695 2529.1833273698675839 1227.4002099240258303 2000
0 5951.3906116641110202 3489.2367694183617459 2000
# Layered model 58493: value=1.04499
5
1.1991403345956703763 261.64177562341615157 147.41225085031902609 2000
16.566481351400252464 452.25423861197299402 287.12143835552120663 2000
118.61032944506571596 1211.1519990219492229 636.4664615853870373 2000
187.58786632909408354 1568.7522751185776997 947.61183229970356479 2000
0 5229.2643441303198415 3420.4850205061870838 2000
# Layered model 58382: value=1.04752
5
1.3378429145180461557 251.43260366968610242 147.41225085031902609 2000
17.334004023738177835 470.61757423911592468 289.99265273907644769 2000
166.98047264933353517 1175.5321978935758125 655.75203183788585193 2000
172.20528101157498213 1839.4854169795112284 1203.2155768297477607 2000
0 5441.5934458520314365 3524.1291371125453225 2000
# Layered model 56813: value=1.04964
5
1.4201472120996772031 239.22949513733300364 154.93175715154760042 2000
16.169577229480445624 456.77678099809264722 287.12143835552120663 2000
139.17091468932937914 1096.4401048648992401 630.16481345087822774 2000
163.995615780135779 1821.2726900787238264 1046.7529962597045596 2000
0 5229.2643441303198415 3420.4850205061870838 2000
# Layered model 55171: value=1.05056
5
1.4925889925382573864 256.48639900344682019 150.37523709241045822 2000
18.526158199097274348 461.34454880807362542 304.78519248392871077 2000
153.14252318596857094 1223.2635190121686719 682.37819389615174259 2000
163.95677716634199328 1698.7339205814587331 1046.7529962597045596 2000
0 5662.5439605433421093 3420.4850205061870838 2000
# Layered model 56773: value=1.05317
5
1.4486921710628808402 241.62179008870637631 145.95272361417724483 2000
16.316929514933043777 480.0769874813221918 292.89257926646723718 2000
100.87640573882430317 1152.3695695457072361 623.92555787215667351 2000
189.59842891461414638 1492.6139621303491367 875.10362855449875497 2000
0 5177.4894496339802572 3319.889062037392705 2000
# Layered model 46107: value=1.05479
5
1.5075148824636399603 239.22949513733300364 154.93175715154760042 2000
18.51123230917189133 465.95799429615436793 298.77972010972325734 2000
171.25902333177782566 1247.851115744313347 668.93264767782739 2000
135.92568511134393816 1972.1773452290383375 1078.4706587993698577 2000
0 5550.9694741136572702 3386.6188321843433187 2000
# Layered model 53454: value=1.05618
5
2.4304548060022961309 286.15375671831628779 171.14104687843510533 2000
18.401133796789874708 480.0769874813221918 314.0204886013842156 2000
128.3207806975720473 1129.6633364824106138 655.75203183788585193 2000
171.60388561068106128 2031.9362909668232078 947.61183229970356479 2000
0 5550.9694741136572702 3420.4850205061870838 2000
# Layered model 60438: value=1.05841
5
1.8578491911020180716 259.05126299348131624 164.46318218438835856 2000
19.819585443633812361 470.61757423911592468 310.91137485285565845 2000
175.39624361330749025 1285.6622524024817267 703.05493554939903333 2000
117.36241126381369781 1522.6155027691690975 928.94013557465291342 2000
0 5387.7162830218130694 3559.3704284836708212 2000
# Layered model 55288: value=1.06048
5
1.1073859804009278385 244.03800798959338181 138.86900853164090108 2000
17.196551808302359632 447.77647387324060446 292.89257926646723718 2000
176.81851592223068792 1223.2635190121686719 675.62197415460570937 2000
152.21060779164125165 1914.1759012454012918 1239.6742120232661364 2000
0 5606.4791688547938975 3420.4850205061870838 2000
# Layered model 57746: value=1.06051
5
1.4631790927735097707 269.56978306658129441 147.41225085031902609 2000
14.943074471211650334 443.343043438852078 281.46401171995017876 2000
156.75501681361893702 1118.4785509726837063 655.75203183788585193 2000
163.95677716634199328 1914.1759012454012918 1046.7529962597045596 2000
0 5126.2271778554259072 3386.6188321843433187 2000
# Layered model 60413: value=1.06101
5
1.6652342935560080495 244.03800798959338181 154.93175715154760042 2000
18.553700369995876684 470.61757423911592468 307.83304440876798935 2000
142.9068150262354493 1247.851115744313347 682.37819389615174259 2000
170.65449540322859434 1698.7339205814587331 976.32541843021692785 2000
0 5892.4659521426838182 3386.6188321843433187 2000
# Layered model 59915: value=1.06182
5
1.3378429145180461557 286.15375671831628779 148.88637335882222601 2000
14.905972495368253306 438.95350835529916367 273.1861967715746573 2000
153.5054938515626759 1140.9599698472347882 649.2594374632533345 2000
157.45414637330830487 1715.7212597872733113 1078.4706587993698577 2000
0 5229.2643441303198415 3386.6188321843433187 2000
# Layered model 57504: value=1.0619
5
1.4925889925382573864 246.47838806948934121 151.87898946333456252 2000
18.928535017649146255 480.0769874813221918 304.78519248392871077 2000
222.45088871732713187 1247.851115744313347 689.20197583511321682 2000
14.822345706410629873 3086.0843052591712876 724.35820315148146165 2000
0 5229.2643441303198415 3420.4850205061870838 2000
# Layered model 50607: value=1.06238
5
2.2222616201431910632 277.73801706328180217 166.10781400623224613 2000
17.796485571492340227 480.0769874813221918 307.83304440876798935 2000
220.44859214253727941 1199.160395071236735 675.62197415460570937 2000
27.690443406547075256 3375.2049549243033653 976.32541843021692785 2000
0 5550.9694741136572702 3524.1291371125453225 2000
# Layered model 59618: value=1.06273
5
1.2856407448574469488 272.26548089724713009 141.66027560312687683 2000
15.120612819127712712 434.60743401514764628 284.27865183714970954 2000
163.78605876764390814 1152.3695695457072361 642.83112620124086334 2000
134.24377718022793715 2222.2987964632989133 1057.2205262223017144 2000
0 5126.2271778554259072 3287.0188733043487446 2000
# Layered model 52364: value=1.06386
5
1.6324225993098793186 241.62179008870637631 151.87898946333456252 2000
16.854554567280441546 470.61757423911592468 298.77972010972325734 2000
194.9155768270940996 1187.2875198725116661 668.93264767782739 2000
44.291804440240753138 3582.8480720604884482 910.63634503936191322 2000
0 5281.5569875716228125 3454.6898707112491138 2000
# Layered model 59212: value=1.06503
5
1.4201472120996772031 234.51572898473969531 154.93175715154760042 2000
15.652266035660074905 456.77678099809264722 292.89257926646723718 2000
115.29274133431059113 1129.6633364824106138 623.92555787215667351 2000
182.0709349297866595 1821.2726900787238264 928.94013557465291342 2000
0 5229.2643441303198415 3386.6188321843433187 2000
# Layered model 55266: value=1.06575
5
1.5378159316011590363 261.64177562341615157 154.93175715154760042 2000
15.877752822438566227 470.61757423911592468 289.99265273907644769 2000
142.49595922340105858 1129.6633364824106138 655.75203183788585193 2000
136.30149193916932404 1553.2200743748294371 976.32541843021692785 2000
0 5075.4724533222042737 3319.889062037392705 2000
# Layered model 53274: value=1.06597
5
1.2478302407329964208 248.9431719501842224 147.41225085031902609 2000
15.995307139504353344 465.95799429615436793 289.99265273907644769 2000
121.87397036855861643 1163.8932652411642721 623.92555787215667351 2000
181.63914716224931567 1600.2841958484607403 1005.9090549340709231 2000
0 5229.2643441303198415 3454.6898707112491138 2000
# Layered model 49473: value=1.067
5
1.1409408829930562934 241.62179008870637631 141.66027560312687683 2000
18.877806308642472999 443.343043438852078 289.99265273907644769 2000
132.13158473166603812 1199.160395071236735 682.37819389615174259 2000
181.62991316971437072 1698.7339205814587331 947.61183229970356479 2000
0 5387.7162830218130694 3489.2367694183617459 2000
# Layered model 48676: value=1.0672
5
1.4486921710628808402 236.86088627458710221 151.87898946333456252 2000
17.223154767193342707 456.77678099809264722 298.77972010972325734 2000
130.48052236210799038 1129.6633364824106138 630.16481345087822774 2000
168.42808110661133014 1767.7093296800874214 966.65883012892766146 2000
0 5229.2643441303198415 3454.6898707112491138 2000
# Layered model 59998: value=1.06742
5
1.260308543140326476 234.51572898473969531 153.39777935796792008 2000
17.043629245562961216 456.77678099809264722 289.99265273907644769 2000
133.84639413459828461 1107.4045059135482916 668.93264767782739 2000
181.62991316971437072 2093.5059925194091193 947.61183229970356479 2000
0 5334.3725574473392044 3489.2367694183617459 2000
# Layered model 58855: value=1.06785
5
1.4486921710628808402 264.25819337965032219 148.88637335882222601 2000
15.966876582976844645 461.34454880807362542 292.89257926646723718 2000
145.71018093574761565 1022.6694817124763404 623.92555787215667351 2000
248.22233421004077059 2504.1419082869974773 1383.0652785316265181 2000
0 5126.2271778554259072 3353.0879526577659817 2000
# Layered model 59145: value=1.06844
5
1.6324225993098793186 253.94692970638300267 153.39777935796792008 2000
17.41472846240529293 470.61757423911592468 295.82150505913193683 2000
194.35540293196925177 1298.518874926506669 662.30955215626477184 2000
117.07293619742046076 2031.9362909668232078 1264.591663684933792 2000
0 5334.3725574473392044 3489.2367694183617459 2000
# Layered model 60124: value=1.06867
5
1.6324225993098793186 234.51572898473969531 153.39777935796792008 2000
17.41472846240529293 465.95799429615436793 301.76751731082049446 2000
155.84573201966497891 1211.1519990219492229 662.30955215626477184 2000
179.42157295739684741 1767.7093296800874214 1036.3891052076282904 2000
0 5550.9694741136572702 3386.6188321843433187 2000
# Layered model 50010: value=1.06873
5
1.2111317379416270956 246.47838806948934121 143.07687835915814389 2000
16.378592703638496175 434.60743401514764628 281.46401171995017876 2000
181.45469058894360614 1085.5842622424745514 689.20197583511321682 2000
82.792109642505181455 3879.7110600773389706 816.22495409250768716 2000
0 5892.4659521426838182 3594.9641327685076249 2000
# Layered model 47581: value=1.07013
5
1.4201472120996772031 244.03800798959338181 151.87898946333456252 2000
16.523130690756204331 480.0769874813221918 287.12143835552120663 2000
175.24727032579158958 1129.6633364824106138 668.93264767782739 2000
47.165632478846475806 3618.6765527810935055 717.18633975394197932 2000
0 5387.7162830218130694 3489.2367694183617459 2000
# Layered model 47413: value=1.07044
5
1.477810883701244915 266.90077531344684303 154.93175715154760042 2000
16.644899798183196538 456.77678099809264722 287.12143835552120663 2000
138.6379284490250825 1175.5321978935758125 675.62197415460570937 2000
139.4523807857005977 1463.2035703659926185 910.63634503936191322 2000
0 5075.4724533222042737 3353.0879526577659817 2000
# Layered model 59465: value=1.07117
5
1.4925889925382573864 272.26548089724713009 153.39777935796792008 2000
16.273032693457665232 456.77678099809264722 295.82150505913193683 2000
137.44293190896399892 1175.5321978935758125 675.62197415460570937 2000
141.00446632165019878 1492.6139621303491367 866.43923619257304836 2000
0 5177.4894496339802572 3287.0188733043487446 2000
# Layered model 60381: value=1.07204
5
1.5687260318263422931 236.86088627458710221 156.48107472306307386 2000
19.05660921846293121 480.0769874813221918 307.83304440876798935 2000
217.46113933800063478 1152.3695695457072361 689.20197583511321682 2000
14.530286938937990726 3512.2518106660995727 849.36696029072936653 2000
0 5229.2643441303198415 3454.6898707112491138 2000
# Layered model 53242: value=1.07239
5
1.7156925578850485969 269.56978306658129441 156.48107472306307386 2000
15.356720689874702401 452.25423861197299402 289.99265273907644769 2000
185.97279452487751428 1163.8932652411642721 649.2594374632533345 2000
42.142132167077306804 2430.4954651960906631 840.95738642646472272 2000
0 5387.7162830218130694 3287.0188733043487446 2000
# Layered model 57150: value=1.07243
5
1.2232430553210433821 239.22949513733300364 150.37523709241045822 2000
18.401055730715160763 447.77647387324060446 292.89257926646723718 2000
125.14152139696295762 1163.8932652411642721 655.75203183788585193 2000
179.1979972771565599 1632.4499081850153743 957.08795062270064591 2000
0 5177.4894496339802572 3420.4850205061870838 2000
# Layered model 56303: value=1.07264
5
1.991865796663885968 256.48639900344682019 161.22260776824660411 2000
20.791335864829292746 480.0769874813221918 317.16069348739807765 2000
180.26200611114410322 1298.518874926506669 724.35820315148146165 2000
162.00533059857067997 1933.3176602578553229 1133.4835011361055876 2000
0 5496.0093803105519328 3489.2367694183617459 2000
# Layered model 52509: value=1.07264
5
1.7853565556623387511 244.03800798959338181 158.04588547029371171 2000
18.233390635973190541 475.32374998150709189 307.83304440876798935 2000
206.51236406237845245 1211.1519990219492229 668.93264767782739 2000
81.709345085420409305 2200.2958380824743472 1239.6742120232661364 2000
0 5892.4659521426838182 3524.1291371125453225 2000
# Layered model 59752: value=1.07279
5
1.5225900312882763021 259.05126299348131624 154.93175715154760042 2000
18.297951742608287162 456.77678099809264722 301.76751731082049446 2000
165.83177781369320769 1187.2875198725116661 675.62197415460570937 2000
151.46572795635631792 1750.2072571089975099 1067.7927314845246656 2000
0 5662.5439605433421093 3353.0879526577659817 2000
# Layered model 57190: value=1.07316
5
1.648746825302978225 241.62179008870637631 158.04588547029371171 2000
17.398404236412194024 480.0769874813221918 298.77972010972325734 2000
203.02040236835438236 1175.5321978935758125 675.62197415460570937 2000
62.587336489689676 3618.6765527810935055 1122.2608922139659171 2000
0 5719.1694001487758214 3703.8951409555261307 2000
# Layered model 56033: value=1.07344
5
1.3114821238290816918 269.56978306658129441 144.50764714274973244 2000
15.931655256408268073 465.95799429615436793 281.46401171995017876 2000
131.90923192012687082 1152.3695695457072361 675.62197415460570937 2000
138.34906951859261426 1434.3726795078839586 824.38720363343270492 2000
0 5126.2271778554259072 3353.0879526577659817 2000
# Layered model 60379: value=1.07412
5
1.4201472120996772031 244.03800798959338181 151.87898946333456252 2000
16.169577229480445624 452.25423861197299402 287.12143835552120663 2000
140.73852108063846345 1163.8932652411642721 649.2594374632533345 2000
149.91221081721579367 1698.7339205814587331 966.65883012892766146 2000
0 5126.2271778554259072 3353.0879526577659817 2000
# Layered model 57072: value=1.07444
5
1.6652342935560080495 269.56978306658129441 153.39777935796792008 2000
18.960100956733267452 484.87775735613541883 307.83304440876798935 2000
133.04649999224528756 1223.2635190121686719 642.83112620124086334 2000
183.44621230141152068 1681.9147728529294454 1046.7529962597045596 2000
0 5496.0093803105519328 3454.6898707112491138 2000
# Layered model 55464: value=1.07552
5
2.0522213221685983164 256.48639900344682019 164.46318218438835856 2000
17.185401250163724995 484.87775735613541883 310.91137485285565845 2000
196.29895696128895111 1211.1519990219492229 655.75203183788585193 2000
44.734722484643128837 2335.6583694080618443 1156.2665195089414283 2000
0 5496.0093803105519328 3559.3704284836708212 2000
# Layered model 55881: value=1.07801
5
1.3378429145180461557 248.9431719501842224 147.41225085031902609 2000
18.680904277117484469 484.87775735613541883 292.89257926646723718 2000
173.17180103701196003 1140.9599698472347882 689.20197583511321682 2000
80.357205945160870897 1584.4397978697634244 883.85466484004371068 2000
0 5334.3725574473392044 3454.6898707112491138 2000
# Layered model 56743: value=1.07823
5
1.3512213436632265484 234.51572898473969531 151.87898946333456252 2000
17.320625594592996777 475.32374998150709189 289.99265273907644769 2000
165.14233087123858468 1107.4045059135482916 675.62197415460570937 2000
66.301427663008041691 3341.7870840834689261 753.77005087582631404 2000
0 5496.0093803105519328 3594.9641327685076249 2000
# Layered model 60760: value=1.07832
5
1.3245969450673724666 234.51572898473969531 150.37523709241045822 2000
16.090971808972351909 461.34454880807362542 295.82150505913193683 2000
150.65305427709787978 1152.3695695457072361 630.16481345087822774 2000
152.68763187990768415 1767.7093296800874214 1122.2608922139659171 2000
0 5229.2643441303198415 3454.6898707112491138 2000
# Layered model 56126: value=1.07834
5
1.6652342935560080495 253.94692970638300267 159.62634432499663717 2000
17.381916768159165088 465.95799429615436793 304.78519248392871077 2000
192.24250635777434582 1235.4961542022904268 655.75203183788585193 2000
62.258096754318842159 2222.2987964632989133 1167.8291847040309221 2000
0 5550.9694741136572702 3254.4741319845038561 2000
# Layered model 59315: value=1.07849
5
1.4486921710628808402 248.9431719501842224 150.37523709241045822 2000
18.770242492489003894 447.77647387324060446 295.82150505913193683 2000
151.22786769051157307 1247.851115744313347 696.09399559346434216 2000
175.8862591485117548 1732.8784723851460967 966.65883012892766146 2000
0 5719.1694001487758214 3420.4850205061870838 2000
# Layered model 59411: value=1.08078
5
1.9721443531325604237 259.05126299348131624 164.46318218438835856 2000
19.705290281603272007 480.0769874813221918 317.16069348739807765 2000
171.51311359391166889 1311.5040636757717039 703.05493554939903333 2000
137.28494196245739545 1698.7339205814587331 1046.7529962597045596 2000
0 5496.0093803105519328 3524.1291371125453225 2000
# Layered model 55806: value=1.0809
5
1.5378159316011590363 239.22949513733300364 153.39777935796792008 2000
18.086482854435043777 480.0769874813221918 301.76751731082049446 2000
204.66393017833405565 1163.8932652411642721 649.2594374632533345 2000
13.688187577702962017 5441.5934458520314365 840.95738642646472272 2000
0 5606.4791688547938975 3559.3704284836708212 2000
# Layered model 58778: value=1.08184
5
1.6987055028564836956 266.90077531344684303 161.22260776824660411 2000
16.424005179027957979 452.25423861197299402 289.99265273907644769 2000
212.96167590833522354 1298.518874926506669 682.37819389615174259 2000
86.496063816755906828 2011.8181098681418462 1277.2375803217830708 2000
0 5441.5934458520314365 3420.4850205061870838 2000
# Layered model 50857: value=1.08189
5
1.364733557099858885 269.56978306658129441 148.88637335882222601 2000
15.041520006885301441 434.60743401514764628 281.46401171995017876 2000
207.88197540038510169 1298.518874926506669 662.30955215626477184 2000
68.991988774847641253 2289.6366722949333052 1497.661511179340323 2000
0 5229.2643441303198415 3386.6188321843433187 2000
# Layered model 58090: value=1.0819
5
1.1638737947412167717 251.43260366968610242 144.50764714274973244 2000
17.507973143515005887 475.32374998150709189 284.27865183714970954 2000
154.48942343934788823 1053.6573896778461403 682.37819389615174259 2000
74.47794296150763671 4594.7590008961833519 710.08548490489306459 2000
0 5496.0093803105519328 3489.2367694183617459 2000
# Layered model 59746: value=1.08206
5
1.648746825302978225 244.03800798959338181 154.93175715154760042 2000
17.781251972752667001 465.95799429615436793 298.77972010972325734 2000
179.61441623246810195 1211.1519990219492229 662.30955215626477184 2000
85.610474889235490537 2072.7782104152565807 1067.7927314845246656 2000
0 5550.9694741136572702 3353.0879526577659817 2000
# Layered model 49572: value=1.08265
5
1.2354754858742538204 246.47838806948934121 150.37523709241045822 2000
15.836937761885497622 461.34454880807362542 289.99265273907644769 2000
152.67689601368923036 1163.8932652411642721 655.75203183788585193 2000
174.14481103813042751 1839.4854169795112284 1015.9681454834116039 2000
0 5387.7162830218130694 3559.3704284836708212 2000
# Layered model 59262: value=1.08373
5
1.3378429145180461557 244.03800798959338181 143.07687835915814389 2000
18.881091749033839022 452.25423861197299402 295.82150505913193683 2000
151.22786769051157307 1187.2875198725116661 675.62197415460570937 2000
124.76621756254664319 1553.2200743748294371 883.85466484004371068 2000
0 5387.7162830218130694 3420.4850205061870838 2000
# Layered model 59503: value=1.08387
5
1.3783808926708573939 261.64177562341615157 145.95272361417724483 2000
16.037187861368867203 452.25423861197299402 295.82150505913193683 2000
206.87266021033053676 1324.6191043125295437 675.62197415460570937 2000
96.468025946675027171 1821.2726900787238264 1191.302551316581912 2000
0 5334.3725574473392044 3489.2367694183617459 2000
# Layered model 53839: value=1.08398
5
1.434348684220674075 236.86088627458710221 147.41225085031902609 2000
17.995650113834972927 456.77678099809264722 295.82150505913193683 2000
137.33064033285387495 1096.4401048648992401 675.62197415460570937 2000
114.07872143721755265 1857.8802711493058268 768.9208288984302726 2000
0 5281.5569875716228125 3254.4741319845038561 2000
# Layered model 47490: value=1.08405
5
1.5687260318263422931 251.43260366968610242 150.37523709241045822 2000
16.374551871029538574 461.34454880807362542 301.76751731082049446 2000
204.12427552721368329 1311.5040636757717039 668.93264767782739 2000
92.368536081787453895 2135.5854629690493312 1396.8959313169427787 2000
0 5281.5569875716228125 3420.4850205061870838 2000
# Layered model 55459: value=1.08409
5
1.3114821238290816918 251.43260366968610242 144.50764714274973244 2000
14.454605077761812026 470.61757423911592468 281.46401171995017876 2000
127.56640802910135335 1272.9329231707740746 611.63175950608433595 2000
180.63132222946347838 1616.287037806945591 947.61183229970356479 2000
0 5334.3725574473392044 3454.6898707112491138 2000
# Layered model 60027: value=1.08442
5
1.4201472120996772031 244.03800798959338181 147.41225085031902609 2000
17.066829954490643217 480.0769874813221918 295.82150505913193683 2000
205.80125179777994049 1235.4961542022904268 668.93264767782739 2000
28.328532562857645871 3547.3743287727602365 1078.4706587993698577 2000
0 5281.5569875716228125 3454.6898707112491138 2000
# Layered model 60439: value=1.08527
5
1.3378429145180461557 241.62179008870637631 145.95272361417724483 2000
16.605434988337837154 484.87775735613541883 289.99265273907644769 2000
169.56556488060977017 1118.4785509726837063 668.93264767782739 2000
52.84733792402829522 4594.7590008961833519 689.20197583511321682 2000
0 5281.5569875716228125 3420.4850205061870838 2000
# Layered model 50903: value=1.08533
5
2.0117844546305247988 264.25819337965032219 161.22260776824660411 2000
22.414891480839479243 480.0769874813221918 317.16069348739807765 2000
178.61853183716726789 1298.518874926506669 710.08548490489306459 2000
140.84891252694214359 1715.7212597872733113 1057.2205262223017144 2000
0 5496.0093803105519328 3524.1291371125453225 2000
# Layered model 54180: value=1.08577
5
1.3512213436632265484 232.1937910739997335 145.95272361417724483 2000
15.721191904096524894 465.95799429615436793 289.99265273907644769 2000
157.82046983362039327 1064.193963574624604 675.62197415460570937 2000
67.866859433188750472 3654.8633183089041268 703.05493554939903333 2000
0 5662.5439605433421093 3386.6188321843433187 2000
# Layered model 57013: value=1.08601
5
1.8951919598431685721 261.64177562341615157 159.62634432499663717 2000
17.925349814053397779 504.56573866460144018 307.83304440876798935 2000
177.25313647414674278 1298.518874926506669 696.09399559346434216 2000
153.73271386955767071 1715.7212597872733113 1067.7927314845246656 2000
0 5334.3725574473392044 3524.1291371125453225 2000
# Layered model 52176: value=1.08632
5
1.5378159316011590363 286.15375671831628779 158.04588547029371171 2000
16.051908509978964901 452.25423861197299402 289.99265273907644769 2000
204.47782898848942068 1211.1519990219492229 649.2594374632533345 2000
68.308899777076874216 3179.5957457928293479 1773.6871643863801182 2000
0 5441.5934458520314365 3287.0188733043487446 2000
# Layered model 57330: value=1.08677
5
1.3512213436632265484 241.62179008870637631 148.88637335882222601 2000
18.078777454392419344 452.25423861197299402 295.82150505913193683 2000
233.30359156296705692 1199.160395071236735 717.18633975394197932 2000
18.105770207104370684 4640.7065909051452763 857.86062989363665565 2000
0 5177.4894496339802572 3386.6188321843433187 2000
# Layered model 55181: value=1.08704
5
1.5687260318263422931 248.9431719501842224 148.88637335882222601 2000
17.103120906429879255 456.77678099809264722 301.76751731082049446 2000
201.19701784399086364 1247.851115744313347 689.20197583511321682 2000
48.288917958472808323 1463.2035703659926185 761.30775138458454876 2000
0 5662.5439605433421093 3454.6898707112491138 2000
# Layered model 56807: value=1.08768
5
2.312494353190101215 266.90077531344684303 169.44658106775753481 2000
21.395796656398363922 480.0769874813221918 317.16069348739807765 2000
179.33691676304880502 1351.2439483092114187 703.05493554939903333 2000
137.44402024674829477 1648.7744072668654098 1046.7529962597045596 2000
0 5496.0093803105519328 3420.4850205061870838 2000
# Layered model 52574: value=1.08818
5
1.3921647015975660011 274.98813570621962299 147.41225085031902609 2000
14.851650708288733682 434.60743401514764628 284.27865183714970954 2000
143.66771256755447439 1129.6633364824106138 642.83112620124086334 2000
183.98259232213862902 1952.6508368604338557 1133.4835011361055876 2000
0 5126.2271778554259072 3386.6188321843433187 2000
# Layered model 60219: value=1.0887
5
1.6652342935560080495 244.03800798959338181 159.62634432499663717 2000
17.006612644700215498 475.32374998150709189 304.78519248392871077 2000
194.73070705542818359 1175.5321978935758125 642.83112620124086334 2000
39.214207533543486761 2200.2958380824743472 1089.255365387363554 2000
0 5441.5934458520314365 3524.1291371125453225 2000
# Layered model 60268: value=1.08951
5
1.1872676580155152593 225.36500602639395652 143.07687835915814389 2000
16.935443023868927526 456.77678099809264722 284.27865183714970954 2000
122.3855681443994996 1211.1519990219492229 655.75203183788585193 2000
199.98094919310162254 1715.7212597872733113 928.94013557465291342 2000
0 5177.4894496339802572 3420.4850205061870838 2000
# Layered model 57008: value=1.08979
5
1.9526181714183765692 272.26548089724713009 166.10781400623224613 2000
17.285004400913948075 465.95799429615436793 304.78519248392871077 2000
196.29895696128895111 1187.2875198725116661 642.83112620124086334 2000
47.337435504825776889 2504.1419082869974773 1396.8959313169427787 2000
0 5776.3610941502638525 3489.2367694183617459 2000
# Layered model 55093: value=1.09016
5
2.2222616201431910632 289.01529428549946488 167.7688921462945757 2000
18.403073630146085549 475.32374998150709189 314.0204886013842156 2000
182.41987252234798689 1337.86529535565478 703.05493554939903333 2000
140.84891252694214359 1715.7212597872733113 1057.2205262223017144 2000
0 5441.5934458520314365 3454.6898707112491138 2000
# Layered model 58455: value=1.0904
5
2.2669290787080691452 274.98813570621962299 162.83483384592906873 2000
17.163069719347575415 480.0769874813221918 307.83304440876798935 2000
142.08064445915954366 1199.160395071236735 630.16481345087822774 2000
165.69281237754211134 1665.2621513395340571 1057.2205262223017144 2000
0 5441.5934458520314365 3420.4850205061870838 2000
# Layered model 50158: value=1.0907
5
1.4925889925382573864 277.73801706328180217 148.88637335882222601 2000
17.745033579794068146 461.34454880807362542 292.89257926646723718 2000
159.17060745898356799 1187.2875198725116661 642.83112620124086334 2000
132.91463087151282707 1600.2841958484607403 1015.9681454834116039 2000
0 5334.3725574473392044 3454.6898707112491138 2000
# Layered model 52219: value=1.091
5
1.6652342935560080495 251.43260366968610242 161.22260776824660411 2000
16.278043609299874817 470.61757423911592468 295.82150505913193683 2000
183.09158127797309135 1351.2439483092114187 675.62197415460570937 2000
98.140290934947216783 1378.4039516702264336 901.62014360332864271 2000
0 5892.4659521426838182 3559.3704284836708212 2000
# Layered model 58245: value=1.09174
5
1.1991403345956703763 259.05126299348131624 148.88637335882222601 2000
16.744137568260210713 461.34454880807362542 281.46401171995017876 2000
134.2070540204456961 1152.3695695457072361 649.2594374632533345 2000
126.89573210940034187 1568.7522751185776997 808.1435189034727955 2000
0 5177.4894496339802572 3420.4850205061870838 2000
# Layered model 54020: value=1.09186
5
1.8951919598431685721 261.64177562341615157 161.22260776824660411 2000
17.534806838212478652 465.95799429615436793 301.76751731082049446 2000
202.63755463201391649 1129.6633364824106138 689.20197583511321682 2000
35.626805003855622545 1698.7339205814587331 724.35820315148146165 2000
0 5719.1694001487758214 3454.6898707112491138 2000
# Layered model 54810: value=1.09208
5
1.2856407448574469488 264.25819337965032219 150.37523709241045822 2000
16.657637157998436805 443.343043438852078 287.12143835552120663 2000
197.59330163076538156 1235.4961542022904268 649.2594374632533345 2000
34.579025938881585489 2200.2958380824743472 1122.2608922139659171 2000
0 5075.4724533222042737 3222.2516158262415047 2000
# Layered model 57223: value=1.09307
5
0.94440230955509751887 229.89484264752448439 130.82088781170807579 2000
14.358006599677148429 426.04395060792825234 273.1861967715746573 2000
177.88813931941524515 1187.2875198725116661 655.75203183788585193 2000
67.080753789616920812 2011.8181098681418462 910.63634503936191322 2000
0 5387.7162830218130694 3353.0879526577659817 2000
# Layered model 55373: value=1.09315
5
1.5531940909171706444 251.43260366968610242 151.87898946333456252 2000
19.27839451187499975 461.34454880807362542 298.77972010972325734 2000
143.92541858389304821 1107.4045059135482916 696.09399559346434216 2000
111.52622452886120641 1537.8416577968605452 832.63107566976702856 2000
0 5229.2643441303198415 3254.4741319845038561 2000
# Layered model 56509: value=1.09338
5
1.3114821238290816918 248.9431719501842224 148.88637335882222601 2000
16.631795779026802506 452.25423861197299402 278.67723932668332054 2000
141.96825007458488699 1175.5321978935758125 662.30955215626477184 2000
136.30149193916932404 1434.3726795078839586 928.94013557465291342 2000
0 5126.2271778554259072 3353.0879526577659817 2000
# Layered model 59293: value=1.09389
5
1.5378159316011590363 261.64177562341615157 153.39777935796792008 2000
18.883308078586242829 456.77678099809264722 301.76751731082049446 2000
215.30805875049566112 1260.3296269017564555 703.05493554939903333 2000
66.437718856250882027 1681.9147728529294454 1057.2205262223017144 2000
0 5496.0093803105519328 3524.1291371125453225 2000
# Layered model 56267: value=1.09396
5
1.2984971523060213627 244.03800798959338181 147.41225085031902609 2000
17.56006825533276583 443.343043438852078 287.12143835552120663 2000
123.05479620690798015 1247.851115744313347 642.83112620124086334 2000
191.86688347846916258 1648.7744072668654098 938.22953693039960399 2000
0 5606.4791688547938975 3630.9137740961928102 2000
# Layered model 53934: value=1.09403
5
1.4486921710628808402 246.47838806948934121 151.87898946333456252 2000
17.038284995527440913 470.61757423911592468 295.82150505913193683 2000
152.95982518747314316 1032.8961765296010071 682.37819389615174259 2000
88.824499664200942561 3618.6765527810935055 717.18633975394197932 2000
0 5496.0093803105519328 3287.0188733043487446 2000
# Layered model 52062: value=1.09408
5
1.2729116285717296808 236.86088627458710221 141.66027560312687683 2000
15.630467824655745801 456.77678099809264722 289.99265273907644769 2000
127.86244072977169139 1064.193963574624604 623.92555787215667351 2000
172.81463022397639406 1568.7522751185776997 947.61183229970356479 2000
0 5441.5934458520314365 3420.4850205061870838 2000
# Layered model 51348: value=1.09409
5
1.3512213436632265484 248.9431719501842224 147.41225085031902609 2000
17.507344063975558868 456.77678099809264722 298.77972010972325734 2000
182.17629377319019568 1260.3296269017564555 682.37819389615174259 2000
149.77153293677199031 2135.5854629690493312 1144.8183361474666526 2000
0 5550.9694741136572702 3386.6188321843433187 2000
# Layered model 55303: value=1.09409
5
1.2232430553210433821 236.86088627458710221 148.88637335882222601 2000
18.597298718575522969 461.34454880807362542 289.99265273907644769 2000
175.30191193703740282 1260.3296269017564555 675.62197415460570937 2000
141.99559383301212279 1715.7212597872733113 1067.7927314845246656 2000
0 5550.9694741136572702 3386.6188321843433187 2000
# Layered model 54440: value=1.09414
5
1.3245969450673724666 241.62179008870637631 147.41225085031902609 2000
16.265127496512750582 452.25423861197299402 275.91805873929041582 2000
128.623753943249028 1152.3695695457072361 655.75203183788585193 2000
194.275749634556405 1767.7093296800874214 966.65883012892766146 2000
0 5951.3906116641110202 3594.9641327685076249 2000
# Layered model 49928: value=1.09435
5
1.6324225993098793186 241.62179008870637631 154.93175715154760042 2000
17.797576198745765907 489.7265349296968111 298.77972010972325734 2000
221.03734053611717059 1260.3296269017564555 696.09399559346434216 2000
35.815892381373629405 3179.5957457928293479 1057.2205262223017144 2000
0 5441.5934458520314365 3420.4850205061870838 2000
# Layered model 58935: value=1.09483
5
2.0319022991768300734 280.51539723391459802 166.10781400623224613 2000
17.592396486859371407 494.62380027899376955 301.76751731082049446 2000
158.78393124527968894 1285.6622524024817267 696.09399559346434216 2000
165.48589026826351756 1681.9147728529294454 995.94955934066422287 2000
0 5496.0093803105519328 3454.6898707112491138 2000
# Layered model 57485: value=1.09564
5
1.477810883701244915 244.03800798959338181 150.37523709241045822 2000
15.937757870338479904 470.61757423911592468 284.27865183714970954 2000
118.96038237702191509 1235.4961542022904268 630.16481345087822774 2000
221.48164946810311449 1732.8784723851460967 1015.9681454834116039 2000
0 5281.5569875716228125 3454.6898707112491138 2000
# Layered model 60653: value=1.09577
5
1.648746825302978225 244.03800798959338181 153.39777935796792008 2000
17.588875747029344865 470.61757423911592468 292.89257926646723718 2000
187.88879387653494746 1187.2875198725116661 682.37819389615174259 2000
48.016512693632904529 3547.3743287727602365 768.9208288984302726 2000
0 5229.2643441303198415 3454.6898707112491138 2000
# Layered model 57093: value=1.09603
5
2.1784742869749935679 272.26548089724713009 169.44658106775753481 2000
20.155808294627966859 499.57003828178363847 317.16069348739807765 2000
195.35766274735453862 1285.6622524024817267 689.20197583511321682 2000
93.630915573871220658 1715.7212597872733113 1133.4835011361055876 2000
0 5387.7162830218130694 3489.2367694183617459 2000
# Layered model 48856: value=1.09652
5
1.7328494834638989985 239.22949513733300364 154.93175715154760042 2000
18.486085180087986402 480.0769874813221918 307.83304440876798935 2000
204.0692943008183704 1223.2635190121686719 682.37819389615174259 2000
38.585786074076793284 3179.5957457928293479 816.22495409250768716 2000
0 5229.2643441303198415 3420.4850205061870838 2000
# Layered model 57143: value=1.09673
5
1.5225900312882763021 256.48639900344682019 153.39777935796792008 2000
18.297951742608287162 480.0769874813221918 298.77972010972325734 2000
202.2470116561729867 1247.851115744313347 696.09399559346434216 2000
108.40793676103533016 1991.8991186813284457 1203.2155768297477607 2000
0 5441.5934458520314365 3353.0879526577659817 2000
# Layered model 59685: value=1.09682
5
1.3783808926708573939 234.51572898473969531 148.88637335882222601 2000
19.661523596149233839 484.87775735613541883 292.89257926646723718 2000
162.77427332067472321 1074.8359032103708159 696.09399559346434216 2000
106.56227539765160373 2031.9362909668232078 883.85466484004371068 2000
0 5334.3725574473392044 3524.1291371125453225 2000
# Layered model 60455: value=1.09695
5
1.1991403345956703763 259.05126299348131624 144.50764714274973244 2000
17.472706603660551394 452.25423861197299402 292.89257926646723718 2000
168.83699584520945791 1260.3296269017564555 682.37819389615174259 2000
203.87474471000288645 2011.8181098681418462 1191.302551316581912 2000
0 5550.9694741136572702 3386.6188321843433187 2000
# Layered model 52234: value=1.09707
5
1.4925889925382573864 239.22949513733300364 154.93175715154760042 2000
16.450688910317623481 443.343043438852078 287.12143835552120663 2000
158.69853400933806142 1211.1519990219492229 662.30955215626477184 2000
174.16458020540702023 1767.7093296800874214 986.08867261451916875 2000
0 5606.4791688547938975 3559.3704284836708212 2000
# Layered model 54723: value=1.09728
5
1.5378159316011590363 264.25819337965032219 148.88637335882222601 2000
16.76612185710212799 456.77678099809264722 301.76751731082049446 2000
217.42524497197979372 1298.518874926506669 682.37819389615174259 2000
81.851267646292484415 1952.6508368604338557 1239.6742120232661364 2000
0 5387.7162830218130694 3454.6898707112491138 2000
