# 60036 2_reports/tar1_ln12_tr1.report
# Layered model 57335: value=0.966617
12
0.75872923298661987257 206.06020000000000891 132.12909668982516109 2000
2.1171391581159770823 381.87329763487036871 215.15219505700380864 2000
2.9433184738370368194 438.95350835529916367 265.15183113631320566 2000
6.8202770612645631232 535.60669889535267885 314.0204886013842156 2000
18.449069040827932753 758.74192580396641006 501.25942638588190903 2000
21.768360861863378375 944.41810850615354411 564.83166824120530691 2000
10.68556671163946703 1032.8961765296010071 581.94663262058213604 2000
169.10339096752619525 1260.3296269017564555 792.21989893488171219 2000
42.450435022341082458 3728.326071006913935 849.36696029072936653 2000
90.541409989716157725 4781.3246413161623423 1383.0652785316265181 2000
36.581967816000826588 5075.4724533222042737 2320.3532954525726382 2000
0 5496.0093803105519328 3420.4850205061870838 2000
# Layered model 58270: value=1.08212
12
0.83810909795329313621 261.64177562341615157 134.7848915332906472 2000
2.0955642478104659077 363.33933971281851427 226.12711930598649701 2000
4.0965383900732490474 426.04395060792825234 267.80334944767633942 2000
9.5048471870638895354 579.98530547815289538 320.33230042227205558 2000
4.1389121165776678879 773.9926385126260584 379.37096290198320503 2000
17.011585154657545615 1163.8932652411642721 576.18478477285361805 2000
106.00117936231866622 1260.3296269017564555 717.18633975394197932 2000
54.718593173713003353 1337.86529535565478 761.30775138458454876 2000
65.956795465761757669 2222.2987964632989133 768.9208288984302726 2000
63.367615213630017479 3116.9451483117627504 1920.6490396422470894 2000
18.721957232003603622 5229.2643441303198415 2487.7327974327045013 2000
0 5441.5934458520314365 3454.6898707112491138 2000
# Layered model 55000: value=1.11347
12
0.71475725878312412753 234.51572898473969531 117.25786449236984765 2000
3.2393911782456168424 378.09237389591123701 240.0384937406610959 2000
3.734690602308951668 465.95799429615436793 278.67723932668332054 2000
10.576152891876603235 603.53503462164098892 375.61481475443883937 2000
6.7114175227901178289 854.96939340644303229 383.16467253100307744 2000
3.5453598899603555594 1129.6633364824106138 390.86628244887617711 2000
45.249054691419480889 1247.851115744313347 581.94663262058213604 2000
152.03294739457766127 1364.7563877923034852 724.35820315148146165 2000
63.325190458680140182 2907.2310153621906466 1687.6024774621516826 2000
62.241677669164801046 4285.6146771639878352 2142.8073385819939176 2000
336.99230473795466878 5229.2643441303198415 2366.9923966911692332 2000
0 5776.3610941502638525 3524.1291371125453225 2000
# Layered model 36914: value=1.12487
12
1.0125271026855280354 356.18011931459511743 136.13274044862356504 2000
1.0175892294043409336 370.6424604410461825 223.88823693662030223 2000
6.8963870954180785944 465.95799429615436793 287.12143835552120663 2000
10.656040127896195813 557.35447865336664108 317.16069348739807765 2000
94.889699865819522984 1022.6694817124763404 649.2594374632533345 2000
13.67341728160720038 1223.2635190121686719 696.09399559346434216 2000
54.298365967642354235 1584.4397978697634244 784.37613755928884984 2000
26.081967818327427722 1715.7212597872733113 1046.7529962597045596 2000
123.82029150235675274 2289.6366722949333052 1144.8183361474666526 2000
79.663422407509017376 2738.743125805201089 1383.0652785316265181 2000
93.645978857221848557 3243.5056202832652161 1605.6958516253787366 2000
0 5606.4791688547938975 3703.8951409555261307 2000
# Layered model 48951: value=1.13243
12
1.0226523737123833779 220.92442508224090147 145.95272361417724483 2000
1.1110202941862181714 381.87329763487036871 244.86326746484840555 2000
3.1870416274095139109 434.60743401514764628 273.1861967715746573 2000
3.2535146804356953609 470.61757423911592468 275.91805873929041582 2000
15.667627970919753011 568.55730367429941907 375.61481475443883937 2000
7.2639205265549406931 973.03492161199847033 491.38263541405922297 2000
5.6229310975958846086 1285.6622524024817267 630.16481345087822774 2000
182.03420734401234427 1364.7563877923034852 682.37819389615174259 2000
42.581761506885698054 2878.446549863554992 1342.3895332836000307 2000
14.982936465225691336 3179.5957457928293479 1468.1516627579062515 2000
121.50967753496212254 5496.0093803105519328 2775.4847370568286351 2000
0 5834.1247050917663728 3667.2229118371546974 2000
# Layered model 54822: value=1.14299
12
0.73641511848151164354 229.89484264752448439 128.24319950172341009 2000
1.6678606498150903015 352.65358347979713471 226.12711930598649701 2000
4.3516195273951847611 447.77647387324060446 275.91805873929041582 2000
5.3903811021900516209 628.0409772027684312 295.82150505913193683 2000
1.4658572570300076876 647.07124685298958866 326.77097966075973545 2000
3.2201737095900266894 736.42743800497760276 394.77494527336500596 2000
15.791300215958415265 944.41810850615354411 453.78361962402658492 2000
175.90238690834036106 1175.5321978935758125 710.08548490489306459 2000
33.190823684195663645 2766.1305570632530362 966.65883012892766146 2000
82.768072331518084184 4549.2663375209731385 1026.1278269382457893 2000
58.21331899200697535 4975.4655948654090025 3065.8618492940722717 2000
0 5229.2643441303198415 3158.7605291895320079 2000
# Layered model 52571: value=1.14639
12
0.9350517916387104389 236.86088627458710221 143.07687835915814389 2000
1.0158501005132027917 335.53778429258915139 206.75703052211355271 2000
3.264973311561560898 426.04395060792825234 281.46401171995017876 2000
10.206672789322514205 499.57003828178363847 307.83304440876798935 2000
5.666969864336099505 673.34493423092078501 346.87397954152595503 2000
4.9890717116000047326 916.6429116405337254 394.77494527336500596 2000
129.51355553814363475 1064.193963574624604 675.62197415460570937 2000
57.125221870909825839 1857.8802711493058268 738.91780303482630643 2000
36.323712502430737459 3618.6765527810935055 1215.2477325980453315 2000
98.850642854005911886 4733.9847933823384665 1329.0985478055445128 2000
23.551389432411156122 5496.0093803105519328 1670.8935420417344631 2000
0 5892.4659521426838182 3287.0188733043487446 2000
# Layered model 52661: value=1.17868
12
0.70067371707001668835 325.66966769185813746 123.2391940347446706 2000
2.444621188457361427 389.54895091733129675 226.12711930598649701 2000
5.4328994332662494671 499.57003828178363847 298.77972010972325734 2000
10.61849574590801204 634.3213869747961553 343.43958370448115147 2000
1.8928277726704472173 666.67815270388200588 368.21371900248880138 2000
26.28736971578747017 829.82487001996798881 506.27202064974062523 2000
15.536439694696852598 1152.3695695457072361 587.76609894678790624 2000
158.44121780611860117 1163.8932652411642721 717.18633975394197932 2000
15.59949685622430593 1821.2726900787238264 1067.7927314845246656 2000
56.797896438518648665 3341.7870840834689261 1179.5074765510712496 2000
253.80071331529592271 5334.3725574473392044 3005.4522588903760152 2000
0 5606.4791688547938975 3127.4856724648830095 2000
# Layered model 59288: value=1.19181
12
0.73641511848151164354 352.65358347979713471 119.61474756866650182 2000
1.9727829965748711061 397.37888483076966395 249.78501914089181923 2000
2.8275585167055661273 484.87775735613541883 270.48138294215311817 2000
7.747446982555067585 585.78515853293447435 275.91805873929041582 2000
4.1724321051928168202 597.55944021944651467 390.86628244887617711 2000
5.2307715042841032016 963.40091248712724337 532.096981787312302 2000
8.6632384271490074923 1085.5842622424745514 605.57599951097461144 2000
177.17534883785771171 1118.4785509726837063 675.62197415460570937 2000
16.927645947514804448 2766.1305570632530362 710.08548490489306459 2000
30.099668185835156464 4201.1711373041734987 947.61183229970356479 2000
22.784670224597050492 4459.627818371702233 1512.6381262911336307 2000
0 5496.0093803105519328 3594.9641327685076249 2000
# Layered model 36557: value=1.19267
12
0.94440230955509751887 280.51539723391459802 141.66027560312687683 2000
2.1389178605531062871 397.37888483076966395 223.88823693662030223 2000
1.2772418088561607874 475.32374998150709189 230.67227440403681271 2000
6.7452622478443213794 603.53503462164098892 336.67246711546039251 2000
9.7748865230646657665 628.0409772027684312 350.34271933694122936 2000
17.56232512376490007 1096.4401048648992401 599.58019753561836751 2000
96.916368726551155532 1211.1519990219492229 630.16481345087822774 2000
85.995140473785596669 1223.2635190121686719 800.14209792423037015 2000
35.232728155818591631 2658.1970956110890256 995.94955934066422287 2000
31.376591458685879843 4549.2663375209731385 2059.1957343908311486 2000
183.67032428043222581 4594.7590008961833519 2343.5568284070982372 2000
0 5387.7162830218130694 3489.2367694183617459 2000
# Layered model 55817: value=1.19543
12
1.1872676580155152593 289.01529428549946488 145.95272361417724483 2000
2.2526950584089266982 434.60743401514764628 226.12711930598649701 2000
4.72189485856015434 525.05313096299641984 292.89257926646723718 2000
8.3732013479163018843 540.96276588430623633 353.8461465303106479 2000
2.3679761236769891752 647.07124685298958866 394.77494527336500596 2000
10.482972430278362452 838.12311872016766756 398.72269472609860941 2000
16.371113721324590529 1085.5842622424745514 593.64375993625583305 2000
156.63615463946334216 1175.5321978935758125 696.09399559346434216 2000
69.979285083546187707 1803.2402872066572854 1100.1479190412371736 2000
15.591303767289105053 4415.4730874967344789 1721.5232872591411706 2000
630.65915295944876107 5229.2643441303198415 3319.889062037392705 2000
0 5387.7162830218130694 3353.0879526577659817 2000
# Layered model 54341: value=1.19653
12
0.898566392838242467 328.92636436877671713 159.62634432499663717 2000
2.0351069529255165769 413.51406104422710541 179.87096025387054965 2000
3.8222219499280272181 475.32374998150709189 307.83304440876798935 2000
15.31020493618709466 530.30366227262641132 343.43958370448115147 2000
99.448492844252825762 1022.6694817124763404 630.16481345087822774 2000
33.299326579458195852 1107.4045059135482916 717.18633975394197932 2000
10.35027765084822704 1434.3726795078839586 816.22495409250768716 2000
107.63136000200418607 2011.8181098681418462 1015.9681454834116039 2000
28.073199840015831796 2335.6583694080618443 1203.2155768297477607 2000
72.118257071714651829 3055.5290151080898795 1369.3715629026005445 2000
103.36351663842805237 3654.8633183089041268 1704.4785022367732381 2000
0 5550.9694741136572702 3489.2367694183617459 2000
# Layered model 50036: value=1.20172
12
0.67333366999999999525 335.53778429258915139 119.61474756866650182 2000
3.0889028915367018335 426.04395060792825234 219.47675417764958183 2000
8.5111761179912441833 452.25423861197299402 292.89257926646723718 2000
4.5940009277232629614 714.7692159912274974 346.87397954152595503 2000
2.0356214393266789386 736.42743800497760276 353.8461465303106479 2000
18.782521147558224328 821.60878219798814825 462.90467037846951825 2000
20.413846008268251353 1085.5842622424745514 696.09399559346434216 2000
16.727661174792814336 1140.9599698472347882 731.60178518299630923 2000
60.900230239379382624 1392.1879911869286843 883.85466484004371068 2000
152.23657107190291526 1584.4397978697634244 910.63634503936191322 2000
114.25579964763977614 3997.2701849087429764 1424.9735395364134547 2000
0 5606.4791688547938975 3630.9137740961928102 2000
# Layered model 42949: value=1.20565
12
0.76631652531648608573 338.89316213551506962 123.2391940347446706 2000
3.0715409911071036575 443.343043438852078 265.15183113631320566 2000
6.5255358429170264856 465.95799429615436793 278.67723932668332054 2000
4.3106318715014513288 700.68543867388245872 360.95845407556987539 2000
6.2066855190312839596 714.7692159912274974 383.16467253100307744 2000
11.579723286561147688 854.96939340644303229 402.70992167335958811 2000
18.083894434198093393 1053.6573896778461403 548.22005243244962003 2000
70.093814422483262661 1260.3296269017564555 738.91780303482630643 2000
133.40866228489761625 1434.3726795078839586 857.86062989363665565 2000
54.689434283864898134 1972.1773452290383375 995.94955934066422287 2000
97.505621517602094173 4285.6146771639878352 2164.2354119678138886 2000
0 5834.1247050917663728 3524.1291371125453225 2000
# Layered model 55544: value=1.20776
12
1.1638737947412167717 345.70491469443891219 144.50764714274973244 2000
3.1179023553441469474 443.343043438852078 249.78501914089181923 2000
1.6543763708395573531 484.87775735613541883 281.46401171995017876 2000
11.099935222398798373 509.61139605124753871 330.03868945736735441 2000
5.5747299104569769668 693.74795908305191006 406.73702089009316296 2000
6.196169383623722382 863.51908734050743988 570.47998492361739409 2000
64.862384291073936993 1272.9329231707740746 649.2594374632533345 2000
82.405283941587100571 1392.1879911869286843 717.18633975394197932 2000
60.879386660133860687 2266.9670022722111753 724.35820315148146165 2000
18.59926669195129989 4975.4655948654090025 1342.3895332836000307 2000
216.08088034676109146 5441.5934458520314365 2748.0046901552759664 2000
0 5662.5439605433421093 3489.2367694183617459 2000
# Layered model 49247: value=1.21155
12
0.76631652531648608573 286.15375671831628779 151.87898946333456252 2000
1.8632044739413839984 294.82450170063805217 187.17444252272832728 2000
7.2308921893263615743 579.98530547815289538 304.78519248392871077 2000
9.1462106576550148418 707.69229306062129581 307.83304440876798935 2000
7.2438335053320450641 766.32934506200615488 394.77494527336500596 2000
7.1935602966012126558 1096.4401048648992401 581.94663262058213604 2000
2.235941504410796199 1118.4785509726837063 587.76609894678790624 2000
221.30579580835069464 1272.9329231707740746 753.77005087582631404 2000
26.446224147625969181 3803.2654250341524858 1512.6381262911336307 2000
19.220936744668506435 3879.7110600773389706 1721.5232872591411706 2000
80.045293643292893648 4328.4708239356277772 2142.8073385819939176 2000
0 5441.5934458520314365 3454.6898707112491138 2000
# Layered model 46602: value=1.21675
12
0.72912387968466496613 352.65358347979713471 153.39777935796792008 2000
3.9537916365948397868 389.54895091733129675 226.12711930598649701 2000
6.428044872060596937 499.57003828178363847 320.33230042227205558 2000
5.0982925504903047198 707.69229306062129581 360.95845407556987539 2000
5.956042281031074026 766.32934506200615488 371.89585619251369053 2000
8.1111376695509918022 982.76527082811844593 419.06155936008383378 2000
32.636894378443940923 1064.193963574624604 655.75203183788585193 2000
57.72481562525944554 1129.6633364824106138 668.93264767782739 2000
116.31589903708345446 1260.3296269017564555 808.1435189034727955 2000
56.797896438518648665 2312.5330390178828566 1089.255365387363554 2000
35.884963398871718709 4781.3246413161623423 2414.5689438646618328 2000
0 5550.9694741136572702 3254.4741319845038561 2000
# Layered model 59688: value=1.22775
12
1.074817922530336034 413.51406104422710541 154.93175715154760042 2000
5.8974051571157826146 452.25423861197299402 249.78501914089181923 2000
1.2712530710883243046 509.61139605124753871 287.12143835552120663 2000
8.9629724700225121836 660.07737891473470881 357.3846079956137487 2000
3.883069236615131814 736.42743800497760276 398.72269472609860941 2000
31.767375971523421185 766.32934506200615488 476.93114479560750851 2000
95.183693501655412206 1199.160395071236735 753.77005087582631404 2000
28.034067939514528689 1914.1759012454012918 792.21989893488171219 2000
77.972149907948022474 2011.8181098681418462 938.22953693039960399 2000
233.89811824719816968 2658.1970956110890256 1738.7385201317322299 2000
38.242412412571638924 4328.4708239356277772 2229.8139091858511165 2000
0 5606.4791688547938975 3489.2367694183617459 2000
# Layered model 58440: value=1.23047
12
0.71475725878312412753 202 116.09689553699986675 2000
3.8304344048952616575 397.37888483076966395 244.86326746484840555 2000
7.1325393707300595025 470.61757423911592468 257.35375500588003206 2000
2.1458645163063359007 574.24287671104241326 364.56803861632556618 2000
4.8922807330257001013 781.73256489775235423 476.93114479560750851 2000
62.365425087383954406 925.80934075693903651 581.94663262058213604 2000
51.610988208514228859 1235.4961542022904268 630.16481345087822774 2000
104.62974354373454844 1378.4039516702264336 849.36696029072936653 2000
35.050527797817153441 4118.3914687816622973 976.32541843021692785 2000
30.280354932038108018 4926.2035592726824689 1939.8555300386694853 2000
183.27226067563020706 5334.3725574473392044 2343.5568284070982372 2000
0 5387.7162830218130694 3420.4850205061870838 2000
# Layered model 58388: value=1.23271
12
0.87213968814767961479 291.90544722835448965 122.0190039947966909 2000
3.6280500778705246923 430.30439011400761729 226.12711930598649701 2000
1.6158341124432631375 519.85458511187766817 287.12143835552120663 2000
10.584385633668441429 557.35447865336664108 346.87397954152595503 2000
2.3916558849137565801 609.57038496785742154 386.9963192563130292 2000
3.5953418267502712524 916.6429116405337254 444.84228960300612243 2000
42.132256773605789135 1053.6573896778461403 655.75203183788585193 2000
131.62125553741987005 1324.6191043125295437 682.37819389615174259 2000
81.406329860886700089 1507.5401017516526281 966.65883012892766146 2000
27.832195616054491438 4640.7065909051452763 995.94955934066422287 2000
51.270084489738451339 5387.7162830218130694 2888.1805470751319262 2000
0 5496.0093803105519328 3319.889062037392705 2000
# Layered model 49975: value=1.23938
12
0.9350517916387104389 266.90077531344684303 153.39777935796792008 2000
4.5016677433822653853 381.87329763487036871 221.671521719426039 2000
5.3474691519162407261 514.70751001176006412 320.33230042227205558 2000
1.7301320320768400762 615.66608881753597871 323.53562342649479433 2000
24.672149512303100494 838.12311872016766756 414.91243500998399441 2000
18.922187666233064363 1163.8932652411642721 710.08548490489306459 2000
130.00249370899950918 1553.2200743748294371 746.30698106517456836 2000
33.051764308277000737 1616.287037806945591 753.77005087582631404 2000
64.269063193733245498 1715.7212597872733113 1078.4706587993698577 2000
97.052074097438264744 2658.1970956110890256 1512.6381262911336307 2000
72.747132179220159287 4459.627818371702233 2438.7146333033083465 2000
0 5334.3725574473392044 3489.2367694183617459 2000
# Layered model 54361: value=1.24291
12
0.75121706236299001791 356.18011931459511743 138.86900853164090108 2000
3.0110194991737118109 484.87775735613541883 204.70993121001342274 2000
12.293950870616496829 574.24287671104241326 307.83304440876798935 2000
2.5759308368785092114 729.13607723265113236 310.91137485285565845 2000
2.6682947669141015012 898.58142499807229342 506.27202064974062523 2000
24.227844704632715889 944.41810850615354411 559.23927548634185314 2000
138.74020919659943729 1129.6633364824106138 655.75203183788585193 2000
24.257527551622700912 1298.518874926506669 776.61003718741471857 2000
14.695431685769108299 1715.7212597872733113 1067.7927314845246656 2000
27.296472680592103188 2430.4954651960906631 1342.3895332836000307 2000
509.86303972713665189 5496.0093803105519328 2640.7784937858114063 2000
0 5951.3906116641110202 3420.4850205061870838 2000
# Layered model 39301: value=1.24302
12
0.85495509082215437324 272.26548089724713009 125.71630183484305121 2000
3.300894656082259182 470.61757423911592468 232.97899714807718397 2000
0.80687654026781707728 574.24287671104241326 262.52656548149820992 2000
6.2541561819045412562 603.53503462164098892 314.0204886013842156 2000
26.341452464553562152 729.13607723265113236 440.43791049802592852 2000
35.116758532517437175 1187.2875198725116661 696.09399559346434216 2000
45.082576119961970562 1235.4961542022904268 724.35820315148146165 2000
114.88818192195144263 1260.3296269017564555 753.77005087582631404 2000
13.929474710212360833 2554.4751606435661415 901.62014360332864271 2000
56.077589634954932762 3211.3917032507574731 1067.7927314845246656 2000
65.112541341695646224 4687.1136568141964744 3005.4522588903760152 2000
0 5496.0093803105519328 3190.3481344814276781 2000
# Layered model 55493: value=1.244
12
0.898566392838242467 306.79555871593584015 143.07687835915814389 2000
1.7049197450408368759 409.41986242002684548 223.88823693662030223 2000
3.5736979793670022865 484.87775735613541883 287.12143835552120663 2000
3.2940989177023816126 499.57003828178363847 317.16069348739807765 2000
14.530555526104571129 898.58142499807229342 394.77494527336500596 2000
8.1372050393771644394 1129.6633364824106138 444.84228960300612243 2000
101.88016887500486973 1163.8932652411642721 710.08548490489306459 2000
117.90290786662356481 1235.4961542022904268 784.37613755928884984 2000
20.45044057913173674 3211.3917032507574731 792.21989893488171219 2000
36.36367854068799943 3477.4770402634644597 1543.0421526295856438 2000
20.900662305711307454 3512.2518106660995727 1574.0572998974403163 2000
0 5719.1694001487758214 3319.889062037392705 2000
# Layered model 39597: value=1.25574
12
0.95384633265064855401 393.44444042650462734 144.50764714274973244 2000
2.4520573469775115427 397.37888483076966395 213.02197530396412617 2000
0.86873800154463154399 489.7265349296968111 235.30878711955796234 2000
8.2396790378412649858 557.35447865336664108 310.91137485285565845 2000
9.2142306189542626527 789.54989054673001192 383.16467253100307744 2000
4.3500382310037721822 944.41810850615354411 611.63175950608433595 2000
98.923549584497919795 1002.5188527717638181 649.2594374632533345 2000
107.64371235459117315 1584.4397978697634244 938.22953693039960399 2000
80.439383664340539326 2359.0149531021424991 1252.0709541434987386 2000
236.74331786895407959 4201.1711373041734987 2438.7146333033083465 2000
257.33113539665544067 5126.2271778554259072 3190.3481344814276781 2000
0 5387.7162830218130694 3559.3704284836708212 2000
# Layered model 53469: value=1.2585
12
0.81346043336199147511 274.98813570621962299 130.82088781170807579 2000
1.2574612370028839248 405.36620041586814978 210.91284683560803614 2000
4.8207671207703164384 452.25423861197299402 259.92729255593883408 2000
1.5135940004968162498 568.55730367429941907 317.16069348739807765 2000
7.8768365184002959722 579.98530547815289538 326.77097966075973545 2000
19.574394327064187138 1053.6573896778461403 431.75954367025371994 2000
121.29155292109038555 1096.4401048648992401 682.37819389615174259 2000
37.347893377278040816 1187.2875198725116661 724.35820315148146165 2000
22.160557115930487271 2156.9413175987397153 1191.302551316581912 2000
156.33049716877738433 3765.6093317169829788 1439.223274931777496 2000
527.53550087435542082 4118.3914687816622973 2297.3795004480916759 2000
0 5776.3610941502638525 3667.2229118371546974 2000
# Layered model 55047: value=1.27293
12
0.76631652531648608573 244.03800798959338181 129.52563149674065812 2000
1.5441452307328704663 401.35267367907738389 223.88823693662030223 2000
3.3940641384116121415 514.70751001176006412 230.67227440403681271 2000
8.2573056117609588966 546.37239354314931461 320.33230042227205558 2000
8.2034637136395520685 597.55944021944651467 368.21371900248880138 2000
32.837800454631434377 805.41984334671917622 532.096981787312302 2000
7.2873273629886767822 1107.4045059135482916 570.47998492361739409 2000
93.966893370766968019 1324.6191043125295437 717.18633975394197932 2000
58.254086612935026324 1600.2841958484607403 816.22495409250768716 2000
79.240535347534375887 2382.6051026331638241 1315.9391562431133025 2000
513.40775006929334268 4285.6146771639878352 2079.7876917347393828 2000
0 5075.4724533222042737 3353.0879526577659817 2000
# Layered model 44630: value=1.27436
12
0.9350517916387104389 319.25268864999327434 134.7848915332906472 2000
1.5175499196006529967 393.44444042650462734 244.86326746484840555 2000
2.1303927527361286032 475.32374998150709189 292.89257926646723718 2000
14.423629382263754906 585.78515853293447435 350.34271933694122936 2000
4.9952147148137875377 634.3213869747961553 390.86628244887617711 2000
19.749922246190557473 1002.5188527717638181 570.47998492361739409 2000
39.375050209288524172 1199.160395071236735 675.62197415460570937 2000
149.5190404915290685 1260.3296269017564555 717.18633975394197932 2000
29.098825913651239716 2605.8201113725017422 966.65883012892766146 2000
26.219187266767050914 4549.2663375209731385 1453.6155076810953233 2000
114.25579964763977614 4687.1136568141964744 2563.1135889277129536 2000
0 5387.7162830218130694 3559.3704284836708212 2000
# Layered model 57111: value=1.27778
12
0.81346043336199147511 253.94692970638300267 128.24319950172341009 2000
2.4595460579623695807 352.65358347979713471 226.12711930598649701 2000
1.6405838920144817372 509.61139605124753871 278.67723932668332054 2000
8.1088619392932681507 562.92802343990035752 310.91137485285565845 2000
17.453513726806306749 729.13607723265113236 410.80439109899407413 2000
1.9844679869960799579 1002.5188527717638181 431.75954367025371994 2000
7.7446370107826325579 1107.4045059135482916 511.33474085623817018 2000
183.36301947749763031 1211.1519990219492229 776.61003718741471857 2000
15.755491824786531652 1972.1773452290383375 919.74270848975561421 2000
54.428356019216664663 3765.6093317169829788 1315.9391562431133025 2000
270.39210621397313616 5229.2643441303198415 3454.6898707112491138 2000
0 5281.5569875716228125 3489.2367694183617459 2000
# Layered model 54464: value=1.2787
12
0.94440230955509751887 335.53778429258915139 145.95272361417724483 2000
3.3373738405302662002 352.65358347979713471 230.67227440403681271 2000
1.145884502558445206 447.77647387324060446 295.82150505913193683 2000
10.781592286186597818 621.82274970571131689 379.37096290198320503 2000
1.0745448032585365183 821.60878219798814825 410.80439109899407413 2000
22.32410056155642053 907.56723924805316983 431.75954367025371994 2000
86.644262241359342624 1175.5321978935758125 682.37819389615174259 2000
88.592380102801101316 1260.3296269017564555 832.63107566976702856 2000
77.175710859722670421 2335.6583694080618443 901.62014360332864271 2000
88.4638016984697515 2430.4954651960906631 1342.3895332836000307 2000
21.735611130121014867 2529.1833273698675839 1543.0421526295856438 2000
0 5834.1247050917663728 3190.3481344814276781 2000
# Layered model 59340: value=1.27951
12
0.68006700669999997633 239.22949513733300364 151.87898946333456252 2000
2.4966808478826520989 426.04395060792825234 200.67633683953869195 2000
1.4983647981187480092 434.60743401514764628 242.43887867806770942 2000
5.2793010043710646428 519.85458511187766817 287.12143835552120663 2000
5.2322129922903481969 546.37239354314931461 307.83304440876798935 2000
6.6155257599806223112 889.68457920601224487 576.18478477285361805 2000
46.323965896028823863 1152.3695695457072361 617.74807710114521342 2000
159.93569083888928617 1272.9329231707740746 703.05493554939903333 2000
47.034477386140736144 2200.2958380824743472 1122.2608922139659171 2000
27.556629322826211137 2454.8004198480516607 1424.9735395364134547 2000
61.471299191250864169 5550.9694741136572702 3386.6188321843433187 2000
0 5951.3906116641110202 3559.3704284836708212 2000
# Layered model 47880: value=1.28615
12
0.86350464173037588811 261.64177562341615157 148.88637335882222601 2000
1.6886825339181679162 338.89316213551506962 208.82460082733467743 2000
5.8569828457156623003 519.85458511187766817 254.80569802562376935 2000
3.9812465321150583009 660.07737891473470881 336.67246711546039251 2000
8.6991013038928226564 707.69229306062129581 427.48469670322151615 2000
3.2344534749053508449 721.91690815113975077 458.3214558202668627 2000
1.6262094353041760542 889.68457920601224487 467.53371708225427028 2000
153.6635750734121757 1074.8359032103708159 655.75203183788585193 2000
90.062047051273935949 2178.5107307747271079 1036.3891052076282904 2000
81.694836665539128262 2658.1970956110890256 1621.7528101416326081 2000
39.019803949594631831 4415.4730874967344789 2487.7327974327045013 2000
0 5334.3725574473392044 3158.7605291895320079 2000
# Layered model 45065: value=1.2875
12
1.5844132921446056894 280.51539723391459802 162.83483384592906873 2000
3.8523062428763701348 574.24287671104241326 259.92729255593883408 2000
8.6712518485200682505 585.78515853293447435 364.56803861632556618 2000
14.190301559077640903 609.57038496785742154 379.37096290198320503 2000
3.1011453540837656817 736.42743800497760276 467.53371708225427028 2000
37.748439479950562259 1043.2251382948970786 655.75203183788585193 2000
6.1057598218424544712 1235.4961542022904268 689.20197583511321682 2000
184.30199491204791684 1537.8416577968605452 808.1435189034727955 2000
56.660475013582356496 2114.4410524446034287 1167.8291847040309221 2000
53.077985961193860476 2738.743125805201089 1355.8134286164361129 2000
83.937111899898809497 3243.5056202832652161 1605.6958516253787366 2000
0 5550.9694741136572702 3454.6898707112491138 2000
# Layered model 53850: value=1.28898
12
0.83810909795329313621 381.87329763487036871 125.71630183484305121 2000
3.6175243337478986128 480.0769874813221918 242.43887867806770942 2000
2.1015719827279752963 504.56573866460144018 259.92729255593883408 2000
6.9940106925356220202 585.78515853293447435 375.61481475443883937 2000
13.226875437373086797 686.87916740896230294 423.25217495368474374 2000
3.8011056739687205663 743.79171238502738106 436.07713910695628101 2000
64.026867823456541373 1272.9329231707740746 668.93264767782739 2000
152.35219428777185158 1463.2035703659926185 768.9208288984302726 2000
28.138027200867270494 1698.7339205814587331 1005.9090549340709231 2000
189.16656555058909817 3443.0465745182823412 1809.3382763905467527 2000
237.93618739511498461 5177.4894496339802572 3096.5204677870128762 2000
0 5662.5439605433421093 3489.2367694183617459 2000
# Layered model 47433: value=1.29263
12
0.74377926966632679218 370.6424604410461825 117.25786449236984765 2000
2.4647360634621513498 397.37888483076966395 259.92729255593883408 2000
3.963003658598853729 546.37239354314931461 262.52656548149820992 2000
4.2708228149778832972 603.53503462164098892 304.78519248392871077 2000
9.8580712292405934249 673.34493423092078501 350.34271933694122936 2000
6.108446693476885514 889.68457920601224487 402.70992167335958811 2000
59.958254081715956829 1085.5842622424745514 703.05493554939903333 2000
140.69469533312286558 1392.1879911869286843 717.18633975394197932 2000
18.513517074012014518 2114.4410524446034287 1290.0099561250008264 2000
56.077589634954932762 3179.5957457928293479 1978.8466261924468199 2000
239.47842244777541509 5281.5569875716228125 2748.0046901552759664 2000
0 5441.5934458520314365 3386.6188321843433187 2000
# Layered model 58961: value=1.2956
12
0.898566392838242467 325.66966769185813746 154.93175715154760042 2000
1.2779930956851210944 430.30439011400761729 223.88823693662030223 2000
3.0393157151901104562 438.95350835529916367 232.97899714807718397 2000
9.9027876656483400097 585.78515853293447435 368.21371900248880138 2000
9.3656126467683868952 714.7692159912274974 390.86628244887617711 2000
27.849282730300995325 992.59292353639978046 587.76609894678790624 2000
35.033555564707455687 1311.5040636757717039 682.37819389615174259 2000
149.9549193122345514 1364.7563877923034852 768.9208288984302726 2000
29.683712314515616981 1876.459073860799208 901.62014360332864271 2000
293.87436151959826702 4371.7555321749841823 2438.7146333033083465 2000
304.50432981258484233 4415.4730874967344789 2917.0623525458831864 2000
0 5496.0093803105519328 3287.0188733043487446 2000
# Layered model 57288: value=1.29678
12
1.1872676580155152593 389.54895091733129675 144.50764714274973244 2000
3.5897744601412080456 405.36620041586814978 254.80569802562376935 2000
0.87100332190364149199 504.56573866460144018 281.46401171995017876 2000
15.347091789863714695 615.66608881753597871 333.33907635194100294 2000
13.345944132035267415 781.73256489775235423 481.70045624356362168 2000
54.336343837721720718 973.03492161199847033 599.58019753561836751 2000
70.042122024087689169 1448.7164063029629233 689.20197583511321682 2000
30.056315301323337508 1632.4499081850153743 1036.3891052076282904 2000
13.303582598708771911 1698.7339205814587331 1122.2608922139659171 2000
156.35374428911788414 2554.4751606435661415 1453.6155076810953233 2000
258.56284381976001896 3957.6932523848936398 1654.3500416254794345 2000
0 5550.9694741136572702 3667.2229118371546974 2000
# Layered model 58393: value=1.29731
12
0.86350464173037588811 374.34888504545665455 126.97346485319150133 2000
3.5043352089717036968 409.41986242002684548 230.67227440403681271 2000
1.9965191224806764225 499.57003828178363847 273.1861967715746573 2000
5.5425877946653363537 640.66460084454411117 383.16467253100307744 2000
7.3760392831660102075 647.07124685298958866 402.70992167335958811 2000
23.182041942983371285 805.41984334671917622 496.29646176819989023 2000
19.825395043484121516 963.40091248712724337 532.096981787312302 2000
130.279834324364856 1235.4961542022904268 662.30955215626477184 2000
58.961232913414420409 2178.5107307747271079 995.94955934066422287 2000
14.398307445716625352 3211.3917032507574731 1756.1259053330497863 2000
565.68763643639408656 5387.7162830218130694 2946.2329760713419091 2000
0 5776.3610941502638525 3287.0188733043487446 2000
# Layered model 52120: value=1.29942
12
0.9166275773342911215 401.35267367907738389 120.81089504435318815 2000
4.4662630513993484271 413.51406104422710541 257.35375500588003206 2000
2.6181461078457095581 434.60743401514764628 275.91805873929041582 2000
6.8197287465711387 621.82274970571131689 336.67246711546039251 2000
6.6926516831547786524 736.42743800497760276 440.43791049802592852 2000
1.4008641297266102299 889.68457920601224487 449.29071249903614671 2000
62.731355221112181653 1129.6633364824106138 542.79213112123727569 2000
127.07173046088149704 1298.518874926506669 738.91780303482630643 2000
85.172491584804276954 2093.5059925194091193 1122.2608922139659171 2000
33.117178240825353441 2821.7297812602246267 1482.8331793854854368 2000
250.23113647393608971 5606.4791688547938975 3065.8618492940722717 2000
0 5662.5439605433421093 3740.9340923650820514 2000
# Layered model 55934: value=1.30096
12
0.9350517916387104389 261.64177562341615157 148.88637335882222601 2000
0.74535652860803036646 413.51406104422710541 202.68310020793407489 2000
6.6455025919950472257 557.35447865336664108 257.35375500588003206 2000
1.5299441937705520189 647.07124685298958866 353.8461465303106479 2000
15.370318442532118652 729.13607723265113236 386.9963192563130292 2000
3.8688833592340046152 854.96939340644303229 390.86628244887617711 2000
21.449271562854129058 1053.6573896778461403 642.83112620124086334 2000
99.615881279326544018 1199.160395071236735 746.30698106517456836 2000
136.1060891496864258 1616.287037806945591 995.94955934066422287 2000
94.217754306352674121 3765.6093317169829788 1670.8935420417344631 2000
328.73697666486913249 5441.5934458520314365 2748.0046901552759664 2000
0 5496.0093803105519328 3353.0879526577659817 2000
# Layered model 37419: value=1.30833
12
1.0641761609211248807 306.79555871593584015 141.66027560312687683 2000
0.82934999517492169474 338.89316213551506962 189.04618694795561851 2000
3.2707067188677889646 447.77647387324060446 273.1861967715746573 2000
4.213275080430682884 585.78515853293447435 298.77972010972325734 2000
5.9609849604619231656 597.55944021944651467 323.53562342649479433 2000
38.046969851328022116 1032.8961765296010071 501.25942638588190903 2000
105.33408445658429287 1053.6573896778461403 675.62197415460570937 2000
41.669834793700715636 1118.4785509726837063 738.91780303482630643 2000
36.564659912729837288 2479.3484240465322728 919.74270848975561421 2000
114.41659762760752983 4077.6153156254085843 2320.3532954525726382 2000
169.60692067762215629 4243.1828486772155884 2390.6623206580811711 2000
0 5662.5439605433421093 3489.2367694183617459 2000
# Layered model 52983: value=1.30992
12
0.68006700669999997633 232.1937910739997335 123.2391940347446706 2000
1.6768350306459485211 421.82569367121607229 210.91284683560803614 2000
6.5696013901619991771 499.57003828178363847 240.0384937406610959 2000
3.9670137236129541236 647.07124685298958866 383.16467253100307744 2000
9.7173005026597945033 729.13607723265113236 386.9963192563130292 2000
36.359945694167336683 1032.8961765296010071 570.47998492361739409 2000
14.069656489066083793 1064.193963574624604 662.30955215626477184 2000
139.67694714101145337 1199.160395071236735 724.35820315148146165 2000
31.416619376700737121 3025.2762525822672615 768.9208288984302726 2000
49.617952013991668991 3211.3917032507574731 1057.2205262223017144 2000
26.190390880297286458 4201.1711373041734987 2720.7967229260157183 2000
0 5387.7162830218130694 3158.7605291895320079 2000
# Layered model 53952: value=1.31101
12
0.78953668235010099341 256.48639900344682019 116.09689553699986675 2000
0.7017403795819873169 381.87329763487036871 219.47675417764958183 2000
5.9714343586505309602 413.51406104422710541 262.52656548149820992 2000
8.9086340476360916796 579.98530547815289538 368.21371900248880138 2000
8.6050639857857049719 721.91690815113975077 406.73702089009316296 2000
15.027567832677402038 1043.2251382948970786 521.6125691474485393 2000
58.443473366097720145 1074.8359032103708159 630.16481345087822774 2000
131.89497658292461324 1337.86529535565478 849.36696029072936653 2000
28.810718726387364086 2965.6663587709708736 892.69321148844414893 2000
85.294103874009692845 3582.8480720604884482 1621.7528101416326081 2000
26.995861930772150572 5025.2202508140635473 3035.5067814792796526 2000
0 5387.7162830218130694 3559.3704284836708212 2000
# Layered model 31659: value=1.31238
12
0.71475725878312412753 248.9431719501842224 136.13274044862356504 2000
1.5277541588019862839 438.95350835529916367 226.12711930598649701 2000
3.4055340224752543854 480.0769874813221918 252.28286933230072009 2000
0.97167057804649914488 609.57038496785742154 350.34271933694122936 2000
12.856099893417379576 693.74795908305191006 375.61481475443883937 2000
1.6851384206014543565 766.32934506200615488 406.73702089009316296 2000
11.788889324139191217 773.9926385126260584 491.38263541405922297 2000
169.44343218137930762 1175.5321978935758125 682.37819389615174259 2000
14.263241213751228997 2766.1305570632530362 995.94955934066422287 2000
60.071096835542704184 3116.9451483117627504 1111.1493982316494566 2000
49.645556179982349931 5177.4894496339802572 2512.6101254070317736 2000
0 5387.7162830218130694 3353.0879526577659817 2000
# Layered model 59787: value=1.31331
12
1.3114821238290816918 261.64177562341615157 140.25769861695729901 2000
1.6811580561845291815 401.35267367907738389 244.86326746484840555 2000
1.4115274187403974437 504.56573866460144018 247.31190013949688478 2000
2.5532204650842604821 546.37239354314931461 326.77097966075973545 2000
20.358943120540796912 700.68543867388245872 350.34271933694122936 2000
2.9601017050334057501 1140.9599698472347882 419.06155936008383378 2000
152.16759378106075928 1175.5321978935758125 662.30955215626477184 2000
24.017354011507620726 1260.3296269017564555 761.30775138458454876 2000
16.760045492588915295 2684.7790665672000614 1057.2205262223017144 2000
73.468031577835375856 4415.4730874967344789 1543.0421526295856438 2000
97.604890190070364042 4504.2240965554192371 2320.3532954525726382 2000
0 5387.7162830218130694 3420.4850205061870838 2000
# Layered model 54847: value=1.31459
12
0.68686767676700000163 283.32055120625375366 118.4304431372935511 2000
2.1605267698692345313 438.95350835529916367 247.31190013949688478 2000
5.7307998921573926054 509.61139605124753871 284.27865183714970954 2000
7.9568645841072704883 579.98530547815289538 314.0204886013842156 2000
6.7608891166070073098 609.57038496785742154 386.9963192563130292 2000
74.659097860556911996 992.59292353639978046 593.64375993625583305 2000
63.954764222901673065 1140.9599698472347882 655.75203183788585193 2000
59.444734951008513235 1285.6622524024817267 746.30698106517456836 2000
27.686534406481285941 1972.1773452290383375 1203.2155768297477607 2000
85.276027691235469774 3582.8480720604884482 1574.0572998974403163 2000
96.916814275676870238 4504.2240965554192371 1827.4316591544520634 2000
0 5496.0093803105519328 3559.3704284836708212 2000
# Layered model 56590: value=1.31472
12
0.898566392838242467 283.32055120625375366 134.7848915332906472 2000
2.7168689940931427529 409.41986242002684548 208.82460082733467743 2000
1.9766888111481835111 574.24287671104241326 265.15183113631320566 2000
6.1969320077106218037 634.3213869747961553 364.56803861632556618 2000
9.0916545440831608715 640.66460084454411117 419.06155936008383378 2000
10.004278440616310775 872.15427821391256202 431.75954367025371994 2000
2.3943529023378786746 953.86228959121501703 559.23927548634185314 2000
132.59094795336463335 1002.5188527717638181 655.75203183788585193 2000
50.786227005203244289 1803.2402872066572854 1036.3891052076282904 2000
127.79073278470579567 4459.627818371702233 1424.9735395364134547 2000
357.7517896400051427 5177.4894496339802572 2588.7447248169901286 2000
0 5387.7162830218130694 3489.2367694183617459 2000
# Layered model 54680: value=1.31474
12
0.80540636966533807328 251.43260366968610242 133.45038765672342151 2000
1.5050553863840185898 385.69203061121908149 230.67227440403681271 2000
12.966449659427125241 597.55944021944651467 278.67723932668332054 2000
1.5905021917747266258 628.0409772027684312 307.83304440876798935 2000
5.9695122230672943431 758.74192580396641006 491.38263541405922297 2000
1.2462141026294553114 1107.4045059135482916 682.37819389615174259 2000
165.76884582089343212 1337.86529535565478 689.20197583511321682 2000
45.120324269300425613 1492.6139621303491367 753.77005087582631404 2000
71.94390914400037218 1715.7212597872733113 1122.2608922139659171 2000
62.377854318177412551 2658.1970956110890256 1574.0572998974403163 2000
111.81996268186725274 4504.2240965554192371 2512.6101254070317736 2000
0 5334.3725574473392044 3353.0879526577659817 2000
# Layered model 56887: value=1.31483
12
1.4631790927735097707 280.51539723391459802 161.22260776824660411 2000
0.67049357512509177859 306.79555871593584015 194.77447545866564838 2000
0.9752917753816414681 470.61757423911592468 232.97899714807718397 2000
6.4570314220177049691 579.98530547815289538 314.0204886013842156 2000
23.435108331830157624 647.07124685298958866 398.72269472609860941 2000
3.5761253640740235937 916.6429116405337254 427.48469670322151615 2000
46.549581455329985147 1235.4961542022904268 710.08548490489306459 2000
109.44344634531432803 1298.518874926506669 776.61003718741471857 2000
79.802303559343926054 1681.9147728529294454 883.85466484004371068 2000
18.470942414173919133 3148.1145997948806325 1005.9090549340709231 2000
66.106026166134938649 3841.2980792844941789 1036.3891052076282904 2000
0 5951.3906116641110202 3667.2229118371546974 2000
# Layered model 46362: value=1.31499
12
0.99257631868005891107 232.1937910739997335 134.7848915332906472 2000
5.194917651727712915 509.61139605124753871 249.78501914089181923 2000
9.0894174450687099664 535.60669889535267885 353.8461465303106479 2000
14.170384884687019067 700.68543867388245872 368.21371900248880138 2000
10.421633054906578764 797.44538945219721882 481.70045624356362168 2000
25.922884690926750295 907.56723924805316983 587.76609894678790624 2000
4.3985937701465189775 1272.9329231707740746 731.60178518299630923 2000
113.03358451725442535 1364.7563877923034852 761.30775138458454876 2000
51.383969973730245329 1522.6155027691690975 995.94955934066422287 2000
80.333875567934086348 2114.4410524446034287 1329.0985478055445128 2000
34.974375732916712423 2684.7790665672000614 1589.797872896414674 2000
0 5387.7162830218130694 3190.3481344814276781 2000
# Layered model 55554: value=1.31913
12
1.0432076864240023006 405.36620041586814978 145.95272361417724483 2000
0.81300852384562460884 434.60743401514764628 226.12711930598649701 2000
5.9871684937587534847 447.77647387324060446 249.78501914089181923 2000
7.2752781653334333001 540.96276588430623633 353.8461465303106479 2000
11.131794482209478758 721.91690815113975077 436.07713910695628101 2000
4.6345318389183702834 805.41984334671917622 532.096981787312302 2000
14.419091203748791941 935.06743416450854056 559.23927548634185314 2000
185.03834684146568179 1223.2635190121686719 668.93264767782739 2000
13.791559119022139157 2072.7782104152565807 1290.0099561250008264 2000
132.5828980076482253 4781.3246413161623423 1738.7385201317322299 2000
291.40140756955753432 5177.4894496339802572 2512.6101254070317736 2000
0 5441.5934458520314365 3524.1291371125453225 2000
# Layered model 46028: value=1.3195
12
0.67333366999999999525 208.12080200000002606 137.49406785310981149 2000
1.2775682221519133464 438.95350835529916367 237.66187499075354594 2000
3.4767587604918954725 480.0769874813221918 240.0384937406610959 2000
10.30488055505220224 551.83611747858083163 298.77972010972325734 2000
4.7367370492134615034 680.0783835732299849 320.33230042227205558 2000
16.107951304292658534 880.87582099605185704 570.47998492361739409 2000
122.14231766256662581 1043.2251382948970786 630.16481345087822774 2000
24.504445109629017452 1857.8802711493058268 682.37819389615174259 2000
18.855452790403091967 2178.5107307747271079 1122.2608922139659171 2000
149.29119443400597333 2766.1305570632530362 1605.6958516253787366 2000
310.13261978073978753 3375.2049549243033653 2142.8073385819939176 2000
0 5662.5439605433421093 3559.3704284836708212 2000
# Layered model 46834: value=1.3214
12
0.72190483137095540211 248.9431719501842224 123.2391940347446706 2000
2.5186956550888077722 465.95799429615436793 226.12711930598649701 2000
3.4484047567994307038 480.0769874813221918 230.67227440403681271 2000
1.5506602715256381231 519.85458511187766817 307.83304440876798935 2000
17.49355412208537075 615.66608881753597871 383.16467253100307744 2000
3.0737674005342157102 714.7692159912274974 453.78361962402658492 2000
79.940245143983588605 1129.6633364824106138 599.58019753561836751 2000
24.512329626866218746 1140.9599698472347882 724.35820315148146165 2000
57.108416613436304488 2907.2310153621906466 784.37613755928884984 2000
91.921860504375018763 2965.6663587709708736 957.08795062270064591 2000
25.16845085028774065 3582.8480720604884482 1215.2477325980453315 2000
0 5177.4894496339802572 3254.4741319845038561 2000
# Layered model 59801: value=1.32858
12
0.898566392838242467 274.98813570621962299 134.7848915332906472 2000
4.2742856978755341402 426.04395060792825234 262.52656548149820992 2000
5.7191784830928131811 489.7265349296968111 298.77972010972325734 2000
14.472382629454909164 557.35447865336664108 353.8461465303106479 2000
4.8098106080636675586 1096.4401048648992401 449.29071249903614671 2000
3.9420185915756071893 1163.8932652411642721 481.70045624356362168 2000
38.924177434113339302 1247.851115744313347 636.4664615853870373 2000
146.12249607781262739 1378.4039516702264336 768.9208288984302726 2000
47.842829523062107455 1732.8784723851460967 938.22953693039960399 2000
70.654532805519863814 2995.323022358680646 1512.6381262911336307 2000
22.858746553105504518 4159.5753834694787656 2693.8581415109065347 2000
0 5892.4659521426838182 3190.3481344814276781 2000
# Layered model 50122: value=1.32967
12
0.9166275773342911215 345.70491469443891219 141.66027560312687683 2000
1.9592408137683059444 356.18011931459511743 221.671521719426039 2000
5.8747476539007825735 557.35447865336664108 289.99265273907644769 2000
13.097007946955908864 609.57038496785742154 368.21371900248880138 2000
9.2409089750728412582 1043.2251382948970786 581.94663262058213604 2000
81.508266351600042299 1107.4045059135482916 717.18633975394197932 2000
69.84722735184105602 1507.5401017516526281 792.21989893488171219 2000
121.90534172948034097 1732.8784723851460967 966.65883012892766146 2000
44.949918290161690493 2135.5854629690493312 1179.5074765510712496 2000
79.439668028467735894 3275.9406764860978001 1239.6742120232661364 2000
87.080411851148653568 3803.2654250341524858 2463.1017796363412344 2000
0 5776.3610941502638525 3630.9137740961928102 2000
# Layered model 40429: value=1.32997
12
0.82159503769561137432 259.05126299348131624 166.10781400623224613 2000
1.5826807306009906817 430.30439011400761729 176.32679173989856736 2000
1.7446493333705732631 447.77647387324060446 278.67723932668332054 2000
1.9642715786519318044 634.3213869747961553 289.99265273907644769 2000
20.137260671252185773 660.07737891473470881 350.34271933694122936 2000
22.561997291942567756 1064.193963574624604 559.23927548634185314 2000
11.047417545025552954 1152.3695695457072361 710.08548490489306459 2000
179.83538126606754304 1351.2439483092114187 768.9208288984302726 2000
16.892019775186639663 1972.1773452290383375 1203.2155768297477607 2000
40.102184522611537432 2529.1833273698675839 1453.6155076810953233 2000
203.95973755045451981 4733.9847933823384665 2274.6331687604865692 2000
0 5441.5934458520314365 3420.4850205061870838 2000
# Layered model 57195: value=1.33103
12
0.76631652531648608573 374.34888504545665455 123.2391940347446706 2000
1.6862851859228773499 417.64920165466935487 226.12711930598649701 2000
6.0406600103384846534 421.82569367121607229 265.15183113631320566 2000
2.1792170696663681895 666.67815270388200588 326.77097966075973545 2000
8.8033371202800267952 743.79171238502738106 343.43958370448115147 2000
2.1104736026771782065 916.6429116405337254 383.16467253100307744 2000
56.722926725799538872 1175.5321978935758125 689.20197583511321682 2000
65.991793853126736735 1272.9329231707740746 724.35820315148146165 2000
102.27431612514584458 1463.2035703659926185 966.65883012892766146 2000
122.71874726704604086 2821.7297812602246267 1122.2608922139659171 2000
21.096370022081885054 4687.1136568141964744 1864.1630355034569675 2000
0 5892.4659521426838182 3222.2516158262415047 2000
# Layered model 35864: value=1.33142
12
0.68006700669999997633 366.97273310994671647 125.71630183484305121 2000
2.4652278988273783611 397.37888483076966395 202.68310020793407489 2000
2.5027505345329865705 514.70751001176006412 304.78519248392871077 2000
3.4536713935586629276 562.92802343990035752 323.53562342649479433 2000
18.487777662603832596 700.68543867388245872 383.16467253100307744 2000
16.599783919093166418 889.68457920601224487 506.27202064974062523 2000
11.09030925073569307 1118.4785509726837063 636.4664615853870373 2000
170.52418376391017318 1260.3296269017564555 738.91780303482630643 2000
52.043477965744386893 2200.2958380824743472 1252.0709541434987386 2000
15.90468897301167317 3275.9406764860978001 1882.8046658584914894 2000
42.510665124400247805 5126.2271778554259072 2775.4847370568286351 2000
0 5387.7162830218130694 3222.2516158262415047 2000
# Layered model 52557: value=1.33256
12
1.0125271026855280354 381.87329763487036871 153.39777935796792008 2000
4.7015197681965172904 389.54895091733129675 247.31190013949688478 2000
1.0418484248097410472 568.55730367429941907 273.1861967715746573 2000
1.2414428751775341553 597.55944021944651467 278.67723932668332054 2000
15.531569349033663485 647.07124685298958866 386.9963192563130292 2000
1.7827145875899645944 863.51908734050743988 419.06155936008383378 2000
16.525936046576109817 1022.6694817124763404 587.76609894678790624 2000
125.69143479258502794 1163.8932652411642721 668.93264767782739 2000
81.512086533802204258 2995.323022358680646 731.60178518299630923 2000
47.648378271948843121 3408.9570044735464762 1227.4002099240258303 2000
23.25287149661011199 4504.2240965554192371 1512.6381262911336307 2000
0 5229.2643441303198415 3420.4850205061870838 2000
# Layered model 28991: value=1.33268
12
0.94440230955509751887 349.16196384138328312 134.7848915332906472 2000
3.8326398086016260081 401.35267367907738389 257.35375500588003206 2000
1.9119631251024706842 579.98530547815289538 265.15183113631320566 2000
4.4168189835494917617 634.3213869747961553 314.0204886013842156 2000
1.3402916667536146633 660.07737891473470881 414.91243500998399441 2000
8.7148384385633974603 813.47404178018632592 423.25217495368474374 2000
41.752372935730711845 953.86228959121501703 581.94663262058213604 2000
120.31066506554137163 1053.6573896778461403 682.37819389615174259 2000
81.138131862531764682 2878.446549863554992 910.63634503936191322 2000
17.927714730136017351 3765.6093317169829788 1998.6350924543714882 2000
71.125536817993065597 5229.2643441303198415 2164.2354119678138886 2000
0 5281.5569875716228125 3420.4850205061870838 2000
# Layered model 46529: value=1.33488
12
0.78953668235010099341 246.47838806948934121 140.25769861695729901 2000
1.2608808130606670161 409.41986242002684548 198.68944241538483197 2000
1.487874046592499333 438.95350835529916367 281.46401171995017876 2000
11.884256451032719326 628.0409772027684312 326.77097966075973545 2000
7.6427470955857010892 634.3213869747961553 336.67246711546039251 2000
16.150445806076689337 1012.5440412994812505 576.18478477285361805 2000
121.09100180130806734 1043.2251382948970786 682.37819389615174259 2000
54.537797951799376506 1715.7212597872733113 710.08548490489306459 2000
41.742732581987780804 4201.1711373041734987 1046.7529962597045596 2000
64.684895586557274783 4328.4708239356277772 1468.1516627579062515 2000
327.19686298302821115 4459.627818371702233 2390.6623206580811711 2000
0 5719.1694001487758214 3559.3704284836708212 2000
# Layered model 55231: value=1.33511
12
0.70768045424071690519 309.86351430309520083 129.52563149674065812 2000
2.5008348788877614588 426.04395060792825234 242.43887867806770942 2000
3.8919985200669002801 509.61139605124753871 257.35375500588003206 2000
6.1836897611216379289 574.24287671104241326 379.37096290198320503 2000
30.319857259016337991 797.44538945219721882 398.72269472609860941 2000
6.6874599583336191699 1163.8932652411642721 532.096981787312302 2000
20.600791062637810569 1199.160395071236735 689.20197583511321682 2000
150.46223317967022126 1392.1879911869286843 784.37613755928884984 2000
62.077434034584968003 2244.5217844279318342 892.69321148844414893 2000
34.659277145252758601 3211.3917032507574731 1589.797872896414674 2000
53.351855513060627345 4687.1136568141964744 2640.7784937858114063 2000
0 5606.4791688547938975 3190.3481344814276781 2000
# Layered model 58374: value=1.33718
12
0.96338479597715509506 378.09237389591123701 129.52563149674065812 2000
2.3096216953472055167 489.7265349296968111 242.43887867806770942 2000
3.7572052445126478126 591.64301011826387366 252.28286933230072009 2000
5.360204817642255648 621.82274970571131689 323.53562342649479433 2000
11.611422007573770188 686.87916740896230294 394.77494527336500596 2000
3.6811097656638871456 889.68457920601224487 436.07713910695628101 2000
152.95470184206845943 1378.4039516702264336 655.75203183788585193 2000
56.68438295458784637 1648.7744072668654098 832.63107566976702856 2000
14.209457151887647797 2135.5854629690493312 1383.0652785316265181 2000
96.360232059201337051 2936.303325515812503 1396.8959313169427787 2000
676.98690097350595352 5387.7162830218130694 3386.6188321843433187 2000
0 5496.0093803105519328 3524.1291371125453225 2000
# Layered model 44442: value=1.33733
12
0.94440230955509751887 261.64177562341615157 124.4715859750921112 2000
0.83938498362439628586 389.54895091733129675 228.38839049904632361 2000
4.1523652277454274895 562.92802343990035752 278.67723932668332054 2000
9.3336969771305113852 568.55730367429941907 346.87397954152595503 2000
9.4592687732360687392 628.0409772027684312 414.91243500998399441 2000
4.9507492803333121856 925.80934075693903651 419.06155936008383378 2000
10.927254206064493047 1012.5440412994812505 570.47998492361739409 2000
155.83379777713028602 1187.2875198725116661 738.91780303482630643 2000
67.921204661109953804 1616.287037806945591 1067.7927314845246656 2000
60.122766308584857597 3654.8633183089041268 1100.1479190412371736 2000
119.81584999663095914 5281.5569875716228125 3190.3481344814276781 2000
0 5441.5934458520314365 3489.2367694183617459 2000
# Layered model 42644: value=1.33792
12
0.92579385310763406824 366.97273310994671647 136.13274044862356504 2000
3.3988000584785833524 456.77678099809264722 221.671521719426039 2000
1.7914299668752500239 514.70751001176006412 320.33230042227205558 2000
9.0026389909003459167 519.85458511187766817 343.43958370448115147 2000
11.394299055725191749 621.82274970571131689 379.37096290198320503 2000
100.36392985989405702 963.40091248712724337 581.94663262058213604 2000
22.644101418875365539 1420.1709698097861292 642.83112620124086334 2000
31.888900195547307703 2605.8201113725017422 768.9208288984302726 2000
144.38785779279058374 2878.446549863554992 1543.0421526295856438 2000
78.093738268315860296 4118.3914687816622973 1558.4725741558813752 2000
160.25255512218092235 4415.4730874967344789 1670.8935420417344631 2000
0 5719.1694001487758214 3740.9340923650820514 2000
# Layered model 58103: value=1.34095
12
0.66666700000000000959 216.57134112561604411 136.13274044862356504 2000
2.1525354224121135971 349.16196384138328312 198.68944241538483197 2000
3.7380029920170536606 551.83611747858083163 289.99265273907644769 2000
3.2986496915831731158 647.07124685298958866 368.21371900248880138 2000
28.457402359783962709 813.47404178018632592 419.06155936008383378 2000
11.480327516052184933 1022.6694817124763404 675.62197415460570937 2000
89.667344937131275628 1064.193963574624604 696.09399559346434216 2000
73.256437059045794058 1553.2200743748294371 776.61003718741471857 2000
33.857959240247993193 2605.8201113725017422 883.85466484004371068 2000
30.152287668664570219 2658.1970956110890256 1005.9090549340709231 2000
190.23692964663780458 4504.2240965554192371 2537.7362266611021369 2000
0 5126.2271778554259072 3222.2516158262415047 2000
# Layered model 60028: value=1.34158
12
0.68686767676700000163 200 125.71630183484305121 2000
3.510540567606457607 401.35267367907738389 230.67227440403681271 2000
3.5683191853576117225 484.87775735613541883 281.46401171995017876 2000
1.4270065722241485062 546.37239354314931461 346.87397954152595503 2000
10.283081909569025569 729.13607723265113236 394.77494527336500596 2000
9.3311711258801750546 925.80934075693903651 449.29071249903614671 2000
42.79424797584341178 1163.8932652411642721 511.33474085623817018 2000
111.62275732014994389 1223.2635190121686719 792.21989893488171219 2000
132.9920951907279516 4781.3246413161623423 1111.1493982316494566 2000
28.231162311975481316 4829.1378877293236656 1654.3500416254794345 2000
171.37211673363043474 5662.5439605433421093 3287.0188733043487446 2000
0 5834.1247050917663728 3353.0879526577659817 2000
# Layered model 55667: value=1.34365
12
0.76631652531648608573 227.61865608665786453 126.97346485319150133 2000
3.8702334908018354298 438.95350835529916367 247.31190013949688478 2000
2.1869042325303826857 465.95799429615436793 295.82150505913193683 2000
2.7425416166492437853 640.66460084454411117 314.0204886013842156 2000
13.270929965020554775 653.5419593215194709 364.56803861632556618 2000
3.241663738653588922 907.56723924805316983 390.86628244887617711 2000
109.28081503121731544 1163.8932652411642721 738.91780303482630643 2000
25.632664752545508691 1298.518874926506669 792.21989893488171219 2000
111.3804915684554544 1477.8356060696526129 883.85466484004371068 2000
82.511785032194552514 1648.7744072668654098 957.08795062270064591 2000
35.506097554016548656 5281.5569875716228125 2693.8581415109065347 2000
0 5719.1694001487758214 3667.2229118371546974 2000
# Layered model 57904: value=1.34479
12
0.66666700000000000959 218.73705453687213662 138.86900853164090108 2000
0.94817236646250380172 438.95350835529916367 208.82460082733467743 2000
2.1786880817804248345 509.61139605124753871 228.38839049904632361 2000
8.5968891052363360927 540.96276588430623633 323.53562342649479433 2000
4.5528220918387862781 707.69229306062129581 449.29071249903614671 2000
18.913274991778440182 898.58142499807229342 453.78361962402658492 2000
104.99902558107305595 1085.5842622424745514 642.83112620124086334 2000
36.979862604596547726 2031.9362909668232078 824.38720363343270492 2000
52.149856786319304547 2631.878312486226605 1156.2665195089414283 2000
186.14454687356766271 2793.7918626338855574 1453.6155076810953233 2000
142.42865450020940443 4201.1711373041734987 2252.1120482777096186 2000
0 5834.1247050917663728 3559.3704284836708212 2000
# Layered model 56807: value=1.34735
12
1.4060863486135417588 309.86351430309520083 158.04588547029371171 2000
3.2768291676659631051 381.87329763487036871 242.43887867806770942 2000
1.2532370046454159862 499.57003828178363847 287.12143835552120663 2000
7.3480510933920957228 609.57038496785742154 368.21371900248880138 2000
9.3266140394636796174 693.74795908305191006 406.73702089009316296 2000
39.987835936389032554 953.86228959121501703 526.82869483892307017 2000
14.935223875177754849 1199.160395071236735 710.08548490489306459 2000
98.540777804717961885 1351.2439483092114187 717.18633975394197932 2000
77.972149907948022474 2631.878312486226605 976.32541843021692785 2000
14.542290520173821733 4285.6146771639878352 1439.223274931777496 2000
419.77384859757421509 4829.1378877293236656 2563.1135889277129536 2000
0 5387.7162830218130694 3454.6898707112491138 2000
# Layered model 50625: value=1.34738
12
1.1523502918229868719 253.94692970638300267 167.7688921462945757 2000
2.5357553463857196441 349.16196384138328312 221.671521719426039 2000
1.2746206489635243386 456.77678099809264722 278.67723932668332054 2000
2.799411351119220015 585.78515853293447435 284.27865183714970954 2000
25.238966558836658294 680.0783835732299849 390.86628244887617711 2000
12.98243612085619958 889.68457920601224487 501.25942638588190903 2000
82.806288653975002489 1199.160395071236735 784.37613755928884984 2000
54.43416336143846479 1272.9329231707740746 792.21989893488171219 2000
65.817087147058515484 1378.4039516702264336 875.10362855449875497 2000
30.453810545351188921 2631.878312486226605 892.69321148844414893 2000
88.2705671691166458 4077.6153156254085843 966.65883012892766146 2000
0 5892.4659521426838182 3454.6898707112491138 2000
# Layered model 57406: value=1.34833
12
0.9166275773342911215 280.51539723391459802 130.82088781170807579 2000
1.9307668693019435224 430.30439011400761729 223.88823693662030223 2000
2.2657074097636029641 456.77678099809264722 292.89257926646723718 2000
5.9927223704088481426 519.85458511187766817 333.33907635194100294 2000
1.2170627965203237864 551.83611747858083163 346.87397954152595503 2000
31.428873783914582418 944.41810850615354411 496.29646176819989023 2000
22.370778436503876208 1012.5440412994812505 542.79213112123727569 2000
124.54108190659553657 1085.5842622424745514 703.05493554939903333 2000
60.867869124917859835 2766.1305570632530362 1179.5074765510712496 2000
160.47821812340555425 4077.6153156254085843 1439.223274931777496 2000
103.80965817106522309 5025.2202508140635473 3005.4522588903760152 2000
0 5496.0093803105519328 3630.9137740961928102 2000
# Layered model 52244: value=1.3494
12
0.85495509082215437324 266.90077531344684303 140.25769861695729901 2000
5.2106208040977275431 385.69203061121908149 254.80569802562376935 2000
4.2978174644207340904 489.7265349296968111 259.92729255593883408 2000
3.3233349086938215322 499.57003828178363847 330.03868945736735441 2000
37.953754250109490442 821.60878219798814825 496.29646176819989023 2000
59.841497005254254304 1129.6633364824106138 636.4664615853870373 2000
42.569649295528293464 1616.287037806945591 761.30775138458454876 2000
127.00990667151899061 2114.4410524446034287 1239.6742120232661364 2000
47.994193213670769182 2178.5107307747271079 1396.8959313169427787 2000
29.377460708802516365 2454.8004198480516607 1527.7645075540449398 2000
132.35123888122853941 3179.5957457928293479 1704.4785022367732381 2000
0 5441.5934458520314365 3353.0879526577659817 2000
# Layered model 52995: value=1.35021
12
0.66666700000000000959 363.33933971281851427 148.88637335882222601 2000
2.5418483331284784654 426.04395060792825234 192.84601530560954075 2000
3.963003658598853729 535.60669889535267885 287.12143835552120663 2000
12.411024563676811283 551.83611747858083163 333.33907635194100294 2000
4.4192950056488911059 925.80934075693903651 360.95845407556987539 2000
84.201472435828634389 953.86228959121501703 605.57599951097461144 2000
23.175193537414031653 1351.2439483092114187 675.62197415460570937 2000
44.696150735769748508 1420.1709698097861292 792.21989893488171219 2000
83.07849069202606529 1477.8356060696526129 901.62014360332864271 2000
55.788691912970591602 4037.2428867578296376 1239.6742120232661364 2000
1474.301326191253338 4687.1136568141964744 3065.8618492940722717 2000
0 5441.5934458520314365 3158.7605291895320079 2000
# Layered model 52454: value=1.3507
12
0.78171948747534747426 300.75047418482091643 159.62634432499663717 2000
1.3732899071022401927 316.09177094058742341 162.83483384592906873 2000
6.8607590672054392655 574.24287671104241326 301.76751731082049446 2000
10.76260052917515786 714.7692159912274974 333.33907635194100294 2000
4.7059065251720149092 944.41810850615354411 496.29646176819989023 2000
43.301096287274390306 1085.5842622424745514 599.58019753561836751 2000
35.683888239390526564 1096.4401048648992401 703.05493554939903333 2000
122.33451138716678486 1337.86529535565478 746.30698106517456836 2000
15.913046743034414021 2995.323022358680646 1342.3895332836000307 2000
86.012921236563244065 3025.2762525822672615 1845.7059757459967386 2000
172.91945589330009625 5281.5569875716228125 2038.8076578127042922 2000
0 5334.3725574473392044 3454.6898707112491138 2000
# Layered model 43137: value=1.351
12
0.94440230955509751887 303.75797892666912503 126.97346485319150133 2000
2.1083899380767867626 401.35267367907738389 235.30878711955796234 2000
3.3752103152826991028 509.61139605124753871 298.77972010972325734 2000
4.7888799061621885045 562.92802343990035752 343.43958370448115147 2000
7.4989938146637094007 574.24287671104241326 379.37096290198320503 2000
69.083554607032851891 963.40091248712724337 599.58019753561836751 2000
61.721562313083083495 1211.1519990219492229 738.91780303482630643 2000
80.821434031847729784 1378.4039516702264336 808.1435189034727955 2000
26.244845994089445185 1839.4854169795112284 901.62014360332864271 2000
25.70256569627196086 3957.6932523848936398 1704.4785022367732381 2000
115.94745249583468194 4549.2663375209731385 2274.6331687604865692 2000
0 5334.3725574473392044 3287.0188733043487446 2000
# Layered model 39446: value=1.35508
12
0.71475725878312412753 319.25268864999327434 125.71630183484305121 2000
1.6895185095134779285 504.56573866460144018 242.43887867806770942 2000
8.8177942239269011537 557.35447865336664108 273.1861967715746573 2000
5.1492754759952070742 729.13607723265113236 330.03868945736735441 2000
3.2992286024207757578 789.54989054673001192 496.29646176819989023 2000
12.789859965795013608 944.41810850615354411 516.44808826480050357 2000
58.454134937562763241 1152.3695695457072361 617.74807710114521342 2000
107.49075975617051881 1163.8932652411642721 630.16481345087822774 2000
63.339348691544643088 1933.3176602578553229 1133.4835011361055876 2000
14.982936465225691336 3211.3917032507574731 1167.8291847040309221 2000
228.92807336895015169 5177.4894496339802572 3127.4856724648830095 2000
0 5834.1247050917663728 3222.2516158262415047 2000
# Layered model 56052: value=1.35518
12
0.68686767676700000163 253.94692970638300267 122.0190039947966909 2000
1.2835432343064323568 461.34454880807362542 221.671521719426039 2000
1.7855568594641204605 470.61757423911592468 257.35375500588003206 2000
12.292797515433147026 609.57038496785742154 307.83304440876798935 2000
6.1165299338907814786 653.5419593215194709 317.16069348739807765 2000
22.912187691602401429 1074.8359032103708159 630.16481345087822774 2000
11.877131540456872472 1085.5842622424745514 710.08548490489306459 2000
117.37672739962920332 1118.4785509726837063 717.18633975394197932 2000
69.802644503176338731 2430.4954651960906631 784.37613755928884984 2000
13.974855353645807554 4037.2428867578296376 1355.8134286164361129 2000
40.307145247239247965 4504.2240965554192371 1809.3382763905467527 2000
0 5441.5934458520314365 3559.3704284836708212 2000
# Layered model 55735: value=1.35624
12
0.68686767676700000163 236.86088627458710221 133.45038765672342151 2000
0.69030166999999986732 381.87329763487036871 221.671521719426039 2000
4.1595872849949486749 447.77647387324060446 223.88823693662030223 2000
5.5690675950467367628 475.32374998150709189 307.83304440876798935 2000
5.0150859811440895442 621.82274970571131689 379.37096290198320503 2000
9.6994755039007820585 1002.5188527717638181 570.47998492361739409 2000
32.279016490550802132 1247.851115744313347 682.37819389615174259 2000
186.41372584664020451 1311.5040636757717039 731.60178518299630923 2000
36.112593840618785634 2200.2958380824743472 1111.1493982316494566 2000
16.063735862741793881 2711.6268572328722257 1527.7645075540449398 2000
16.948743648452875732 5892.4659521426838182 2614.6321720651599207 2000
0 5951.3906116641110202 3703.8951409555261307 2000
# Layered model 41125: value=1.35641
12
0.78171948747534747426 378.09237389591123701 133.45038765672342151 2000
1.7201795181599273121 401.35267367907738389 210.91284683560803614 2000
4.3897897854999161638 514.70751001176006412 275.91805873929041582 2000
2.3010452108200265542 546.37239354314931461 304.78519248392871077 2000
10.873218607504123057 609.57038496785742154 375.61481475443883937 2000
17.996459146618132507 925.80934075693903651 559.23927548634185314 2000
43.426472683224666582 982.76527082811844593 564.83166824120530691 2000
113.00707549616278413 1272.9329231707740746 642.83112620124086334 2000
13.706694455032220503 4077.6153156254085843 1100.1479190412371736 2000
91.453697939432032626 4829.1378877293236656 1239.6742120232661364 2000
94.637995612546319535 5334.3725574473392044 2667.1862787236696022 2000
0 5441.5934458520314365 3420.4850205061870838 2000
# Layered model 57838: value=1.35778
12
0.70067371707001668835 256.48639900344682019 130.82088781170807579 2000
2.0356163791369299432 401.35267367907738389 235.30878711955796234 2000
5.3447570077381971743 489.7265349296968111 278.67723932668332054 2000
5.8807844022767845615 509.61139605124753871 298.77972010972325734 2000
4.385268075917549524 603.53503462164098892 364.56803861632556618 2000
46.148355810465986337 982.76527082811844593 570.47998492361739409 2000
63.01922675784929595 1002.5188527717638181 581.94663262058213604 2000
15.35760507046374812 1074.8359032103708159 682.37819389615174259 2000
84.835889619760109781 2849.9470790728269094 738.91780303482630643 2000
236.55467524031274706 4037.2428867578296376 2121.5914243386077942 2000
237.93618739511498461 5229.2643441303198415 3222.2516158262415047 2000
0 5496.0093803105519328 3594.9641327685076249 2000
# Layered model 59704: value=1.35939
12
0.69373635353467000275 332.21562801246449226 134.7848915332906472 2000
4.7973503768365155508 389.54895091733129675 230.67227440403681271 2000
6.4213666978288683751 591.64301011826387366 298.77972010972325734 2000
5.8153677922144613177 660.07737891473470881 307.83304440876798935 2000
7.2485882335898992324 751.22962950887767875 486.51746080599923516 2000
2.1610754266121148248 1002.5188527717638181 599.58019753561836751 2000
58.508151636527529149 1406.1098710987980667 655.75203183788585193 2000
110.79528301767552989 1537.8416577968605452 703.05493554939903333 2000
126.13111134854111128 2244.5217844279318342 1191.302551316581912 2000
73.361200623854415426 2529.1833273698675839 1497.661511179340323 2000
214.95393010929848288 4640.7065909051452763 3005.4522588903760152 2000
0 5441.5934458520314365 3489.2367694183617459 2000
# Layered model 59423: value=1.35964
12
1.0964217627731958071 352.65358347979713471 143.07687835915814389 2000
5.2785594624319012169 426.04395060792825234 230.67227440403681271 2000
0.79653776652223484689 504.56573866460144018 262.52656548149820992 2000
0.98656567637646119806 603.53503462164098892 343.43958370448115147 2000
10.189014914035684711 707.69229306062129581 394.77494527336500596 2000
23.281199598330545086 789.54989054673001192 462.90467037846951825 2000
70.414082883246223332 1074.8359032103708159 668.93264767782739 2000
18.591439922612778446 1140.9599698472347882 717.18633975394197932 2000
128.51932397576248945 2382.6051026331638241 883.85466484004371068 2000
25.959591353234714006 3211.3917032507574731 1144.8183361474666526 2000
64.803476292652590018 4926.2035592726824689 1791.4240360302442241 2000
0 5334.3725574473392044 3420.4850205061870838 2000
# Layered model 58935: value=1.36098
12
0.72190483137095540211 349.16196384138328312 137.49406785310981149 2000
3.868738748944214656 381.87329763487036871 228.38839049904632361 2000
3.0981954590225226909 574.24287671104241326 254.80569802562376935 2000
3.3070265317600151533 653.5419593215194709 406.73702089009316296 2000
11.169429648763772533 686.87916740896230294 436.07713910695628101 2000
3.1463268876314671729 963.40091248712724337 516.44808826480050357 2000
49.94199549100251545 1043.2251382948970786 675.62197415460570937 2000
133.27237689030516776 1053.6573896778461403 689.20197583511321682 2000
28.428047441398661022 2766.1305570632530362 776.61003718741471857 2000
42.540848095608168933 4594.7590008961833519 1687.6024774621516826 2000
99.414228287579987864 5126.2271778554259072 2274.6331687604865692 2000
0 5281.5569875716228125 3386.6188321843433187 2000
# Layered model 36720: value=1.36262
12
0.88086108502915638763 206.06020000000000891 136.13274044862356504 2000
2.5250425945990038201 352.65358347979713471 230.67227440403681271 2000
0.95465829933620405257 452.25423861197299402 292.89257926646723718 2000
5.6933958146788246069 574.24287671104241326 307.83304440876798935 2000
9.0381076034004763642 766.32934506200615488 406.73702089009316296 2000
14.686392427610567069 944.41810850615354411 570.47998492361739409 2000
104.30167080799898827 963.40091248712724337 593.64375993625583305 2000
43.329764766750514582 1235.4961542022904268 768.9208288984302726 2000
14.726425136442458097 1600.2841958484607403 1005.9090549340709231 2000
134.87071826780899642 3997.2701849087429764 1574.0572998974403163 2000
135.9575067299207376 4549.2663375209731385 2018.6214433789148188 2000
0 4829.1378877293236656 3190.3481344814276781 2000
# Layered model 40357: value=1.3645
12
1.0855661017556395009 261.64177562341615157 171.14104687843510533 2000
3.1538162250615524584 385.69203061121908149 213.02197530396412617 2000
1.1882783258266167437 540.96276588430623633 252.28286933230072009 2000
20.44657725600324838 640.66460084454411117 419.06155936008383378 2000
8.1268327467582359702 813.47404178018632592 431.75954367025371994 2000
43.14500550572163462 982.76527082811844593 642.83112620124086334 2000
63.709463057042626133 1584.4397978697634244 731.60178518299630923 2000
42.36845311522822044 1616.287037806945591 866.43923619257304836 2000
58.492825839598538096 1732.8784723851460967 1089.255365387363554 2000
120.30070313405164484 2907.2310153621906466 1302.9100556862508711 2000
207.76796372147003922 3728.326071006913935 1670.8935420417344631 2000
0 5550.9694741136572702 3667.2229118371546974 2000
# Layered model 50802: value=1.36622
12
0.80540636966533807328 248.9431719501842224 128.24319950172341009 2000
0.96071966318564594456 405.36620041586814978 232.97899714807718397 2000
6.4773501178834589354 499.57003828178363847 284.27865183714970954 2000
8.9629724700225121836 540.96276588430623633 343.43958370448115147 2000
1.8856167762867102056 562.92802343990035752 368.21371900248880138 2000
17.850936459770483822 854.96939340644303229 511.33474085623817018 2000
14.10676989852476737 1118.4785509726837063 689.20197583511321682 2000
75.742128850725748634 1351.2439483092114187 710.08548490489306459 2000
159.47439829358089014 2684.7790665672000614 792.21989893488171219 2000
16.386616953582915812 2711.6268572328722257 1046.7529962597045596 2000
150.5782695319899176 5126.2271778554259072 2343.5568284070982372 2000
0 5281.5569875716228125 3353.0879526577659817 2000
# Layered model 29911: value=1.36625
12
0.72912387968466496613 349.16196384138328312 145.95272361417724483 2000
2.0900785427274484185 417.64920165466935487 192.84601530560954075 2000
11.716254602021606956 574.24287671104241326 298.77972010972325734 2000
1.8358884437849898319 766.32934506200615488 423.25217495368474374 2000
2.3445308155217716717 773.9926385126260584 511.33474085623817018 2000
3.9715309400534550832 880.87582099605185704 570.47998492361739409 2000
32.592180442257784989 1085.5842622424745514 611.63175950608433595 2000
151.18179301592911656 1324.6191043125295437 682.37819389615174259 2000
55.283296739731582647 2031.9362909668232078 1227.4002099240258303 2000
29.098825913651864994 3243.5056202832652161 1290.0099561250008264 2000
320.04365828114930537 4781.3246413161623423 2640.7784937858114063 2000
0 5834.1247050917663728 3254.4741319845038561 2000
# Layered model 53369: value=1.37016
12
0.95384633265064855401 309.86351430309520083 137.49406785310981149 2000
0.72656198759609225135 434.60743401514764628 200.67633683953869195 2000
6.5630678304877019258 443.343043438852078 292.89257926646723718 2000
7.805289135236256115 621.82274970571131689 323.53562342649479433 2000
7.4801422339322840571 714.7692159912274974 357.3846079956137487 2000
13.048322041299147855 982.76527082811844593 599.58019753561836751 2000
47.380849565495310571 1311.5040636757717039 717.18633975394197932 2000
146.38434810900670868 1337.86529535565478 800.14209792423037015 2000
26.244845994089445185 1972.1773452290383375 1036.3891052076282904 2000
155.4224351688728234 4415.4730874967344789 1773.6871643863801182 2000
419.60772575870515766 4781.3246413161623423 2803.2395844273969487 2000
0 5387.7162830218130694 3489.2367694183617459 2000
# Layered model 50732: value=1.371
12
0.98274883037629590099 269.56978306658129441 133.45038765672342151 2000
1.8364535920358175947 374.34888504545665455 223.88823693662030223 2000
9.8261069347182079525 484.87775735613541883 284.27865183714970954 2000
3.8897495657705771777 568.55730367429941907 364.56803861632556618 2000
2.5570064741427671606 666.67815270388200588 406.73702089009316296 2000
24.659695410199926613 916.6429116405337254 559.23927548634185314 2000
67.181290740990306176 1199.160395071236735 581.94663262058213604 2000
65.141603721831543794 1211.1519990219492229 682.37819389615174259 2000
85.670022151646975317 2266.9670022722111753 849.36696029072936653 2000
17.750212604095054303 4733.9847933823384665 1355.8134286164361129 2000
91.948221741065879087 5075.4724533222042737 3319.889062037392705 2000
0 5281.5569875716228125 3454.6898707112491138 2000
# Layered model 58461: value=1.37117
12
0.75121706236299001791 277.73801706328180217 153.39777935796792008 2000
2.0679853600491235888 316.09177094058742341 190.93664881743518436 2000
2.0943879609267290753 621.82274970571131689 278.67723932668332054 2000
7.232686014542995423 673.34493423092078501 317.16069348739807765 2000
6.3842941800790349305 686.87916740896230294 375.61481475443883937 2000
7.0341677506070041659 992.59292353639978046 486.51746080599923516 2000
25.485033426771039444 1002.5188527717638181 491.38263541405922297 2000
198.37807016749141553 1324.6191043125295437 792.21989893488171219 2000
14.934282273099199756 3179.5957457928293479 1315.9391562431133025 2000
23.601740492549936334 3654.8633183089041268 1687.6024774621516826 2000
287.51947519032376022 4118.3914687816622973 2667.1862787236696022 2000
0 5229.2643441303198415 3353.0879526577659817 2000
# Layered model 37778: value=1.37128
12
0.66666700000000000959 452.25423861197299402 126.97346485319150133 2000
2.8424389670245737705 456.77678099809264722 240.0384937406610959 2000
9.2626564836770501898 562.92802343990035752 292.89257926646723718 2000
7.6059108990515849058 609.57038496785742154 333.33907635194100294 2000
2.6876217388684793264 660.07737891473470881 386.9963192563130292 2000
20.68646571862190342 1022.6694817124763404 668.93264767782739 2000
116.55498188876285326 1053.6573896778461403 689.20197583511321682 2000
84.206385353038115227 2504.1419082869974773 938.22953693039960399 2000
47.507123458483931699 3116.9451483117627504 957.08795062270064591 2000
26.071004746284245357 3512.2518106660995727 1827.4316591544520634 2000
538.72501777596141892 3654.8633183089041268 2121.5914243386077942 2000
0 5606.4791688547938975 3667.2229118371546974 2000
# Layered model 50064: value=1.3715
12
0.82159503769561137432 246.47838806948934121 141.66027560312687683 2000
0.99804638007679025158 452.25423861197299402 247.31190013949688478 2000
6.8443348644091619448 461.34454880807362542 262.52656548149820992 2000
2.8927889425907036269 585.78515853293447435 333.33907635194100294 2000
7.9190506867519765422 591.64301011826387366 360.95845407556987539 2000
3.4384653845076336154 907.56723924805316983 501.25942638588190903 2000
61.883378621932536134 1043.2251382948970786 636.4664615853870373 2000
145.54476731773974052 1324.6191043125295437 668.93264767782739 2000
26.244845994089445185 3025.2762525822672615 1215.2477325980453315 2000
94.783366328013244129 3618.6765527810935055 1704.4785022367732381 2000
97.373108348350001506 5334.3725574473392044 2390.6623206580811711 2000
0 5550.9694741136572702 3559.3704284836708212 2000
# Layered model 51184: value=1.37241
12
0.77397969056965099099 212.30403012019999665 133.45038765672342151 2000
2.0734147560665836529 328.92636436877671713 217.30371700757382314 2000
5.6458672749416134451 480.0769874813221918 273.1861967715746573 2000
2.2859418575788108541 574.24287671104241326 343.43958370448115147 2000
11.166633272191342385 758.74192580396641006 427.48469670322151615 2000
25.904819597543149001 935.06743416450854056 506.27202064974062523 2000
98.724182492248360177 1715.7212597872733113 642.83112620124086334 2000
81.48697020312201289 2052.2556538764915786 710.08548490489306459 2000
38.943936293627302803 3957.6932523848936398 883.85466484004371068 2000
18.106991877437394578 4285.6146771639878352 1773.6871643863801182 2000
16.287409509841211275 4829.1378877293236656 2975.6953058320555101 2000
0 5951.3906116641110202 3524.1291371125453225 2000
# Layered model 58144: value=1.37292
12
1.1073859804009278385 300.75047418482091643 144.50764714274973244 2000
1.9151806014128189837 370.6424604410461825 235.30878711955796234 2000
1.0446083046357923507 489.7265349296968111 270.48138294215311817 2000
0.89325732685722769588 591.64301011826387366 301.76751731082049446 2000
15.306179922247167724 597.55944021944651467 310.91137485285565845 2000
10.927226946840622901 1043.2251382948970786 453.78361962402658492 2000
91.345264097166278816 1096.4401048648992401 649.2594374632533345 2000
50.066185782369814206 1175.5321978935758125 675.62197415460570937 2000
97.070513930337057218 2554.4751606435661415 892.69321148844414893 2000
208.65467786962977925 3443.0465745182823412 2018.6214433789148188 2000
132.55668085461610417 4549.2663375209731385 2038.8076578127042922 2000
0 5719.1694001487758214 3454.6898707112491138 2000
# Layered model 58051: value=1.37319
12
0.74377926966632679218 210.20201001999996038 125.71630183484305121 2000
1.4112301249112608748 389.54895091733129675 223.88823693662030223 2000
3.381747237184361321 535.60669889535267885 249.78501914089181923 2000
23.910539668401550983 621.82274970571131689 398.72269472609860941 2000
30.505700743728731084 821.60878219798814825 506.27202064974062523 2000
32.325087215370935212 1032.8961765296010071 636.4664615853870373 2000
51.408651297191610752 1285.6622524024817267 753.77005087582631404 2000
82.117035873507120414 1392.1879911869286843 761.30775138458454876 2000
13.5198109195393954 4285.6146771639878352 832.63107566976702856 2000
34.664154172219582506 5177.4894496339802572 2142.8073385819939176 2000
268.14360177928301709 5334.3725574473392044 2297.3795004480916759 2000
0 5892.4659521426838182 3524.1291371125453225 2000
# Layered model 49286: value=1.37408
12
0.70768045424071690519 286.15375671831628779 130.82088781170807579 2000
0.82878379394497558863 389.54895091733129675 213.02197530396412617 2000
3.5766376082141451143 421.82569367121607229 221.671521719426039 2000
1.3119292928535006837 647.07124685298958866 240.0384937406610959 2000
19.825426202317952828 736.42743800497760276 353.8461465303106479 2000
26.606436477324216128 1064.193963574624604 636.4664615853870373 2000
89.407200781455756555 1247.851115744313347 689.20197583511321682 2000
97.431158844255691065 1298.518874926506669 696.09399559346434216 2000
35.401033075795311333 2658.1970956110890256 1078.4706587993698577 2000
21.593171222002865761 2907.2310153621906466 1605.6958516253787366 2000
117.71786463276288259 4640.7065909051452763 2463.1017796363412344 2000
0 5387.7162830218130694 3005.4522588903760152 2000
# Layered model 52638: value=1.37502
12
1.4201472120996772031 283.32055120625375366 169.44658106775753481 2000
1.0081713138798906737 443.343043438852078 244.86326746484840555 2000
3.053618733190678558 447.77647387324060446 270.48138294215311817 2000
1.2039759191176866437 585.78515853293447435 310.91137485285565845 2000
8.3503508309821778965 615.66608881753597871 371.89585619251369053 2000
9.7766191467861052189 907.56723924805316983 414.91243500998399441 2000
26.236888599282700341 925.80934075693903651 564.83166824120530691 2000
153.36743684068170523 1163.8932652411642721 689.20197583511321682 2000
102.4990105711215449 2454.8004198480516607 1122.2608922139659171 2000
58.721477352976251041 3728.326071006913935 2059.1957343908311486 2000
130.05457605697034751 5550.9694741136572702 2693.8581415109065347 2000
0 5606.4791688547938975 3594.9641327685076249 2000
# Layered model 44081: value=1.37524
12
0.80540636966533807328 216.57134112561604411 134.7848915332906472 2000
0.97838092351415573145 378.09237389591123701 208.82460082733467743 2000
4.1523652277454274895 465.95799429615436793 278.67723932668332054 2000
9.9537140988480494741 579.98530547815289538 333.33907635194100294 2000
6.7209510340077258661 729.13607723265113236 449.29071249903614671 2000
4.5266672268358334463 963.40091248712724337 516.44808826480050357 2000
141.34651279168099336 1584.4397978697634244 617.74807710114521342 2000
42.127256761391123518 2072.7782104152565807 731.60178518299630923 2000
38.429825046767632557 3997.2701849087429764 1424.9735395364134547 2000
16.888718240521200187 4243.1828486772155884 1882.8046658584914894 2000
60.443372345942975699 4594.7590008961833519 2438.7146333033083465 2000
0 5892.4659521426838182 3559.3704284836708212 2000
# Layered model 57083: value=1.37617
12
0.74377926966632679218 280.51539723391459802 130.82088781170807579 2000
2.8716561172650587608 409.41986242002684548 223.88823693662030223 2000
3.3451702921151582615 452.25423861197299402 265.15183113631320566 2000
1.1167058735314698836 540.96276588430623633 330.03868945736735441 2000
7.4145662924369926117 609.57038496785742154 346.87397954152595503 2000
47.106775745154727986 1053.6573896778461403 636.4664615853870373 2000
37.827590820730677024 1187.2875198725116661 668.93264767782739 2000
108.09975007790023938 1406.1098710987980667 738.91780303482630643 2000
98.390224678341525077 2052.2556538764915786 1290.0099561250008264 2000
66.070795053030622057 3841.2980792844941789 1482.8331793854854368 2000
250.17897934483278277 4504.2240965554192371 2038.8076578127042922 2000
0 5776.3610941502638525 3630.9137740961928102 2000
