# 60182 2_reports/tar1_ln7_tr1.report
# Layered model 55154: value=0.780339
7
0.66666700000000000959 208.12080200000002606 123.2391940347446706 2000
4.3043421840927811317 405.36620041586814978 235.30878711955796234 2000
14.426614562690446064 504.56573866460144018 326.77097966075973545 2000
5.7156566524855811906 591.64301011826387366 386.9963192563130292 2000
170.79571537704381967 1211.1519990219492229 724.35820315148146165 2000
85.340940953764061305 2135.5854629690493312 816.22495409250768716 2000
0 5951.3906116641110202 3319.889062037392705 2000
# Layered model 53510: value=0.825547
7
0.71475725878312412753 210.20201001999996038 123.2391940347446706 2000
4.6681333699505156432 405.36620041586814978 242.43887867806770942 2000
8.1745925713753457842 489.7265349296968111 320.33230042227205558 2000
14.460608822285751174 693.74795908305191006 444.84228960300612243 2000
111.6597992506816297 1129.6633364824106138 710.08548490489306459 2000
122.64900260030563572 1324.6191043125295437 717.18633975394197932 2000
0 5834.1247050917663728 3703.8951409555261307 2000
# Layered model 57326: value=0.889708
7
0.72912387968466496613 204.02000000000001023 128.24319950172341009 2000
2.7452384639040214864 426.04395060792825234 226.12711930598649701 2000
1.741512860124787565 456.77678099809264722 242.43887867806770942 2000
18.678549399437908818 514.70751001176006412 323.53562342649479433 2000
106.38566643066712913 1235.4961542022904268 662.30955215626477184 2000
148.18519285734652158 1616.287037806945591 824.38720363343270492 2000
0 5334.3725574473392044 3386.6188321843433187 2000
# Layered model 41909: value=0.902965
7
1.0125271026855280354 218.73705453687213662 137.49406785310981149 2000
7.0820074426978205651 443.343043438852078 262.52656548149820992 2000
7.8026807339762545013 546.37239354314931461 340.03919178661499245 2000
12.40105766325908121 660.07737891473470881 427.48469670322151615 2000
152.62039779016419061 1378.4039516702264336 668.93264767782739 2000
103.14376536459454314 1463.2035703659926185 875.10362855449875497 2000
0 5496.0093803105519328 3454.6898707112491138 2000
# Layered model 51985: value=0.929244
7
0.68686767676700000163 218.73705453687213662 124.4715859750921112 2000
4.2841415073257813617 363.33933971281851427 235.30878711955796234 2000
14.620590800158279166 603.53503462164098892 340.03919178661499245 2000
16.699010641093614993 773.9926385126260584 436.07713910695628101 2000
177.9721728415911457 1311.5040636757717039 696.09399559346434216 2000
40.349115263029460721 1522.6155027691690975 808.1435189034727955 2000
0 5441.5934458520314365 3524.1291371125453225 2000
# Layered model 58031: value=0.931014
7
0.68686767676700000163 202 129.52563149674065812 2000
3.2281307757367039279 359.7419205077410993 226.12711930598649701 2000
16.881879713293031386 540.96276588430623633 333.33907635194100294 2000
6.9438070048911235688 781.73256489775235423 516.44808826480050357 2000
190.82878024393335181 1260.3296269017564555 662.30955215626477184 2000
33.521523426928553135 1285.6622524024817267 731.60178518299630923 2000
0 5606.4791688547938975 3353.0879526577659817 2000
# Layered model 58499: value=0.931477
7
0.898566392838242467 239.22949513733300364 138.86900853164090108 2000
2.6810726041235248829 374.34888504545665455 242.43887867806770942 2000
5.1709770480416121785 475.32374998150709189 281.46401171995017876 2000
12.244521184920699852 530.30366227262641132 340.03919178661499245 2000
128.7584679117003077 1223.2635190121686719 689.20197583511321682 2000
125.95459673081623464 1247.851115744313347 800.14209792423037015 2000
0 5662.5439605433421093 3667.2229118371546974 2000
# Layered model 56733: value=0.933972
7
0.68006700669999997633 259.05126299348131624 136.13274044862356504 2000
3.6445269048862174444 366.97273310994671647 210.91284683560803614 2000
0.94344004416439197769 499.57003828178363847 307.83304440876798935 2000
25.374940657857688819 591.64301011826387366 375.61481475443883937 2000
173.22071198629569722 1337.86529535565478 689.20197583511321682 2000
45.731351857075992484 1477.8356060696526129 696.09399559346434216 2000
0 5177.4894496339802572 3420.4850205061870838 2000
# Layered model 59546: value=0.940414
7
0.73641511848151164354 264.25819337965032219 128.24319950172341009 2000
3.7637746475366924415 514.70751001176006412 226.12711930598649701 2000
3.5808573379269397208 530.30366227262641132 330.03868945736735441 2000
16.537402459106331776 546.37239354314931461 340.03919178661499245 2000
185.42251060451621925 1211.1519990219492229 731.60178518299630923 2000
62.937457527918041933 1750.2072571089975099 816.22495409250768716 2000
0 5892.4659521426838182 3319.889062037392705 2000
# Layered model 60123: value=0.940585
7
0.68686767676700000163 206.06020000000000891 128.24319950172341009 2000
3.1129912503850687422 366.97273310994671647 223.88823693662030223 2000
17.627185443946473242 530.30366227262641132 343.43958370448115147 2000
2.4673802320528395171 829.82487001996798881 449.29071249903614671 2000
127.35671658988923127 1223.2635190121686719 662.30955215626477184 2000
108.47845670139702179 1463.2035703659926185 800.14209792423037015 2000
0 5662.5439605433421093 3667.2229118371546974 2000
# Layered model 56366: value=0.942261
7
0.85495509082215437324 214.42707042140199292 137.49406785310981149 2000
2.9829024256014351479 378.09237389591123701 240.0384937406610959 2000
10.130430982131898077 456.77678099809264722 301.76751731082049446 2000
8.9937838877996050257 766.32934506200615488 353.8461465303106479 2000
92.654893469080818136 1118.4785509726837063 696.09399559346434216 2000
144.11263203900170993 1477.8356060696526129 717.18633975394197932 2000
0 5662.5439605433421093 3454.6898707112491138 2000
# Layered model 58692: value=0.94415
7
0.85495509082215437324 319.25268864999327434 133.45038765672342151 2000
3.8279604254573502686 363.33933971281851427 221.671521719426039 2000
21.462150610858092392 579.98530547815289538 371.89585619251369053 2000
1.5956190435502612956 634.3213869747961553 419.06155936008383378 2000
57.188895674024323057 1211.1519990219492229 738.91780303482630643 2000
193.53570304645285205 1378.4039516702264336 761.30775138458454876 2000
0 5776.3610941502638525 3386.6188321843433187 2000
# Layered model 55411: value=0.959076
7
0.70067371707001668835 223.13366933306332385 128.24319950172341009 2000
2.8435233096248024864 401.35267367907738389 232.97899714807718397 2000
14.548316860345765988 480.0769874813221918 298.77972010972325734 2000
5.0991792231780586064 660.07737891473470881 383.16467253100307744 2000
104.52136544660766049 1163.8932652411642721 689.20197583511321682 2000
126.89884017313897857 1272.9329231707740746 753.77005087582631404 2000
0 5606.4791688547938975 3287.0188733043487446 2000
# Layered model 59638: value=0.966318
7
0.67333366999999999525 264.25819337965032219 128.24319950172341009 2000
4.499518420713776834 434.60743401514764628 226.12711930598649701 2000
8.5202059413962984991 574.24287671104241326 357.3846079956137487 2000
14.888197639934796612 653.5419593215194709 402.70992167335958811 2000
77.131940567366413575 1140.9599698472347882 642.83112620124086334 2000
134.14272979817906162 1175.5321978935758125 703.05493554939903333 2000
0 5496.0093803105519328 3386.6188321843433187 2000
# Layered model 58971: value=0.969194
7
0.898566392838242467 253.94692970638300267 141.66027560312687683 2000
2.0060606821753803608 338.89316213551506962 215.15219505700380864 2000
10.123847800947103792 484.87775735613541883 295.82150505913193683 2000
12.845763032686329908 673.34493423092078501 402.70992167335958811 2000
164.2731032822404984 1163.8932652411642721 675.62197415460570937 2000
54.529688960058393832 2156.9413175987397153 710.08548490489306459 2000
0 5776.3610941502638525 3190.3481344814276781 2000
# Layered model 57433: value=0.972803
7
0.72912387968466496613 214.42707042140199292 124.4715859750921112 2000
4.8723336939669819046 359.7419205077410993 232.97899714807718397 2000
4.2589556149325851209 562.92802343990035752 368.21371900248880138 2000
21.088991171160149207 846.50434990736948748 402.70992167335958811 2000
93.007632037217575771 1074.8359032103708159 655.75203183788585193 2000
133.20098132030301485 1324.6191043125295437 792.21989893488171219 2000
0 5229.2643441303198415 3254.4741319845038561 2000
# Layered model 59734: value=0.974089
7
0.76631652531648608573 352.65358347979713471 126.97346485319150133 2000
8.3548076076893771358 378.09237389591123701 247.31190013949688478 2000
11.265973372921727957 736.42743800497760276 386.9963192563130292 2000
10.562306853816789243 773.9926385126260584 458.3214558202668627 2000
139.4841673725984208 1107.4045059135482916 717.18633975394197932 2000
113.62886436503461596 1698.7339205814587331 808.1435189034727955 2000
0 5441.5934458520314365 3386.6188321843433187 2000
# Layered model 56777: value=0.978366
7
0.70768045424071690519 204.02000000000001023 126.97346485319150133 2000
1.8958056836383625487 359.7419205077410993 213.02197530396412617 2000
9.9166221365073781158 480.0769874813221918 301.76751731082049446 2000
19.36709398686253536 640.66460084454411117 398.72269472609860941 2000
88.424276031950711285 1096.4401048648992401 717.18633975394197932 2000
144.63868451891613631 1448.7164063029629233 792.21989893488171219 2000
0 5719.1694001487758214 3254.4741319845038561 2000
# Layered model 39725: value=0.978924
7
0.69373635353467000275 283.32055120625375366 119.61474756866650182 2000
1.3566811418760980068 342.28209375687021065 219.47675417764958183 2000
5.0500963577846107455 562.92802343990035752 252.28286933230072009 2000
25.105560430666102434 579.98530547815289538 375.61481475443883937 2000
50.225740151640550835 1260.3296269017564555 662.30955215626477184 2000
237.65684867928609947 1537.8416577968605452 849.36696029072936653 2000
0 5892.4659521426838182 3420.4850205061870838 2000
# Layered model 38774: value=0.99164
7
0.66666700000000000959 218.73705453687213662 126.97346485319150133 2000
2.2670063457637592563 356.18011931459511743 228.38839049904632361 2000
10.356673875203778579 525.05313096299641984 301.76751731082049446 2000
15.007925721651146134 773.9926385126260584 431.75954367025371994 2000
175.56541365728529058 1163.8932652411642721 703.05493554939903333 2000
50.748212130061290281 1507.5401017516526281 731.60178518299630923 2000
0 5662.5439605433421093 3319.889062037392705 2000
# Layered model 56004: value=0.993687
7
0.66666700000000000959 300.75047418482091643 132.12909668982516109 2000
5.2205212051166425269 345.70491469443891219 228.38839049904632361 2000
6.7581211520136781346 615.66608881753597871 371.89585619251369053 2000
16.801986943033178079 660.07737891473470881 386.9963192563130292 2000
75.219234629946683413 1175.5321978935758125 731.60178518299630923 2000
179.39590516726724445 1311.5040636757717039 761.30775138458454876 2000
0 5776.3610941502638525 3353.0879526577659817 2000
# Layered model 54230: value=0.995371
7
0.67333366999999999525 286.15375671831628779 117.25786449236984765 2000
4.1514788693382911333 447.77647387324060446 242.43887867806770942 2000
0.87971335512267767598 514.70751001176006412 304.78519248392871077 2000
18.913923668590506111 525.05313096299641984 346.87397954152595503 2000
216.81821787323821127 1260.3296269017564555 682.37819389615174259 2000
23.5134953758261247 1584.4397978697634244 753.77005087582631404 2000
0 5834.1247050917663728 3630.9137740961928102 2000
# Layered model 58224: value=0.996062
7
0.68686767676700000163 229.89484264752448439 116.09689553699986675 2000
4.4859844139467766055 381.87329763487036871 228.38839049904632361 2000
13.10058693519721551 615.66608881753597871 330.03868945736735441 2000
11.765747929885794321 813.47404178018632592 476.93114479560750851 2000
158.22550729260672142 1223.2635190121686719 717.18633975394197932 2000
71.464903646034116491 1272.9329231707740746 731.60178518299630923 2000
0 5550.9694741136572702 3222.2516158262415047 2000
# Layered model 49982: value=0.997191
7
0.86350464173037588811 259.05126299348131624 153.39777935796792008 2000
0.99271156853925102137 322.44521553649320822 196.72222021325231367 2000
1.7892891037478815264 461.34454880807362542 247.31190013949688478 2000
14.259594118601153667 465.95799429615436793 307.83304440876798935 2000
142.65103474519091264 1199.160395071236735 642.83112620124086334 2000
109.7195269068297705 1311.5040636757717039 800.14209792423037015 2000
0 5075.4724533222042737 3353.0879526577659817 2000
# Layered model 54957: value=0.997816
7
0.84649018893282612641 266.90077531344684303 136.13274044862356504 2000
4.026570475798847859 366.97273310994671647 240.0384937406610959 2000
2.4426058587293777435 568.55730367429941907 330.03868945736735441 2000
19.342586668055918864 574.24287671104241326 360.95845407556987539 2000
108.91173196143964219 1096.4401048648992401 623.92555787215667351 2000
151.33307530539460117 1568.7522751185776997 928.94013557465291342 2000
0 5951.3906116641110202 3127.4856724648830095 2000
# Layered model 50331: value=0.999804
7
0.71475725878312412753 246.47838806948934121 136.13274044862356504 2000
3.7408761729180675104 397.37888483076966395 210.91284683560803614 2000
13.280386455604549667 557.35447865336664108 343.43958370448115147 2000
3.2591173426183388528 653.5419593215194709 402.70992167335958811 2000
80.593166508604923592 1064.193963574624604 636.4664615853870373 2000
150.50268510302078084 1235.4961542022904268 761.30775138458454876 2000
0 5662.5439605433421093 3524.1291371125453225 2000
# Layered model 57542: value=1.00258
7
0.78171948747534747426 210.20201001999996038 128.24319950172341009 2000
0.7395322434015758617 356.18011931459511743 208.82460082733467743 2000
2.669162621806923763 405.36620041586814978 235.30878711955796234 2000
17.440896530444163659 494.62380027899376955 320.33230042227205558 2000
24.196995319917526501 1053.6573896778461403 682.37819389615174259 2000
196.42617909492074091 1434.3726795078839586 703.05493554939903333 2000
0 5075.4724533222042737 3222.2516158262415047 2000
# Layered model 60063: value=1.00299
7
0.88086108502915638763 259.05126299348131624 134.7848915332906472 2000
4.7766110643590069529 366.97273310994671647 232.97899714807718397 2000
11.050660877822060968 519.85458511187766817 336.67246711546039251 2000
4.4969555750130965066 846.50434990736948748 375.61481475443883937 2000
91.011599390349630312 1085.5842622424745514 636.4664615853870373 2000
137.378350464407049 1434.3726795078839586 696.09399559346434216 2000
0 5662.5439605433421093 3524.1291371125453225 2000
# Layered model 55459: value=1.00457
7
0.82981098807256747918 232.1937910739997335 129.52563149674065812 2000
9.4480999879392033591 430.30439011400761729 257.35375500588003206 2000
2.1182358303114536824 621.82274970571131689 368.21371900248880138 2000
14.262106385193744629 707.69229306062129581 427.48469670322151615 2000
111.63668866301409821 1311.5040636757717039 655.75203183788585193 2000
172.37996102801307075 1600.2841958484607403 857.86062989363665565 2000
0 5496.0093803105519328 3524.1291371125453225 2000
# Layered model 45847: value=1.006
7
0.71475725878312412753 204.02000000000001023 124.4715859750921112 2000
1.7623704695686328581 366.97273310994671647 242.43887867806770942 2000
2.4364626549870855854 519.85458511187766817 244.86326746484840555 2000
17.152509848540038462 525.05313096299641984 330.03868945736735441 2000
151.7931862922840196 1211.1519990219492229 636.4664615853870373 2000
78.231702317386861978 1298.518874926506669 724.35820315148146165 2000
0 5441.5934458520314365 3254.4741319845038561 2000
# Layered model 58929: value=1.00778
7
0.78171948747534747426 277.73801706328180217 132.12909668982516109 2000
3.2922436013438010072 401.35267367907738389 217.30371700757382314 2000
9.8943254097363393385 546.37239354314931461 340.03919178661499245 2000
8.7664366364495549533 628.0409772027684312 346.87397954152595503 2000
115.56021671952601082 1140.9599698472347882 617.74807710114521342 2000
163.24305809164397374 1568.7522751185776997 966.65883012892766146 2000
0 5951.3906116641110202 3127.4856724648830095 2000
# Layered model 59719: value=1.00798
7
0.9166275773342911215 232.1937910739997335 134.7848915332906472 2000
2.6275694493605281643 393.44444042650462734 237.66187499075354594 2000
7.3478335471117706135 530.30366227262641132 301.76751731082049446 2000
10.955593418152698604 591.64301011826387366 314.0204886013842156 2000
66.530438402667385844 1163.8932652411642721 696.09399559346434216 2000
201.39402866830806715 1351.2439483092114187 776.61003718741471857 2000
0 5834.1247050917663728 3740.9340923650820514 2000
# Layered model 59949: value=1.00853
7
0.77397969056965099099 356.18011931459511743 129.52563149674065812 2000
4.997207649021214948 509.61139605124753871 242.43887867806770942 2000
1.4720468420537393683 530.30366227262641132 298.77972010972325734 2000
15.491490953360436578 535.60669889535267885 340.03919178661499245 2000
173.1742706413075723 1211.1519990219492229 717.18633975394197932 2000
85.340940953764061305 1698.7339205814587331 731.60178518299630923 2000
0 5951.3906116641110202 3319.889062037392705 2000
# Layered model 44688: value=1.01159
7
1.1523502918229868719 256.48639900344682019 140.25769861695729901 2000
4.0205017988907894022 499.57003828178363847 257.35375500588003206 2000
8.1174951302537614595 519.85458511187766817 301.76751731082049446 2000
7.9147413812557818602 615.66608881753597871 379.37096290198320503 2000
22.39897227111003275 880.87582099605185704 570.47998492361739409 2000
229.37435682215237875 1272.9329231707740746 753.77005087582631404 2000
0 5951.3906116641110202 3524.1291371125453225 2000
# Layered model 58962: value=1.01427
7
0.70768045424071690519 210.20201001999996038 122.0190039947966909 2000
4.2633287298520645692 381.87329763487036871 235.30878711955796234 2000
11.245740122381949533 535.60669889535267885 323.53562342649479433 2000
2.9799407782269078382 666.67815270388200588 398.72269472609860941 2000
127.60617742007669051 1074.8359032103708159 696.09399559346434216 2000
115.52402636860367124 1364.7563877923034852 717.18633975394197932 2000
0 5719.1694001487758214 3454.6898707112491138 2000
# Layered model 56620: value=1.0147
7
0.70067371707001668835 297.77274671764445202 124.4715859750921112 2000
2.9509160237306826247 401.35267367907738389 215.15219505700380864 2000
16.533655314573156403 519.85458511187766817 333.33907635194100294 2000
7.8328469670208811237 758.74192580396641006 340.03919178661499245 2000
154.70976541771597113 1272.9329231707740746 703.05493554939903333 2000
69.363131401439062529 1537.8416577968605452 717.18633975394197932 2000
0 5606.4791688547938975 3319.889062037392705 2000
# Layered model 60068: value=1.01522
7
0.70768045424071690519 356.18011931459511743 114.9474213237622422 2000
4.3130388216929924639 405.36620041586814978 244.86326746484840555 2000
3.8174029295197033917 447.77647387324060446 287.12143835552120663 2000
16.275158193815396857 568.55730367429941907 353.8461465303106479 2000
154.01411636586277609 1247.851115744313347 662.30955215626477184 2000
56.002419956356874309 1584.4397978697634244 682.37819389615174259 2000
0 5892.4659521426838182 3559.3704284836708212 2000
# Layered model 52189: value=1.01602
7
0.92579385310763406824 229.89484264752448439 133.45038765672342151 2000
3.1481692357115145242 370.6424604410461825 242.43887867806770942 2000
8.077930653287728191 597.55944021944651467 340.03919178661499245 2000
18.491080871501424099 653.5419593215194709 357.3846079956137487 2000
141.49493283605795568 1285.6622524024817267 761.30775138458454876 2000
120.53190452389785037 1507.5401017516526281 816.22495409250768716 2000
0 5719.1694001487758214 3524.1291371125453225 2000
# Layered model 59356: value=1.01786
7
0.68686767676700000163 256.48639900344682019 118.4304431372935511 2000
4.6960229519666398801 397.37888483076966395 240.0384937406610959 2000
3.5436127987743075707 535.60669889535267885 323.53562342649479433 2000
19.65475224453692249 568.55730367429941907 360.95845407556987539 2000
203.4346361716639251 1199.160395071236735 662.30955215626477184 2000
12.661138307237138179 1616.287037806945591 717.18633975394197932 2000
0 5550.9694741136572702 3190.3481344814276781 2000
# Layered model 56317: value=1.0191
7
0.67333366999999999525 216.57134112561604411 128.24319950172341009 2000
1.4392135259392095925 345.70491469443891219 226.12711930598649701 2000
4.8480584831073336716 519.85458511187766817 249.78501914089181923 2000
16.697240462687496176 540.96276588430623633 350.34271933694122936 2000
184.30350055882803417 1223.2635190121686719 717.18633975394197932 2000
41.633691756417903207 1298.518874926506669 808.1435189034727955 2000
0 5496.0093803105519328 3420.4850205061870838 2000
# Layered model 34329: value=1.02456
7
1.1638737947412167717 227.61865608665786453 147.41225085031902609 2000
2.7902746422875246424 381.87329763487036871 232.97899714807718397 2000
3.0064572420178024004 568.55730367429941907 333.33907635194100294 2000
28.26270345619128932 579.98530547815289538 379.37096290198320503 2000
181.18210216636734344 1298.518874926506669 746.30698106517456836 2000
62.05987258955985908 1463.2035703659926185 901.62014360332864271 2000
0 5662.5439605433421093 3254.4741319845038561 2000
# Layered model 60016: value=1.02537
7
0.70067371707001668835 206.06020000000000891 119.61474756866650182 2000
1.1741046553023064547 370.6424604410461825 210.91284683560803614 2000
1.3283908025037542977 434.60743401514764628 226.12711930598649701 2000
15.615270276845947706 475.32374998150709189 307.83304440876798935 2000
47.406967567673873987 973.03492161199847033 642.83112620124086334 2000
206.7530106760898434 1378.4039516702264336 731.60178518299630923 2000
0 5177.4894496339802572 3353.0879526577659817 2000
# Layered model 55367: value=1.02587
7
1.2111317379416270956 244.03800798959338181 143.07687835915814389 2000
3.7598774461511546008 452.25423861197299402 262.52656548149820992 2000
19.65882578638334266 574.24287671104241326 343.43958370448115147 2000
4.8174613296873758372 898.58142499807229342 559.23927548634185314 2000
104.78041177207076373 1247.851115744313347 675.62197415460570937 2000
112.89609238022114823 1337.86529535565478 710.08548490489306459 2000
0 5892.4659521426838182 3454.6898707112491138 2000
# Layered model 54816: value=1.02853
7
0.74377926966632679218 214.42707042140199292 132.12909668982516109 2000
2.7305830739223599934 356.18011931459511743 217.30371700757382314 2000
8.5572156188933696797 484.87775735613541883 317.16069348739807765 2000
10.034522269396825678 751.22962950887767875 410.80439109899407413 2000
104.38247259666201217 1152.3695695457072361 642.83112620124086334 2000
133.28102506589675613 1681.9147728529294454 738.91780303482630643 2000
0 5662.5439605433421093 3420.4850205061870838 2000
# Layered model 52605: value=1.03017
7
0.85495509082215437324 210.20201001999996038 134.7848915332906472 2000
1.5255159668972535503 456.77678099809264722 242.43887867806770942 2000
7.0951922049891731348 585.78515853293447435 254.80569802562376935 2000
22.095824124666663124 597.55944021944651467 379.37096290198320503 2000
160.47732721542118384 1211.1519990219492229 710.08548490489306459 2000
89.201122127280257246 1448.7164063029629233 800.14209792423037015 2000
0 5776.3610941502638525 3559.3704284836708212 2000
# Layered model 58728: value=1.03046
7
0.76631652531648608573 236.86088627458710221 126.97346485319150133 2000
3.4730658015007058737 401.35267367907738389 235.30878711955796234 2000
5.7196349936528827484 640.66460084454411117 301.76751731082049446 2000
19.488278979693426152 680.0783835732299849 353.8461465303106479 2000
82.769391692409442385 1187.2875198725116661 753.77005087582631404 2000
171.84574810480449969 1463.2035703659926185 792.21989893488171219 2000
0 5550.9694741136572702 3319.889062037392705 2000
# Layered model 48365: value=1.03094
7
0.9166275773342911215 272.26548089724713009 141.66027560312687683 2000
3.3227547494829008379 378.09237389591123701 228.38839049904632361 2000
0.8737195295826456487 413.51406104422710541 259.92729255593883408 2000
15.46834822685090316 499.57003828178363847 326.77097966075973545 2000
46.9750876172350047 1211.1519990219492229 636.4664615853870373 2000
165.24526103366122243 1260.3296269017564555 655.75203183788585193 2000
0 5075.4724533222042737 2946.2329760713419091 2000
# Layered model 39673: value=1.03113
7
0.69373635353467000275 218.73705453687213662 125.71630183484305121 2000
3.0312503410561237871 397.37888483076966395 228.38839049904632361 2000
14.548452331320198994 519.85458511187766817 323.53562342649479433 2000
59.806606334108252554 907.56723924805316983 599.58019753561836751 2000
84.081650159568440017 1175.5321978935758125 605.57599951097461144 2000
167.62597417624169793 3086.0843052591712876 1144.8183361474666526 2000
0 5025.2202508140635473 3127.4856724648830095 2000
# Layered model 59127: value=1.03293
7
0.78171948747534747426 244.03800798959338181 132.12909668982516109 2000
0.77010940319220200223 385.69203061121908149 221.671521719426039 2000
2.0218455667557506672 434.60743401514764628 265.15183113631320566 2000
16.20469453353488376 475.32374998150709189 304.78519248392871077 2000
96.994766523032083683 1175.5321978935758125 630.16481345087822774 2000
167.2893005833871598 1392.1879911869286843 792.21989893488171219 2000
0 5281.5569875716228125 3222.2516158262415047 2000
# Layered model 55338: value=1.03302
7
0.74377926966632679218 312.96214944612614772 134.7848915332906472 2000
2.3395409004418770138 332.21562801246449226 204.70993121001342274 2000
0.94358565805965710638 405.36620041586814978 267.80334944767633942 2000
23.439119093305265551 568.55730367429941907 357.3846079956137487 2000
206.87002584067278121 1223.2635190121686719 689.20197583511321682 2000
22.821966955119052045 1463.2035703659926185 703.05493554939903333 2000
0 5126.2271778554259072 3353.0879526577659817 2000
# Layered model 36875: value=1.03313
7
0.68686767676700000163 246.47838806948934121 148.88637335882222601 2000
2.3057725032466107606 328.92636436877671713 200.67633683953869195 2000
12.133014686794787451 519.85458511187766817 330.03868945736735441 2000
11.007325420925129222 693.74795908305191006 386.9963192563130292 2000
49.991417342227876475 1096.4401048648992401 655.75203183788585193 2000
207.93803846741602115 1420.1709698097861292 784.37613755928884984 2000
0 5662.5439605433421093 3287.0188733043487446 2000
# Layered model 49613: value=1.03341
7
0.94440230955509751887 225.36500602639395652 138.86900853164090108 2000
2.9705961429486062997 385.69203061121908149 226.12711930598649701 2000
13.998381633675093028 514.70751001176006412 336.67246711546039251 2000
3.7179307969492114694 789.54989054673001192 343.43958370448115147 2000
95.141824630862259937 1074.8359032103708159 703.05493554939903333 2000
140.38488220327468525 1235.4961542022904268 710.08548490489306459 2000
0 5662.5439605433421093 3386.6188321843433187 2000
# Layered model 59780: value=1.03402
7
0.72190483137095540211 210.20201001999996038 122.0190039947966909 2000
2.650277029647024829 397.37888483076966395 235.30878711955796234 2000
0.73566477429605425797 509.61139605124753871 262.52656548149820992 2000
21.005433763954776794 568.55730367429941907 346.87397954152595503 2000
135.44285377854077979 1211.1519990219492229 655.75203183788585193 2000
104.39402863430623825 1311.5040636757717039 792.21989893488171219 2000
0 5496.0093803105519328 3386.6188321843433187 2000
# Layered model 48943: value=1.03419
7
0.78171948747534747426 239.22949513733300364 143.07687835915814389 2000
4.8197380861762990634 461.34454880807362542 223.88823693662030223 2000
10.138359534625188019 603.53503462164098892 383.16467253100307744 2000
16.788317918423263819 743.79171238502738106 423.25217495368474374 2000
150.19972241341059771 1163.8932652411642721 696.09399559346434216 2000
66.867181016869267296 1857.8802711493058268 710.08548490489306459 2000
0 5662.5439605433421093 3319.889062037392705 2000
# Layered model 53041: value=1.03565
7
0.72912387968466496613 272.26548089724713009 123.2391940347446706 2000
5.7096071577724831769 514.70751001176006412 254.80569802562376935 2000
1.3269963922739211881 519.85458511187766817 343.43958370448115147 2000
17.098906628950921061 540.96276588430623633 357.3846079956137487 2000
193.70483135593923407 1211.1519990219492229 724.35820315148146165 2000
51.70619567001813266 1732.8784723851460967 731.60178518299630923 2000
0 5951.3906116641110202 3287.0188733043487446 2000
# Layered model 57190: value=1.03628
7
0.66666700000000000959 200 112.68250301319697826 2000
3.969883016118321617 405.36620041586814978 242.43887867806770942 2000
5.3224673043517531923 456.77678099809264722 298.77972010972325734 2000
18.339255622148609604 615.66608881753597871 398.72269472609860941 2000
66.454972101379695459 1140.9599698472347882 689.20197583511321682 2000
175.52241604064096236 1463.2035703659926185 703.05493554939903333 2000
0 5776.3610941502638525 3667.2229118371546974 2000
# Layered model 59747: value=1.03646
7
0.84649018893282612641 246.47838806948934121 138.86900853164090108 2000
2.3941102975269372699 349.16196384138328312 223.88823693662030223 2000
12.18908004317148297 574.24287671104241326 323.53562342649479433 2000
17.75227001110552294 585.78515853293447435 383.16467253100307744 2000
201.15410022140912361 1285.6622524024817267 753.77005087582631404 2000
52.567009696205303726 1351.2439483092114187 832.63107566976702856 2000
0 5892.4659521426838182 3778.3434332887322853 2000
# Layered model 45689: value=1.03754
7
1.0964217627731958071 266.90077531344684303 137.49406785310981149 2000
2.6285649318175980937 374.34888504545665455 226.12711930598649701 2000
3.0984675540579105224 535.60669889535267885 281.46401171995017876 2000
15.686174597890939708 557.35447865336664108 353.8461465303106479 2000
89.707059146033302 1074.8359032103708159 662.30955215626477184 2000
195.38222575252024171 1537.8416577968605452 840.95738642646472272 2000
0 5662.5439605433421093 3630.9137740961928102 2000
# Layered model 59088: value=1.03809
7
0.95384633265064855401 239.22949513733300364 144.50764714274973244 2000
2.5903506940441705098 397.37888483076966395 223.88823693662030223 2000
3.8446261620008428395 470.61757423911592468 270.48138294215311817 2000
15.120805657843982672 568.55730367429941907 333.33907635194100294 2000
75.114734275536932273 1247.851115744313347 662.30955215626477184 2000
203.91363682409846092 1364.7563877923034852 840.95738642646472272 2000
0 5496.0093803105519328 3559.3704284836708212 2000
# Layered model 58871: value=1.04183
7
0.67333366999999999525 229.89484264752448439 122.0190039947966909 2000
1.5691777475851105272 316.09177094058742341 200.67633683953869195 2000
3.6936411033398104387 530.30366227262641132 270.48138294215311817 2000
20.458157569685941013 634.3213869747961553 360.95845407556987539 2000
205.62158175309792796 1199.160395071236735 717.18633975394197932 2000
25.142125873556153692 1247.851115744313347 816.22495409250768716 2000
0 5229.2643441303198415 3454.6898707112491138 2000
# Layered model 54120: value=1.04271
7
0.81346043336199147511 204.02000000000001023 134.7848915332906472 2000
2.7661785635997757637 480.0769874813221918 240.0384937406610959 2000
14.333741089217030051 557.35447865336664108 304.78519248392871077 2000
7.9608578224682595703 707.69229306062129581 431.75954367025371994 2000
120.92862959613127316 1129.6633364824106138 703.05493554939903333 2000
107.80903122518694204 1392.1879911869286843 724.35820315148146165 2000
0 5550.9694741136572702 3454.6898707112491138 2000
# Layered model 42792: value=1.04364
7
0.72912387968466496613 214.42707042140199292 130.82088781170807579 2000
1.5358126520762964695 342.28209375687021065 204.70993121001342274 2000
0.87511755595208384761 397.37888483076966395 247.31190013949688478 2000
17.441395995537693153 484.87775735613541883 307.83304440876798935 2000
52.572599774736445966 982.76527082811844593 642.83112620124086334 2000
184.00396785927776477 1351.2439483092114187 710.08548490489306459 2000
0 5281.5569875716228125 3353.0879526577659817 2000
# Layered model 58759: value=1.04409
7
0.68006700669999997633 223.13366933306332385 120.81089504435318815 2000
2.7942953368886866983 381.87329763487036871 226.12711930598649701 2000
1.4392280397501560074 519.85458511187766817 247.31190013949688478 2000
12.814230837075673008 535.60669889535267885 346.87397954152595503 2000
74.238744903464223057 1163.8932652411642721 636.4664615853870373 2000
175.63309831635825731 1260.3296269017564555 731.60178518299630923 2000
0 5334.3725574473392044 3254.4741319845038561 2000
# Layered model 53247: value=1.04491
7
0.69373635353467000275 234.51572898473969531 117.25786449236984765 2000
6.8561821613949929244 401.35267367907738389 237.66187499075354594 2000
3.0217790509336985849 557.35447865336664108 368.21371900248880138 2000
16.622386514803096702 721.91690815113975077 383.16467253100307744 2000
195.76862758878863247 1129.6633364824106138 662.30955215626477184 2000
14.518403219248227742 1584.4397978697634244 1005.9090549340709231 2000
0 5281.5569875716228125 3222.2516158262415047 2000
# Layered model 47747: value=1.04764
7
0.92579385310763406824 244.03800798959338181 132.12909668982516109 2000
3.8039508183346661951 409.41986242002684548 228.38839049904632361 2000
3.2712920651370493985 540.96276588430623633 289.99265273907644769 2000
19.46498818489377669 615.66608881753597871 383.16467253100307744 2000
72.120587899357190054 1298.518874926506669 682.37819389615174259 2000
181.66332390924637252 1364.7563877923034852 738.91780303482630643 2000
0 5776.3610941502638525 3703.8951409555261307 2000
# Layered model 58523: value=1.04815
7
0.69373635353467000275 246.47838806948934121 130.82088781170807579 2000
3.6741034971674095821 443.343043438852078 217.30371700757382314 2000
10.023701757648138866 597.55944021944651467 343.43958370448115147 2000
18.46187476861688026 621.82274970571131689 386.9963192563130292 2000
29.533912758425309164 1107.4045059135482916 649.2594374632533345 2000
194.77068858187254818 1272.9329231707740746 731.60178518299630923 2000
0 5550.9694741136572702 3667.2229118371546974 2000
# Layered model 57228: value=1.04875
7
0.69373635353467000275 206.06020000000000891 123.2391940347446706 2000
1.8331816421569575581 381.87329763487036871 213.02197530396412617 2000
1.6220071059755478693 385.69203061121908149 230.67227440403681271 2000
11.427848371299173635 438.95350835529916367 289.99265273907644769 2000
51.310887616623503504 944.41810850615354411 599.58019753561836751 2000
177.78936906135606932 1522.6155027691690975 696.09399559346434216 2000
0 5387.7162830218130694 3319.889062037392705 2000
# Layered model 49269: value=1.04878
7
0.79743204917360199779 246.47838806948934121 129.52563149674065812 2000
7.0590434326354509764 484.87775735613541883 252.28286933230072009 2000
3.3655945104144500135 509.61139605124753871 304.78519248392871077 2000
16.796022030171233297 714.7692159912274974 410.80439109899407413 2000
30.753594129837626525 838.12311872016766756 553.70225295677414579 2000
255.00996575913723063 1522.6155027691690975 816.22495409250768716 2000
0 5892.4659521426838182 3353.0879526577659817 2000
# Layered model 60175: value=1.04931
7
0.92579385310763406824 253.94692970638300267 137.49406785310981149 2000
2.0668463269059769161 405.36620041586814978 226.12711930598649701 2000
1.872300793589203316 434.60743401514764628 267.80334944767633942 2000
15.716509109647926579 551.83611747858083163 364.56803861632556618 2000
51.13117599065101615 1260.3296269017564555 581.94663262058213604 2000
229.82537387227327486 1448.7164063029629233 792.21989893488171219 2000
0 5334.3725574473392044 3454.6898707112491138 2000
# Layered model 59417: value=1.0501
7
0.68006700669999997633 212.30403012019999665 119.61474756866650182 2000
0.93477235976250383498 397.37888483076966395 237.66187499075354594 2000
4.4406298201330081099 525.05313096299641984 242.43887867806770942 2000
15.575841696532496172 557.35447865336664108 350.34271933694122936 2000
17.452043057730804776 1118.4785509726837063 668.93264767782739 2000
210.51168451612116428 1129.6633364824106138 689.20197583511321682 2000
0 5334.3725574473392044 3287.0188733043487446 2000
# Layered model 55035: value=1.05147
7
1.0226523737123833779 214.42707042140199292 141.66027560312687683 2000
4.6913944971696617259 413.51406104422710541 244.86326746484840555 2000
2.7792148506958032073 686.87916740896230294 340.03919178661499245 2000
25.35564602502773468 766.32934506200615488 375.61481475443883937 2000
105.828983526470779 1187.2875198725116661 717.18633975394197932 2000
127.92177316716063729 1378.4039516702264336 731.60178518299630923 2000
0 5951.3906116641110202 3489.2367694183617459 2000
# Layered model 59352: value=1.05185
7
0.95384633265064855401 229.89484264752448439 141.66027560312687683 2000
1.6756746666072215302 370.6424604410461825 240.0384937406610959 2000
3.1320501541477079321 452.25423861197299402 292.89257926646723718 2000
14.819878929845161863 475.32374998150709189 307.83304440876798935 2000
72.304781701866772892 1163.8932652411642721 642.83112620124086334 2000
188.36370494495918138 1553.2200743748294371 800.14209792423037015 2000
0 5606.4791688547938975 3667.2229118371546974 2000
# Layered model 53265: value=1.05332
7
0.73641511848151164354 206.06020000000000891 124.4715859750921112 2000
3.8542284618336584145 397.37888483076966395 237.66187499075354594 2000
4.7912012342477812155 609.57038496785742154 307.83304440876798935 2000
19.199410857481922221 714.7692159912274974 419.06155936008383378 2000
127.25294635028606649 1129.6633364824106138 682.37819389615174259 2000
93.760836434649036164 1223.2635190121686719 746.30698106517456836 2000
0 5892.4659521426838182 3353.0879526577659817 2000
# Layered model 57615: value=1.05356
7
0.72912387968466496613 363.33933971281851427 125.71630183484305121 2000
4.2418853044081163972 370.6424604410461825 232.97899714807718397 2000
5.9210213897138084249 743.79171238502738106 336.67246711546039251 2000
23.295366250265050923 751.22962950887767875 423.25217495368474374 2000
89.769639572890312706 1118.4785509726837063 738.91780303482630643 2000
162.94602406138926654 1477.8356060696526129 832.63107566976702856 2000
0 5441.5934458520314365 3319.889062037392705 2000
# Layered model 57628: value=1.05391
7
1.0432076864240023006 291.90544722835448965 136.13274044862356504 2000
5.0223682084958802818 434.60743401514764628 275.91805873929041582 2000
15.575738919889648315 484.87775735613541883 320.33230042227205558 2000
4.4916654729239979815 805.41984334671917622 440.43791049802592852 2000
20.616474869993222541 1107.4045059135482916 668.93264767782739 2000
200.37434529472866984 1187.2875198725116661 703.05493554939903333 2000
0 5281.5569875716228125 3454.6898707112491138 2000
# Layered model 56051: value=1.05493
7
0.81346043336199147511 300.75047418482091643 141.66027560312687683 2000
1.3630990551613721973 338.89316213551506962 192.84601530560954075 2000
2.2276081102306446446 461.34454880807362542 292.89257926646723718 2000
14.043474251772433803 470.61757423911592468 304.78519248392871077 2000
179.42044388354929652 1118.4785509726837063 689.20197583511321682 2000
69.731578706161258197 1492.6139621303491367 816.22495409250768716 2000
0 5075.4724533222042737 3353.0879526577659817 2000
# Layered model 51618: value=1.05622
7
0.70768045424071690519 206.06020000000000891 128.24319950172341009 2000
4.2633287298520645692 405.36620041586814978 213.02197530396412617 2000
10.154645682715617738 525.05313096299641984 336.67246711546039251 2000
12.615030303879459339 700.68543867388245872 402.70992167335958811 2000
122.01291997093652242 1096.4401048648992401 703.05493554939903333 2000
112.57328873175762851 1285.6622524024817267 753.77005087582631404 2000
0 5662.5439605433421093 3353.0879526577659817 2000
# Layered model 59841: value=1.05658
7
0.79743204917360199779 212.30403012019999665 125.71630183484305121 2000
4.479394368563522022 374.34888504545665455 235.30878711955796234 2000
2.4120126216005690623 562.92802343990035752 357.3846079956137487 2000
25.493111501399077667 680.0783835732299849 371.89585619251369053 2000
77.923681135078027182 1129.6633364824106138 710.08548490489306459 2000
146.05238604145017689 1211.1519990219492229 731.60178518299630923 2000
0 5441.5934458520314365 3222.2516158262415047 2000
# Layered model 47357: value=1.05727
7
0.83810909795329313621 269.56978306658129441 137.49406785310981149 2000
0.76074175993037396193 393.44444042650462734 226.12711930598649701 2000
2.1199291129455932747 430.30439011400761729 249.78501914089181923 2000
13.833518267204912178 475.32374998150709189 307.83304440876798935 2000
92.453277678614142587 1175.5321978935758125 564.83166824120530691 2000
147.15244180061665702 1420.1709698097861292 792.21989893488171219 2000
0 5229.2643441303198415 3353.0879526577659817 2000
# Layered model 37784: value=1.058
7
0.78171948747534747426 345.70491469443891219 124.4715859750921112 2000
4.7093672428958388565 401.35267367907738389 240.0384937406610959 2000
12.601427156669398499 591.64301011826387366 350.34271933694122936 2000
14.11356039682089758 686.87916740896230294 371.89585619251369053 2000
110.27934260380371256 1272.9329231707740746 710.08548490489306459 2000
144.41764357068601043 1568.7522751185776997 753.77005087582631404 2000
0 5550.9694741136572702 3386.6188321843433187 2000
# Layered model 51427: value=1.05816
7
0.94440230955509751887 223.13366933306332385 140.25769861695729901 2000
2.3613342466825066879 389.54895091733129675 232.97899714807718397 2000
1.8584963187262313333 557.35447865336664108 292.89257926646723718 2000
18.969135974219060614 609.57038496785742154 350.34271933694122936 2000
141.28777675034851313 1152.3695695457072361 649.2594374632533345 2000
115.82879113054528375 1337.86529535565478 832.63107566976702856 2000
0 5892.4659521426838182 3489.2367694183617459 2000
# Layered model 58312: value=1.05833
7
0.9350517916387104389 227.61865608665786453 150.37523709241045822 2000
3.520581640062481199 397.37888483076966395 235.30878711955796234 2000
3.3877512723271880901 540.96276588430623633 336.67246711546039251 2000
23.106019655716000472 585.78515853293447435 383.16467253100307744 2000
174.95291910615864595 1406.1098710987980667 710.08548490489306459 2000
61.697340974333968688 1463.2035703659926185 883.85466484004371068 2000
0 5776.3610941502638525 3222.2516158262415047 2000
# Layered model 55212: value=1.05852
7
0.69373635353467000275 256.48639900344682019 123.2391940347446706 2000
1.1078888125766188644 363.33933971281851427 221.671521719426039 2000
1.1860285555769860544 401.35267367907738389 228.38839049904632361 2000
19.974418664666817591 494.62380027899376955 307.83304440876798935 2000
24.727046820041966413 1064.193963574624604 668.93264767782739 2000
214.63777466698493868 1477.8356060696526129 717.18633975394197932 2000
0 5334.3725574473392044 3319.889062037392705 2000
# Layered model 56067: value=1.06215
7
0.88966969587944799702 266.90077531344684303 132.12909668982516109 2000
2.9101892312726209688 434.60743401514764628 237.66187499075354594 2000
4.6934027944257792342 480.0769874813221918 270.48138294215311817 2000
29.270893220504429877 693.74795908305191006 383.16467253100307744 2000
51.497688076490668152 1247.851115744313347 703.05493554939903333 2000
203.40796895499113361 1364.7563877923034852 808.1435189034727955 2000
0 5776.3610941502638525 3524.1291371125453225 2000
# Layered model 48410: value=1.06274
7
0.75872923298661987257 212.30403012019999665 136.13274044862356504 2000
2.0604731894254935121 338.89316213551506962 219.47675417764958183 2000
16.196211504441357931 480.0769874813221918 304.78519248392871077 2000
5.1179549223294245053 609.57038496785742154 390.86628244887617711 2000
188.00800092006048203 1140.9599698472347882 682.37819389615174259 2000
25.339745119459962552 1803.2402872066572854 761.30775138458454876 2000
0 5719.1694001487758214 3287.0188733043487446 2000
# Layered model 50032: value=1.0654
7
0.99257631868005891107 227.61865608665786453 143.07687835915814389 2000
5.6412547079430783725 426.04395060792825234 259.92729255593883408 2000
12.571737039498870558 557.35447865336664108 368.21371900248880138 2000
14.981828757949632092 797.44538945219721882 414.91243500998399441 2000
139.67188970009127047 1152.3695695457072361 689.20197583511321682 2000
78.231702317386861978 1211.1519990219492229 703.05493554939903333 2000
0 5951.3906116641110202 3594.9641327685076249 2000
# Layered model 58695: value=1.0655
7
1.1523502918229868719 259.05126299348131624 150.37523709241045822 2000
4.3387364385481994589 389.54895091733129675 252.28286933230072009 2000
8.477201768184301045 461.34454880807362542 292.89257926646723718 2000
9.6895576431785528371 660.07737891473470881 423.25217495368474374 2000
29.547394637192162747 1311.5040636757717039 642.83112620124086334 2000
198.88574806262357697 1392.1879911869286843 703.05493554939903333 2000
0 5177.4894496339802572 3287.0188733043487446 2000
# Layered model 54001: value=1.06599
7
0.73641511848151164354 225.36500602639395652 126.97346485319150133 2000
3.8087765451968742525 378.09237389591123701 228.38839049904632361 2000
12.841358564050013413 585.78515853293447435 353.8461465303106479 2000
13.872348175613424814 963.40091248712724337 394.77494527336500596 2000
58.002944615231122327 1118.4785509726837063 703.05493554939903333 2000
181.01381806606639202 1732.8784723851460967 710.08548490489306459 2000
0 5496.0093803105519328 3353.0879526577659817 2000
# Layered model 54519: value=1.06708
7
0.82159503769561137432 236.86088627458710221 137.49406785310981149 2000
4.3000406956843653106 456.77678099809264722 249.78501914089181923 2000
2.415702801408468936 546.37239354314931461 275.91805873929041582 2000
16.596030314394450755 585.78515853293447435 326.77097966075973545 2000
194.43609656543833353 1223.2635190121686719 689.20197583511321682 2000
51.70619567001813266 1492.6139621303491367 776.61003718741471857 2000
0 5606.4791688547938975 3353.0879526577659817 2000
# Layered model 57746: value=1.06752
7
0.95384633265064855401 236.86088627458710221 129.52563149674065812 2000
5.3580162665623189966 413.51406104422710541 240.0384937406610959 2000
2.7039058625700596039 540.96276588430623633 346.87397954152595503 2000
19.851299766982293704 615.66608881753597871 368.21371900248880138 2000
65.886176815233056914 1140.9599698472347882 675.62197415460570937 2000
149.92378510694754823 1211.1519990219492229 717.18633975394197932 2000
0 5719.1694001487758214 3190.3481344814276781 2000
# Layered model 50107: value=1.06825
7
0.66666700000000000959 264.25819337965032219 122.0190039947966909 2000
2.8775300266948193872 356.18011931459511743 217.30371700757382314 2000
6.819196332645796943 504.56573866460144018 289.99265273907644769 2000
15.001019843920882835 693.74795908305191006 343.43958370448115147 2000
161.03627417139543354 1152.3695695457072361 710.08548490489306459 2000
60.723113077798473114 1406.1098710987980667 731.60178518299630923 2000
0 5662.5439605433421093 3222.2516158262415047 2000
# Layered model 53685: value=1.06974
7
0.72912387968466496613 236.86088627458710221 125.71630183484305121 2000
1.8485851677203641863 352.65358347979713471 221.671521719426039 2000
7.7856843119355865213 489.7265349296968111 301.76751731082049446 2000
16.030916731270245634 916.6429116405337254 368.21371900248880138 2000
207.94174067153502961 1187.2875198725116661 689.20197583511321682 2000
17.754938079403871143 1272.9329231707740746 717.18633975394197932 2000
0 5606.4791688547938975 3319.889062037392705 2000
# Layered model 48971: value=1.07003
7
0.79743204917360199779 202 126.97346485319150133 2000
1.8320889500842680864 381.87329763487036871 230.67227440403681271 2000
4.1939332493908345612 504.56573866460144018 295.82150505913193683 2000
16.368238861569938791 597.55944021944651467 333.33907635194100294 2000
85.724718688443061865 1378.4039516702264336 617.74807710114521342 2000
177.98664865968950721 1406.1098710987980667 800.14209792423037015 2000
0 5719.1694001487758214 3630.9137740961928102 2000
# Layered model 55823: value=1.07104
7
0.67333366999999999525 206.06020000000000891 123.2391940347446706 2000
2.5996728213243609495 370.6424604410461825 230.67227440403681271 2000
1.0443816066601585568 470.61757423911592468 273.1861967715746573 2000
16.677749131939560101 504.56573866460144018 317.16069348739807765 2000
124.35423653718318349 1298.518874926506669 605.57599951097461144 2000
109.2625249628580093 1537.8416577968605452 832.63107566976702856 2000
0 5334.3725574473392044 3489.2367694183617459 2000
# Layered model 58496: value=1.07157
7
0.82981098807256747918 405.36620041586814978 132.12909668982516109 2000
5.2357649068473151033 430.30439011400761729 228.38839049904632361 2000
4.2978174644207340904 634.3213869747961553 360.95845407556987539 2000
20.895505044001208006 700.68543867388245872 394.77494527336500596 2000
149.65977232944106845 1163.8932652411642721 717.18633975394197932 2000
84.031492079332934964 1732.8784723851460967 746.30698106517456836 2000
0 5662.5439605433421093 3524.1291371125453225 2000
# Layered model 55965: value=1.07165
7
1.0328788974495071162 253.94692970638300267 134.7848915332906472 2000
3.4673108685686973018 438.95350835529916367 254.80569802562376935 2000
5.3602234225660279066 574.24287671104241326 317.16069348739807765 2000
18.437859754034452209 789.54989054673001192 350.34271933694122936 2000
119.97262323720742927 1199.160395071236735 710.08548490489306459 2000
132.97904055025057346 1364.7563877923034852 784.37613755928884984 2000
0 5951.3906116641110202 3454.6898707112491138 2000
# Layered model 54945: value=1.07245
7
0.66666700000000000959 246.47838806948934121 124.4715859750921112 2000
4.7700525350209757036 405.36620041586814978 240.0384937406610959 2000
0.92763943816177985013 535.60669889535267885 340.03919178661499245 2000
17.76900987600014048 551.83611747858083163 360.95845407556987539 2000
183.82797785137918822 1163.8932652411642721 642.83112620124086334 2000
39.162453751893337994 1448.7164063029629233 919.74270848975561421 2000
0 5606.4791688547938975 3190.3481344814276781 2000
# Layered model 55612: value=1.07324
7
0.70067371707001668835 266.90077531344684303 138.86900853164090108 2000
1.3294426150198521697 309.86351430309520083 200.67633683953869195 2000
5.2131178495547363383 546.37239354314931461 257.35375500588003206 2000
18.121179021616892868 640.66460084454411117 375.61481475443883937 2000
53.066629799285358615 1129.6633364824106138 675.62197415460570937 2000
226.12233694308991971 1392.1879911869286843 800.14209792423037015 2000
0 5951.3906116641110202 3778.3434332887322853 2000
# Layered model 56396: value=1.07378
7
0.80540636966533807328 204.02000000000001023 124.4715859750921112 2000
5.2601695252545441761 389.54895091733129675 249.78501914089181923 2000
8.18347520245657023 585.78515853293447435 323.53562342649479433 2000
23.51510384470582693 628.0409772027684312 410.80439109899407413 2000
182.99100512668513829 1211.1519990219492229 753.77005087582631404 2000
99.333503046020695137 2289.6366722949333052 928.94013557465291342 2000
0 5662.5439605433421093 3386.6188321843433187 2000
# Layered model 50633: value=1.07442
7
0.69373635353467000275 259.05126299348131624 133.45038765672342151 2000
2.8504606731601493941 345.70491469443891219 213.02197530396412617 2000
10.563774356846224123 530.30366227262641132 295.82150505913193683 2000
7.0971172186822766292 813.47404178018632592 357.3846079956137487 2000
161.5227688378873836 1140.9599698472347882 668.93264767782739 2000
61.949172710835227917 1665.2621513395340571 696.09399559346434216 2000
0 5834.1247050917663728 3420.4850205061870838 2000
