# 60015 2_reports/tar1_ln4_tr2.report
# Layered model 59340: value=0.154572
4
8.6136431506656236934 525.05313096299641984 178.09005965729755872 2000
6.3253428548205175019 621.82274970571131689 202.68310020793407489 2000
21.573893834835224936 898.58142499807229342 275.91805873929041582 2000
0 944.41810850615354411 537.41795160518540797 2000
# Layered model 59249: value=0.154572
4
8.6136431506656236934 525.05313096299641984 178.09005965729755872 2000
6.3253428548205175019 621.82274970571131689 202.68310020793407489 2000
21.573893834835224936 898.58142499807229342 275.91805873929041582 2000
0 935.06743416450854056 537.41795160518540797 2000
# Layered model 59338: value=0.154572
4
8.6136431506656236934 525.05313096299641984 178.09005965729755872 2000
6.3253428548205175019 621.82274970571131689 202.68310020793407489 2000
21.573893834835224936 898.58142499807229342 275.91805873929041582 2000
0 953.86228959121501703 537.41795160518540797 2000
# Layered model 59256: value=0.154573
4
8.6136431506656236934 525.05313096299641984 178.09005965729755872 2000
6.3253428548205175019 615.66608881753597871 202.68310020793407489 2000
21.573893834835224936 907.56723924805316983 275.91805873929041582 2000
0 935.06743416450854056 537.41795160518540797 2000
# Layered model 59384: value=0.154573
4
8.6136431506656236934 525.05313096299641984 178.09005965729755872 2000
6.3253428548205175019 615.66608881753597871 202.68310020793407489 2000
21.573893834835224936 907.56723924805316983 275.91805873929041582 2000
0 925.80934075693903651 537.41795160518540797 2000
# Layered model 59317: value=0.154574
4
8.6136431506656236934 525.05313096299641984 178.09005965729755872 2000
6.3253428548205175019 621.82274970571131689 202.68310020793407489 2000
21.573893834835224936 898.58142499807229342 275.91805873929041582 2000
0 925.80934075693903651 537.41795160518540797 2000
# Layered model 59222: value=0.154574
4
8.6136431506656236934 525.05313096299641984 178.09005965729755872 2000
6.3253428548205175019 615.66608881753597871 202.68310020793407489 2000
21.573893834835224936 907.56723924805316983 275.91805873929041582 2000
0 944.41810850615354411 537.41795160518540797 2000
# Layered model 58604: value=0.154574
4
8.6136431506656236934 525.05313096299641984 178.09005965729755872 2000
6.3253428548205175019 621.82274970571131689 202.68310020793407489 2000
21.573893834835224936 898.58142499807229342 275.91805873929041582 2000
0 963.40091248712724337 537.41795160518540797 2000
# Layered model 58934: value=0.154575
4
8.6136431506656236934 525.05313096299641984 178.09005965729755872 2000
6.3253428548205175019 615.66608881753597871 202.68310020793407489 2000
21.573893834835224936 907.56723924805316983 275.91805873929041582 2000
0 916.6429116405337254 537.41795160518540797 2000
# Layered model 59335: value=0.154576
4
8.6136431506656236934 525.05313096299641984 178.09005965729755872 2000
6.3253428548205175019 615.66608881753597871 202.68310020793407489 2000
21.573893834835224936 907.56723924805316983 275.91805873929041582 2000
0 953.86228959121501703 537.41795160518540797 2000
# Layered model 59265: value=0.154577
4
8.6136431506656236934 525.05313096299641984 178.09005965729755872 2000
6.3253428548205175019 621.82274970571131689 202.68310020793407489 2000
21.573893834835224936 898.58142499807229342 275.91805873929041582 2000
0 916.6429116405337254 537.41795160518540797 2000
# Layered model 59071: value=0.154577
4
8.6136431506656236934 525.05313096299641984 178.09005965729755872 2000
6.3253428548205175019 621.82274970571131689 202.68310020793407489 2000
21.573893834835224936 898.58142499807229342 275.91805873929041582 2000
0 973.03492161199847033 537.41795160518540797 2000
# Layered model 59377: value=0.154578
4
8.6136431506656236934 525.05313096299641984 178.09005965729755872 2000
6.3253428548205175019 621.82274970571131689 202.68310020793407489 2000
21.573893834835224936 907.56723924805316983 275.91805873929041582 2000
0 916.6429116405337254 537.41795160518540797 2000
# Layered model 59072: value=0.154579
4
8.6136431506656236934 525.05313096299641984 178.09005965729755872 2000
6.3253428548205175019 615.66608881753597871 202.68310020793407489 2000
21.573893834835224936 916.6429116405337254 275.91805873929041582 2000
0 925.80934075693903651 537.41795160518540797 2000
# Layered model 59267: value=0.154579
4
8.6136431506656236934 525.05313096299641984 178.09005965729755872 2000
6.3253428548205175019 615.66608881753597871 202.68310020793407489 2000
21.573893834835224936 907.56723924805316983 275.91805873929041582 2000
0 963.40091248712724337 537.41795160518540797 2000
# Layered model 58996: value=0.154581
4
8.6136431506656236934 525.05313096299641984 178.09005965729755872 2000
6.3253428548205175019 621.82274970571131689 202.68310020793407489 2000
21.573893834835224936 898.58142499807229342 275.91805873929041582 2000
0 982.76527082811844593 537.41795160518540797 2000
# Layered model 59403: value=0.154582
4
8.6136431506656236934 525.05313096299641984 178.09005965729755872 2000
6.3253428548205175019 621.82274970571131689 202.68310020793407489 2000
21.573893834835224936 898.58142499807229342 275.91805873929041582 2000
0 907.56723924805316983 537.41795160518540797 2000
# Layered model 59111: value=0.154582
4
8.6136431506656236934 525.05313096299641984 178.09005965729755872 2000
6.3253428548205175019 621.82274970571131689 202.68310020793407489 2000
21.573893834835224936 889.68457920601224487 275.91805873929041582 2000
0 1012.5440412994812505 537.41795160518540797 2000
# Layered model 59003: value=0.154582
4
8.6136431506656236934 525.05313096299641984 178.09005965729755872 2000
6.3253428548205175019 621.82274970571131689 202.68310020793407489 2000
21.573893834835224936 889.68457920601224487 275.91805873929041582 2000
0 1002.5188527717638181 537.41795160518540797 2000
# Layered model 58874: value=0.154583
4
8.6136431506656236934 525.05313096299641984 178.09005965729755872 2000
6.3253428548205175019 621.82274970571131689 202.68310020793407489 2000
21.573893834835224936 889.68457920601224487 275.91805873929041582 2000
0 1022.6694817124763404 537.41795160518540797 2000
# Layered model 59115: value=0.154583
4
8.6136431506656236934 525.05313096299641984 178.09005965729755872 2000
6.3253428548205175019 621.82274970571131689 202.68310020793407489 2000
21.573893834835224936 907.56723924805316983 275.91805873929041582 2000
0 925.80934075693903651 537.41795160518540797 2000
# Layered model 59301: value=0.154584
4
8.6136431506656236934 525.05313096299641984 178.09005965729755872 2000
6.3253428548205175019 615.66608881753597871 202.68310020793407489 2000
21.573893834835224936 907.56723924805316983 275.91805873929041582 2000
0 973.03492161199847033 537.41795160518540797 2000
# Layered model 59142: value=0.154584
4
8.6136431506656236934 525.05313096299641984 178.09005965729755872 2000
6.3253428548205175019 621.82274970571131689 202.68310020793407489 2000
21.573893834835224936 889.68457920601224487 275.91805873929041582 2000
0 992.59292353639978046 537.41795160518540797 2000
# Layered model 59289: value=0.154584
4
8.6136431506656236934 525.05313096299641984 178.09005965729755872 2000
6.3253428548205175019 621.82274970571131689 202.68310020793407489 2000
21.573893834835224936 889.68457920601224487 275.91805873929041582 2000
0 1032.8961765296010071 537.41795160518540797 2000
# Layered model 59150: value=0.154585
4
8.6136431506656236934 525.05313096299641984 178.09005965729755872 2000
6.3253428548205175019 621.82274970571131689 202.68310020793407489 2000
21.573893834835224936 898.58142499807229342 275.91805873929041582 2000
0 992.59292353639978046 537.41795160518540797 2000
# Layered model 59017: value=0.154585
4
8.6136431506656236934 525.05313096299641984 178.09005965729755872 2000
6.3253428548205175019 621.82274970571131689 202.68310020793407489 2000
21.573893834835224936 889.68457920601224487 275.91805873929041582 2000
0 1043.2251382948970786 537.41795160518540797 2000
# Layered model 59052: value=0.154586
4
8.6136431506656236934 525.05313096299641984 178.09005965729755872 2000
6.3253428548205175019 621.82274970571131689 202.68310020793407489 2000
21.573893834835224936 889.68457920601224487 275.91805873929041582 2000
0 982.76527082811844593 537.41795160518540797 2000
# Layered model 59423: value=0.154587
4
8.6136431506656236934 525.05313096299641984 178.09005965729755872 2000
6.3253428548205175019 615.66608881753597871 202.68310020793407489 2000
21.573893834835224936 916.6429116405337254 275.91805873929041582 2000
0 935.06743416450854056 537.41795160518540797 2000
# Layered model 59038: value=0.154588
4
8.6136431506656236934 525.05313096299641984 178.09005965729755872 2000
6.3253428548205175019 621.82274970571131689 202.68310020793407489 2000
21.573893834835224936 889.68457920601224487 275.91805873929041582 2000
0 1053.6573896778461403 537.41795160518540797 2000
# Layered model 59213: value=0.154588
4
8.6136431506656236934 525.05313096299641984 178.09005965729755872 2000
6.3253428548205175019 615.66608881753597871 202.68310020793407489 2000
21.573893834835224936 907.56723924805316983 275.91805873929041582 2000
0 982.76527082811844593 537.41795160518540797 2000
# Layered model 59332: value=0.154589
4
8.6136431506656236934 525.05313096299641984 178.09005965729755872 2000
6.3253428548205175019 621.82274970571131689 202.68310020793407489 2000
21.573893834835224936 889.68457920601224487 275.91805873929041582 2000
0 973.03492161199847033 537.41795160518540797 2000
# Layered model 59271: value=0.154589
4
8.6136431506656236934 525.05313096299641984 178.09005965729755872 2000
6.3253428548205175019 621.82274970571131689 202.68310020793407489 2000
21.573893834835224936 907.56723924805316983 275.91805873929041582 2000
0 935.06743416450854056 537.41795160518540797 2000
# Layered model 58997: value=0.15459
4
8.6136431506656236934 525.05313096299641984 178.09005965729755872 2000
6.3253428548205175019 621.82274970571131689 202.68310020793407489 2000
21.573893834835224936 889.68457920601224487 275.91805873929041582 2000
0 1064.193963574624604 537.41795160518540797 2000
# Layered model 59067: value=0.15459
4
8.6136431506656236934 525.05313096299641984 178.09005965729755872 2000
6.3253428548205175019 621.82274970571131689 202.68310020793407489 2000
21.573893834835224936 898.58142499807229342 275.91805873929041582 2000
0 1002.5188527717638181 537.41795160518540797 2000
# Layered model 59922: value=0.15459
4
8.6136431506656236934 530.30366227262641132 178.09005965729755872 2000
6.3253428548205175019 609.57038496785742154 202.68310020793407489 2000
21.573893834835224936 907.56723924805316983 275.91805873929041582 2000
0 935.06743416450854056 537.41795160518540797 2000
# Layered model 59835: value=0.154591
4
8.6136431506656236934 530.30366227262641132 178.09005965729755872 2000
6.3253428548205175019 609.57038496785742154 202.68310020793407489 2000
21.573893834835224936 907.56723924805316983 275.91805873929041582 2000
0 944.41810850615354411 537.41795160518540797 2000
# Layered model 59309: value=0.154593
4
8.6136431506656236934 525.05313096299641984 178.09005965729755872 2000
6.3253428548205175019 621.82274970571131689 202.68310020793407489 2000
21.573893834835224936 889.68457920601224487 275.91805873929041582 2000
0 963.40091248712724337 537.41795160518540797 2000
# Layered model 59027: value=0.154593
4
8.6136431506656236934 525.05313096299641984 178.09005965729755872 2000
6.3253428548205175019 621.82274970571131689 202.68310020793407489 2000
21.573893834835224936 889.68457920601224487 275.91805873929041582 2000
0 1074.8359032103708159 537.41795160518540797 2000
# Layered model 59093: value=0.154594
4
8.6136431506656236934 525.05313096299641984 178.09005965729755872 2000
6.3253428548205175019 628.0409772027684312 202.68310020793407489 2000
21.573893834835224936 880.87582099605185704 275.91805873929041582 2000
0 1032.8961765296010071 537.41795160518540797 2000
# Layered model 59279: value=0.154594
4
8.6136431506656236934 525.05313096299641984 178.09005965729755872 2000
6.3253428548205175019 628.0409772027684312 202.68310020793407489 2000
21.573893834835224936 880.87582099605185704 275.91805873929041582 2000
0 1022.6694817124763404 537.41795160518540797 2000
# Layered model 59348: value=0.154594
4
8.6136431506656236934 525.05313096299641984 178.09005965729755872 2000
6.3253428548205175019 628.0409772027684312 202.68310020793407489 2000
21.573893834835224936 889.68457920601224487 275.91805873929041582 2000
0 953.86228959121501703 537.41795160518540797 2000
# Layered model 58947: value=0.154594
4
8.6136431506656236934 525.05313096299641984 178.09005965729755872 2000
6.3253428548205175019 628.0409772027684312 202.68310020793407489 2000
21.573893834835224936 880.87582099605185704 275.91805873929041582 2000
0 1043.2251382948970786 537.41795160518540797 2000
# Layered model 59446: value=0.154594
4
8.6136431506656236934 525.05313096299641984 178.09005965729755872 2000
6.3253428548205175019 615.66608881753597871 202.68310020793407489 2000
21.573893834835224936 907.56723924805316983 275.91805873929041582 2000
0 992.59292353639978046 537.41795160518540797 2000
# Layered model 59287: value=0.154594
4
8.6136431506656236934 525.05313096299641984 178.09005965729755872 2000
6.3253428548205175019 628.0409772027684312 202.68310020793407489 2000
21.573893834835224936 889.68457920601224487 275.91805873929041582 2000
0 963.40091248712724337 537.41795160518540797 2000
# Layered model 59341: value=0.154594
4
8.6136431506656236934 525.05313096299641984 178.09005965729755872 2000
6.3253428548205175019 615.66608881753597871 202.68310020793407489 2000
21.573893834835224936 898.58142499807229342 275.91805873929041582 2000
0 992.59292353639978046 537.41795160518540797 2000
# Layered model 59320: value=0.154595
4
8.6136431506656236934 525.05313096299641984 178.09005965729755872 2000
6.3253428548205175019 628.0409772027684312 202.68310020793407489 2000
21.573893834835224936 889.68457920601224487 275.91805873929041582 2000
0 944.41810850615354411 537.41795160518540797 2000
# Layered model 59005: value=0.154595
4
8.6136431506656236934 525.05313096299641984 178.09005965729755872 2000
6.3253428548205175019 628.0409772027684312 202.68310020793407489 2000
21.573893834835224936 880.87582099605185704 275.91805873929041582 2000
0 1012.5440412994812505 537.41795160518540797 2000
# Layered model 59107: value=0.154595
4
8.6136431506656236934 525.05313096299641984 178.09005965729755872 2000
6.3253428548205175019 628.0409772027684312 202.68310020793407489 2000
21.573893834835224936 880.87582099605185704 275.91805873929041582 2000
0 1053.6573896778461403 537.41795160518540797 2000
# Layered model 59386: value=0.154595
4
8.6136431506656236934 525.05313096299641984 178.09005965729755872 2000
6.3253428548205175019 615.66608881753597871 202.68310020793407489 2000
21.573893834835224936 916.6429116405337254 275.91805873929041582 2000
0 944.41810850615354411 537.41795160518540797 2000
# Layered model 59298: value=0.154595
4
8.6136431506656236934 525.05313096299641984 178.09005965729755872 2000
6.3253428548205175019 615.66608881753597871 202.68310020793407489 2000
21.573893834835224936 898.58142499807229342 275.91805873929041582 2000
0 982.76527082811844593 537.41795160518540797 2000
# Layered model 59354: value=0.154595
4
8.6136431506656236934 525.05313096299641984 178.09005965729755872 2000
6.3253428548205175019 628.0409772027684312 202.68310020793407489 2000
21.573893834835224936 889.68457920601224487 275.91805873929041582 2000
0 973.03492161199847033 537.41795160518540797 2000
# Layered model 59305: value=0.154595
4
8.6136431506656236934 525.05313096299641984 178.09005965729755872 2000
6.3253428548205175019 615.66608881753597871 202.68310020793407489 2000
21.573893834835224936 898.58142499807229342 275.91805873929041582 2000
0 1012.5440412994812505 537.41795160518540797 2000
# Layered model 59078: value=0.154596
4
8.6136431506656236934 525.05313096299641984 178.09005965729755872 2000
6.3253428548205175019 621.82274970571131689 202.68310020793407489 2000
21.573893834835224936 907.56723924805316983 275.91805873929041582 2000
0 944.41810850615354411 537.41795160518540797 2000
# Layered model 59091: value=0.154596
4
8.6136431506656236934 525.05313096299641984 178.09005965729755872 2000
6.3253428548205175019 621.82274970571131689 202.68310020793407489 2000
21.573893834835224936 898.58142499807229342 275.91805873929041582 2000
0 1012.5440412994812505 537.41795160518540797 2000
# Layered model 58979: value=0.154596
4
8.6136431506656236934 525.05313096299641984 178.09005965729755872 2000
6.3253428548205175019 628.0409772027684312 202.68310020793407489 2000
21.573893834835224936 880.87582099605185704 275.91805873929041582 2000
0 1064.193963574624604 537.41795160518540797 2000
# Layered model 59242: value=0.154597
4
8.6136431506656236934 525.05313096299641984 178.09005965729755872 2000
6.3253428548205175019 628.0409772027684312 202.68310020793407489 2000
21.573893834835224936 880.87582099605185704 275.91805873929041582 2000
0 1002.5188527717638181 537.41795160518540797 2000
# Layered model 59355: value=0.154597
4
8.6136431506656236934 525.05313096299641984 178.09005965729755872 2000
6.3253428548205175019 615.66608881753597871 202.68310020793407489 2000
21.573893834835224936 898.58142499807229342 275.91805873929041582 2000
0 973.03492161199847033 537.41795160518540797 2000
# Layered model 59352: value=0.154597
4
8.6136431506656236934 525.05313096299641984 178.09005965729755872 2000
6.3253428548205175019 628.0409772027684312 202.68310020793407489 2000
21.573893834835224936 889.68457920601224487 275.91805873929041582 2000
0 935.06743416450854056 537.41795160518540797 2000
# Layered model 59274: value=0.154597
4
8.6136431506656236934 525.05313096299641984 178.09005965729755872 2000
6.3253428548205175019 615.66608881753597871 202.68310020793407489 2000
21.573893834835224936 898.58142499807229342 275.91805873929041582 2000
0 1022.6694817124763404 537.41795160518540797 2000
# Layered model 58891: value=0.154597
4
8.6136431506656236934 525.05313096299641984 178.09005965729755872 2000
6.3253428548205175019 621.82274970571131689 202.68310020793407489 2000
21.573893834835224936 889.68457920601224487 275.91805873929041582 2000
0 1085.5842622424745514 537.41795160518540797 2000
# Layered model 59104: value=0.154598
4
8.6136431506656236934 525.05313096299641984 178.09005965729755872 2000
6.3253428548205175019 628.0409772027684312 202.68310020793407489 2000
21.573893834835224936 889.68457920601224487 275.91805873929041582 2000
0 982.76527082811844593 537.41795160518540797 2000
# Layered model 59276: value=0.154598
4
8.6136431506656236934 525.05313096299641984 178.09005965729755872 2000
6.3253428548205175019 621.82274970571131689 202.68310020793407489 2000
21.573893834835224936 889.68457920601224487 275.91805873929041582 2000
0 953.86228959121501703 537.41795160518540797 2000
# Layered model 58985: value=0.154598
4
8.6136431506656236934 525.05313096299641984 178.09005965729755872 2000
6.3253428548205175019 628.0409772027684312 202.68310020793407489 2000
21.573893834835224936 880.87582099605185704 275.91805873929041582 2000
0 1074.8359032103708159 537.41795160518540797 2000
# Layered model 59323: value=0.154599
4
8.6136431506656236934 525.05313096299641984 178.09005965729755872 2000
6.3253428548205175019 615.66608881753597871 202.68310020793407489 2000
21.573893834835224936 898.58142499807229342 275.91805873929041582 2000
0 1032.8961765296010071 537.41795160518540797 2000
# Layered model 59264: value=0.154599
4
8.6136431506656236934 525.05313096299641984 178.09005965729755872 2000
6.3253428548205175019 628.0409772027684312 202.68310020793407489 2000
21.573893834835224936 880.87582099605185704 275.91805873929041582 2000
0 992.59292353639978046 537.41795160518540797 2000
# Layered model 59369: value=0.154599
4
8.6136431506656236934 525.05313096299641984 178.09005965729755872 2000
6.3253428548205175019 615.66608881753597871 202.68310020793407489 2000
21.573893834835224936 898.58142499807229342 275.91805873929041582 2000
0 963.40091248712724337 537.41795160518540797 2000
# Layered model 59454: value=0.1546
4
8.6136431506656236934 525.05313096299641984 178.09005965729755872 2000
6.3253428548205175019 615.66608881753597871 202.68310020793407489 2000
21.573893834835224936 907.56723924805316983 275.91805873929041582 2000
0 1002.5188527717638181 537.41795160518540797 2000
# Layered model 59397: value=0.1546
4
8.6136431506656236934 525.05313096299641984 178.09005965729755872 2000
6.3253428548205175019 628.0409772027684312 202.68310020793407489 2000
21.573893834835224936 889.68457920601224487 275.91805873929041582 2000
0 925.80934075693903651 537.41795160518540797 2000
# Layered model 59084: value=0.154601
4
8.6136431506656236934 525.05313096299641984 178.09005965729755872 2000
6.3253428548205175019 628.0409772027684312 202.68310020793407489 2000
21.573893834835224936 889.68457920601224487 275.91805873929041582 2000
0 992.59292353639978046 537.41795160518540797 2000
# Layered model 59467: value=0.154601
4
8.6136431506656236934 525.05313096299641984 178.09005965729755872 2000
6.3253428548205175019 609.57038496785742154 202.68310020793407489 2000
21.573893834835224936 916.6429116405337254 275.91805873929041582 2000
0 925.80934075693903651 537.41795160518540797 2000
# Layered model 59087: value=0.154601
4
8.6136431506656236934 525.05313096299641984 178.09005965729755872 2000
6.3253428548205175019 628.0409772027684312 202.68310020793407489 2000
21.573893834835224936 880.87582099605185704 275.91805873929041582 2000
0 1085.5842622424745514 537.41795160518540797 2000
# Layered model 58637: value=0.154601
4
8.6136431506656236934 525.05313096299641984 178.09005965729755872 2000
6.3253428548205175019 621.82274970571131689 202.68310020793407489 2000
21.573893834835224936 889.68457920601224487 275.91805873929041582 2000
0 1096.4401048648992401 537.41795160518540797 2000
# Layered model 59362: value=0.154602
4
8.6136431506656236934 525.05313096299641984 178.09005965729755872 2000
6.3253428548205175019 609.57038496785742154 202.68310020793407489 2000
21.573893834835224936 916.6429116405337254 275.91805873929041582 2000
0 935.06743416450854056 537.41795160518540797 2000
# Layered model 59939: value=0.154602
4
8.6136431506656236934 530.30366227262641132 178.09005965729755872 2000
6.3253428548205175019 603.53503462164098892 202.68310020793407489 2000
21.573893834835224936 916.6429116405337254 275.91805873929041582 2000
0 973.03492161199847033 537.41795160518540797 2000
# Layered model 59066: value=0.154602
4
8.6136431506656236934 525.05313096299641984 178.09005965729755872 2000
6.3253428548205175019 615.66608881753597871 202.68310020793407489 2000
21.573893834835224936 898.58142499807229342 275.91805873929041582 2000
0 1043.2251382948970786 537.41795160518540797 2000
# Layered model 59100: value=0.154602
4
8.6136431506656236934 525.05313096299641984 178.09005965729755872 2000
6.3253428548205175019 621.82274970571131689 202.68310020793407489 2000
21.573893834835224936 898.58142499807229342 275.91805873929041582 2000
0 1022.6694817124763404 537.41795160518540797 2000
# Layered model 59036: value=0.154603
4
8.6136431506656236934 525.05313096299641984 178.09005965729755872 2000
6.3253428548205175019 628.0409772027684312 202.68310020793407489 2000
21.573893834835224936 880.87582099605185704 275.91805873929041582 2000
0 982.76527082811844593 537.41795160518540797 2000
# Layered model 60005: value=0.154603
4
8.6136431506656236934 530.30366227262641132 178.09005965729755872 2000
6.3253428548205175019 609.57038496785742154 202.68310020793407489 2000
21.573893834835224936 907.56723924805316983 275.91805873929041582 2000
0 982.76527082811844593 537.41795160518540797 2000
# Layered model 58942: value=0.154603
4
8.6136431506656236934 525.05313096299641984 178.09005965729755872 2000
6.3253428548205175019 621.82274970571131689 202.68310020793407489 2000
21.573893834835224936 880.87582099605185704 275.91805873929041582 2000
0 1107.4045059135482916 537.41795160518540797 2000
# Layered model 58919: value=0.154603
4
8.6136431506656236934 525.05313096299641984 178.09005965729755872 2000
6.3253428548205175019 621.82274970571131689 202.68310020793407489 2000
21.573893834835224936 880.87582099605185704 275.91805873929041582 2000
0 1118.4785509726837063 537.41795160518540797 2000
# Layered model 59383: value=0.154603
4
8.6136431506656236934 525.05313096299641984 178.09005965729755872 2000
6.3253428548205175019 615.66608881753597871 202.68310020793407489 2000
21.573893834835224936 898.58142499807229342 275.91805873929041582 2000
0 953.86228959121501703 537.41795160518540797 2000
# Layered model 58895: value=0.154604
4
8.6136431506656236934 525.05313096299641984 178.09005965729755872 2000
6.3253428548205175019 621.82274970571131689 202.68310020793407489 2000
21.573893834835224936 880.87582099605185704 275.91805873929041582 2000
0 1096.4401048648992401 537.41795160518540797 2000
# Layered model 58940: value=0.154604
4
8.6136431506656236934 525.05313096299641984 178.09005965729755872 2000
6.3253428548205175019 621.82274970571131689 202.68310020793407489 2000
21.573893834835224936 880.87582099605185704 275.91805873929041582 2000
0 1129.6633364824106138 537.41795160518540797 2000
# Layered model 59064: value=0.154604
4
8.6136431506656236934 525.05313096299641984 178.09005965729755872 2000
6.3253428548205175019 628.0409772027684312 202.68310020793407489 2000
21.573893834835224936 880.87582099605185704 275.91805873929041582 2000
0 1096.4401048648992401 537.41795160518540797 2000
# Layered model 59474: value=0.154604
4
8.6136431506656236934 525.05313096299641984 178.09005965729755872 2000
6.3253428548205175019 609.57038496785742154 202.68310020793407489 2000
21.573893834835224936 916.6429116405337254 275.91805873929041582 2000
0 944.41810850615354411 537.41795160518540797 2000
# Layered model 59268: value=0.154604
4
8.6136431506656236934 525.05313096299641984 178.09005965729755872 2000
6.3253428548205175019 621.82274970571131689 202.68310020793407489 2000
21.573893834835224936 907.56723924805316983 275.91805873929041582 2000
0 953.86228959121501703 537.41795160518540797 2000
# Layered model 58584: value=0.154604
4
8.6136431506656236934 525.05313096299641984 178.09005965729755872 2000
6.3253428548205175019 628.0409772027684312 202.68310020793407489 2000
21.573893834835224936 872.15427821391256202 275.91805873929041582 2000
0 1140.9599698472347882 537.41795160518540797 2000
# Layered model 58856: value=0.154604
4
8.6136431506656236934 525.05313096299641984 178.09005965729755872 2000
6.3253428548205175019 628.0409772027684312 202.68310020793407489 2000
21.573893834835224936 872.15427821391256202 275.91805873929041582 2000
0 1152.3695695457072361 537.41795160518540797 2000
# Layered model 59395: value=0.154604
4
8.6136431506656236934 525.05313096299641984 178.09005965729755872 2000
6.3253428548205175019 615.66608881753597871 202.68310020793407489 2000
21.573893834835224936 916.6429116405337254 275.91805873929041582 2000
0 953.86228959121501703 537.41795160518540797 2000
# Layered model 59046: value=0.154604
4
8.6136431506656236934 525.05313096299641984 178.09005965729755872 2000
6.3253428548205175019 628.0409772027684312 202.68310020793407489 2000
21.573893834835224936 889.68457920601224487 275.91805873929041582 2000
0 1002.5188527717638181 537.41795160518540797 2000
# Layered model 58993: value=0.154604
4
8.6136431506656236934 525.05313096299641984 178.09005965729755872 2000
6.3253428548205175019 628.0409772027684312 202.68310020793407489 2000
21.573893834835224936 872.15427821391256202 275.91805873929041582 2000
0 1129.6633364824106138 537.41795160518540797 2000
# Layered model 59007: value=0.154604
4
8.6136431506656236934 525.05313096299641984 178.09005965729755872 2000
6.3253428548205175019 621.82274970571131689 202.68310020793407489 2000
21.573893834835224936 880.87582099605185704 275.91805873929041582 2000
0 1140.9599698472347882 537.41795160518540797 2000
# Layered model 58898: value=0.154604
4
8.6136431506656236934 525.05313096299641984 178.09005965729755872 2000
6.3253428548205175019 621.82274970571131689 202.68310020793407489 2000
21.573893834835224936 880.87582099605185704 275.91805873929041582 2000
0 1085.5842622424745514 537.41795160518540797 2000
# Layered model 58844: value=0.154605
4
8.6136431506656236934 525.05313096299641984 178.09005965729755872 2000
6.3253428548205175019 628.0409772027684312 202.68310020793407489 2000
21.573893834835224936 872.15427821391256202 275.91805873929041582 2000
0 1163.8932652411642721 537.41795160518540797 2000
# Layered model 59288: value=0.154605
4
8.6136431506656236934 525.05313096299641984 178.09005965729755872 2000
6.3253428548205175019 621.82274970571131689 202.68310020793407489 2000
21.573893834835224936 889.68457920601224487 275.91805873929041582 2000
0 944.41810850615354411 537.41795160518540797 2000
# Layered model 59410: value=0.154605
4
8.6136431506656236934 525.05313096299641984 178.09005965729755872 2000
6.3253428548205175019 628.0409772027684312 202.68310020793407489 2000
21.573893834835224936 898.58142499807229342 275.91805873929041582 2000
0 907.56723924805316983 537.41795160518540797 2000
# Layered model 58938: value=0.154605
4
8.6136431506656236934 525.05313096299641984 178.09005965729755872 2000
6.3253428548205175019 628.0409772027684312 202.68310020793407489 2000
21.573893834835224936 872.15427821391256202 275.91805873929041582 2000
0 1118.4785509726837063 537.41795160518540797 2000
# Layered model 58946: value=0.154605
4
8.6136431506656236934 525.05313096299641984 178.09005965729755872 2000
6.3253428548205175019 621.82274970571131689 202.68310020793407489 2000
21.573893834835224936 889.68457920601224487 275.91805873929041582 2000
0 1107.4045059135482916 537.41795160518540797 2000
# Layered model 59190: value=0.154605
4
8.6136431506656236934 525.05313096299641984 178.09005965729755872 2000
6.3253428548205175019 615.66608881753597871 202.68310020793407489 2000
21.573893834835224936 898.58142499807229342 275.91805873929041582 2000
0 1053.6573896778461403 537.41795160518540797 2000
# Layered model 58800: value=0.154605
4
8.6136431506656236934 525.05313096299641984 178.09005965729755872 2000
6.3253428548205175019 628.0409772027684312 202.68310020793407489 2000
21.573893834835224936 872.15427821391256202 275.91805873929041582 2000
0 1175.5321978935758125 537.41795160518540797 2000
