# 60051 2_reports/tar1_ln4_tr0.report
# Layered model 59880: value=0.153249
4
8.0341004834302811588 504.56573866460144018 178.09005965729755872 2000
6.6105284798930608048 615.66608881753597871 198.68944241538483197 2000
21.868250876998025944 973.03492161199847033 275.91805873929041582 2000
0 1492.6139621303491367 526.82869483892307017 2000
# Layered model 60044: value=0.153252
4
8.0341004834302811588 504.56573866460144018 178.09005965729755872 2000
6.6105284798930608048 609.57038496785742154 198.68944241538483197 2000
21.868250876998025944 982.76527082811844593 275.91805873929041582 2000
0 1477.8356060696526129 526.82869483892307017 2000
# Layered model 59963: value=0.153254
4
8.0341004834302811588 504.56573866460144018 178.09005965729755872 2000
6.6105284798930608048 609.57038496785742154 198.68944241538483197 2000
21.868250876998025944 982.76527082811844593 275.91805873929041582 2000
0 1448.7164063029629233 526.82869483892307017 2000
# Layered model 59911: value=0.153255
4
8.0341004834302811588 504.56573866460144018 178.09005965729755872 2000
6.6105284798930608048 609.57038496785742154 198.68944241538483197 2000
21.868250876998025944 992.59292353639978046 275.91805873929041582 2000
0 1311.5040636757717039 526.82869483892307017 2000
# Layered model 60024: value=0.153255
4
8.0341004834302811588 504.56573866460144018 178.09005965729755872 2000
6.6105284798930608048 609.57038496785742154 198.68944241538483197 2000
21.868250876998025944 992.59292353639978046 275.91805873929041582 2000
0 1378.4039516702264336 526.82869483892307017 2000
# Layered model 59957: value=0.153255
4
8.0341004834302811588 504.56573866460144018 178.09005965729755872 2000
6.6105284798930608048 609.57038496785742154 198.68944241538483197 2000
21.868250876998025944 992.59292353639978046 275.91805873929041582 2000
0 1298.518874926506669 526.82869483892307017 2000
# Layered model 59837: value=0.153256
4
8.0341004834302811588 504.56573866460144018 178.09005965729755872 2000
6.6105284798930608048 609.57038496785742154 198.68944241538483197 2000
21.868250876998025944 992.59292353639978046 275.91805873929041582 2000
0 1285.6622524024817267 526.82869483892307017 2000
# Layered model 59924: value=0.153256
4
8.0341004834302811588 504.56573866460144018 178.09005965729755872 2000
6.6105284798930608048 609.57038496785742154 198.68944241538483197 2000
21.868250876998025944 982.76527082811844593 275.91805873929041582 2000
0 1420.1709698097861292 526.82869483892307017 2000
# Layered model 59901: value=0.153256
4
8.0341004834302811588 504.56573866460144018 178.09005965729755872 2000
6.6105284798930608048 609.57038496785742154 198.68944241538483197 2000
21.868250876998025944 992.59292353639978046 275.91805873929041582 2000
0 1272.9329231707740746 526.82869483892307017 2000
# Layered model 59974: value=0.153257
4
8.0341004834302811588 504.56573866460144018 178.09005965729755872 2000
6.6105284798930608048 609.57038496785742154 198.68944241538483197 2000
21.868250876998025944 982.76527082811844593 275.91805873929041582 2000
0 1406.1098710987980667 526.82869483892307017 2000
# Layered model 59906: value=0.153257
4
8.0341004834302811588 504.56573866460144018 178.09005965729755872 2000
6.6105284798930608048 609.57038496785742154 198.68944241538483197 2000
21.868250876998025944 992.59292353639978046 275.91805873929041582 2000
0 1260.3296269017564555 526.82869483892307017 2000
# Layered model 59983: value=0.153258
4
8.0341004834302811588 504.56573866460144018 178.09005965729755872 2000
6.6105284798930608048 609.57038496785742154 198.68944241538483197 2000
21.868250876998025944 982.76527082811844593 275.91805873929041582 2000
0 1392.1879911869286843 526.82869483892307017 2000
# Layered model 59981: value=0.153258
4
8.0341004834302811588 504.56573866460144018 178.09005965729755872 2000
6.6105284798930608048 609.57038496785742154 198.68944241538483197 2000
21.868250876998025944 992.59292353639978046 275.91805873929041582 2000
0 1463.2035703659926185 526.82869483892307017 2000
# Layered model 59875: value=0.153258
4
8.0341004834302811588 504.56573866460144018 178.09005965729755872 2000
6.6105284798930608048 609.57038496785742154 198.68944241538483197 2000
21.868250876998025944 992.59292353639978046 275.91805873929041582 2000
0 1247.851115744313347 526.82869483892307017 2000
# Layered model 60004: value=0.153259
4
8.0341004834302811588 504.56573866460144018 178.09005965729755872 2000
6.6105284798930608048 609.57038496785742154 198.68944241538483197 2000
21.868250876998025944 992.59292353639978046 275.91805873929041582 2000
0 1477.8356060696526129 526.82869483892307017 2000
# Layered model 60009: value=0.15326
4
8.0341004834302811588 504.56573866460144018 178.09005965729755872 2000
6.6105284798930608048 609.57038496785742154 198.68944241538483197 2000
21.868250876998025944 982.76527082811844593 275.91805873929041582 2000
0 1378.4039516702264336 526.82869483892307017 2000
# Layered model 59970: value=0.15326
4
8.0341004834302811588 504.56573866460144018 178.09005965729755872 2000
6.6105284798930608048 609.57038496785742154 198.68944241538483197 2000
21.868250876998025944 992.59292353639978046 275.91805873929041582 2000
0 1235.4961542022904268 526.82869483892307017 2000
# Layered model 60032: value=0.15326
4
8.0341004834302811588 504.56573866460144018 178.09005965729755872 2000
6.6105284798930608048 609.57038496785742154 198.68944241538483197 2000
21.868250876998025944 992.59292353639978046 275.91805873929041582 2000
0 1492.6139621303491367 526.82869483892307017 2000
# Layered model 60040: value=0.153261
4
8.0341004834302811588 504.56573866460144018 178.09005965729755872 2000
6.6105284798930608048 609.57038496785742154 198.68944241538483197 2000
21.868250876998025944 982.76527082811844593 275.91805873929041582 2000
0 1364.7563877923034852 526.82869483892307017 2000
# Layered model 60019: value=0.153261
4
8.0341004834302811588 504.56573866460144018 178.09005965729755872 2000
6.6105284798930608048 609.57038496785742154 198.68944241538483197 2000
21.868250876998025944 992.59292353639978046 275.91805873929041582 2000
0 1223.2635190121686719 526.82869483892307017 2000
# Layered model 59980: value=0.153263
4
8.0341004834302811588 504.56573866460144018 178.09005965729755872 2000
6.6105284798930608048 609.57038496785742154 198.68944241538483197 2000
21.868250876998025944 982.76527082811844593 275.91805873929041582 2000
0 1351.2439483092114187 526.82869483892307017 2000
# Layered model 60050: value=0.153263
4
8.0341004834302811588 504.56573866460144018 178.09005965729755872 2000
6.6105284798930608048 609.57038496785742154 198.68944241538483197 2000
21.868250876998025944 992.59292353639978046 275.91805873929041582 2000
0 1211.1519990219492229 526.82869483892307017 2000
# Layered model 59872: value=0.153265
4
8.0341004834302811588 504.56573866460144018 178.09005965729755872 2000
6.6105284798930608048 609.57038496785742154 198.68944241538483197 2000
21.868250876998025944 982.76527082811844593 275.91805873929041582 2000
0 1337.86529535565478 526.82869483892307017 2000
# Layered model 60003: value=0.153265
4
8.0341004834302811588 504.56573866460144018 178.09005965729755872 2000
6.6105284798930608048 615.66608881753597871 198.68944241538483197 2000
21.868250876998025944 982.76527082811844593 275.91805873929041582 2000
0 1337.86529535565478 526.82869483892307017 2000
# Layered model 60030: value=0.153265
4
8.0341004834302811588 504.56573866460144018 178.09005965729755872 2000
6.6105284798930608048 615.66608881753597871 198.68944241538483197 2000
21.868250876998025944 982.76527082811844593 275.91805873929041582 2000
0 1311.5040636757717039 526.82869483892307017 2000
# Layered model 59834: value=0.153265
4
8.0341004834302811588 504.56573866460144018 178.09005965729755872 2000
6.6105284798930608048 609.57038496785742154 198.68944241538483197 2000
21.868250876998025944 992.59292353639978046 275.91805873929041582 2000
0 1199.160395071236735 526.82869483892307017 2000
# Layered model 59898: value=0.153266
4
8.0341004834302811588 504.56573866460144018 178.09005965729755872 2000
6.6105284798930608048 609.57038496785742154 198.68944241538483197 2000
21.868250876998025944 1002.5188527717638181 275.91805873929041582 2000
0 1187.2875198725116661 526.82869483892307017 2000
# Layered model 59407: value=0.153266
4
8.0341004834302811588 504.56573866460144018 178.09005965729755872 2000
6.6105284798930608048 609.57038496785742154 198.68944241538483197 2000
21.868250876998025944 1002.5188527717638181 275.91805873929041582 2000
0 1163.8932652411642721 526.82869483892307017 2000
# Layered model 60007: value=0.153266
4
8.0341004834302811588 504.56573866460144018 178.09005965729755872 2000
6.6105284798930608048 609.57038496785742154 198.68944241538483197 2000
21.868250876998025944 1002.5188527717638181 275.91805873929041582 2000
0 1199.160395071236735 526.82869483892307017 2000
# Layered model 59914: value=0.153267
4
8.0341004834302811588 504.56573866460144018 178.09005965729755872 2000
6.6105284798930608048 609.57038496785742154 198.68944241538483197 2000
21.868250876998025944 1002.5188527717638181 275.91805873929041582 2000
0 1211.1519990219492229 526.82869483892307017 2000
# Layered model 59804: value=0.153267
4
8.0341004834302811588 504.56573866460144018 178.09005965729755872 2000
6.6105284798930608048 609.57038496785742154 198.68944241538483197 2000
21.868250876998025944 1002.5188527717638181 275.91805873929041582 2000
0 1152.3695695457072361 526.82869483892307017 2000
# Layered model 59943: value=0.153267
4
8.0341004834302811588 504.56573866460144018 178.09005965729755872 2000
6.6105284798930608048 615.66608881753597871 198.68944241538483197 2000
21.868250876998025944 982.76527082811844593 275.91805873929041582 2000
0 1406.1098710987980667 526.82869483892307017 2000
# Layered model 59879: value=0.153267
4
8.0341004834302811588 504.56573866460144018 178.09005965729755872 2000
6.6105284798930608048 609.57038496785742154 198.68944241538483197 2000
21.868250876998025944 1002.5188527717638181 275.91805873929041582 2000
0 1223.2635190121686719 526.82869483892307017 2000
# Layered model 60018: value=0.153267
4
8.0341004834302811588 504.56573866460144018 178.09005965729755872 2000
6.6105284798930608048 609.57038496785742154 198.68944241538483197 2000
21.868250876998025944 992.59292353639978046 275.91805873929041582 2000
0 1187.2875198725116661 526.82869483892307017 2000
# Layered model 59909: value=0.153267
4
8.0341004834302811588 504.56573866460144018 178.09005965729755872 2000
6.6105284798930608048 609.57038496785742154 198.68944241538483197 2000
21.868250876998025944 1002.5188527717638181 275.91805873929041582 2000
0 1140.9599698472347882 526.82869483892307017 2000
# Layered model 59876: value=0.153268
4
8.0341004834302811588 504.56573866460144018 178.09005965729755872 2000
6.6105284798930608048 615.66608881753597871 198.68944241538483197 2000
21.868250876998025944 973.03492161199847033 275.91805873929041582 2000
0 1298.518874926506669 526.82869483892307017 2000
# Layered model 59870: value=0.153268
4
8.0341004834302811588 504.56573866460144018 178.09005965729755872 2000
6.6105284798930608048 609.57038496785742154 198.68944241538483197 2000
21.868250876998025944 1002.5188527717638181 275.91805873929041582 2000
0 1235.4961542022904268 526.82869483892307017 2000
# Layered model 59883: value=0.153269
4
8.0341004834302811588 504.56573866460144018 178.09005965729755872 2000
6.6105284798930608048 609.57038496785742154 198.68944241538483197 2000
21.868250876998025944 1002.5188527717638181 275.91805873929041582 2000
0 1129.6633364824106138 526.82869483892307017 2000
# Layered model 59950: value=0.153269
4
8.0341004834302811588 504.56573866460144018 178.09005965729755872 2000
6.6105284798930608048 609.57038496785742154 198.68944241538483197 2000
21.868250876998025944 1002.5188527717638181 275.91805873929041582 2000
0 1247.851115744313347 526.82869483892307017 2000
# Layered model 59984: value=0.153269
4
8.0341004834302811588 504.56573866460144018 178.09005965729755872 2000
6.6105284798930608048 615.66608881753597871 198.68944241538483197 2000
21.868250876998025944 982.76527082811844593 275.91805873929041582 2000
0 1448.7164063029629233 526.82869483892307017 2000
# Layered model 60005: value=0.15327
4
8.0341004834302811588 504.56573866460144018 178.09005965729755872 2000
6.6105284798930608048 615.66608881753597871 198.68944241538483197 2000
21.868250876998025944 982.76527082811844593 275.91805873929041582 2000
0 1463.2035703659926185 526.82869483892307017 2000
# Layered model 60010: value=0.15327
4
8.0341004834302811588 504.56573866460144018 178.09005965729755872 2000
6.6105284798930608048 615.66608881753597871 198.68944241538483197 2000
21.868250876998025944 982.76527082811844593 275.91805873929041582 2000
0 1223.2635190121686719 526.82869483892307017 2000
# Layered model 59844: value=0.15327
4
8.0341004834302811588 504.56573866460144018 178.09005965729755872 2000
6.6105284798930608048 609.57038496785742154 198.68944241538483197 2000
21.868250876998025944 1002.5188527717638181 275.91805873929041582 2000
0 1260.3296269017564555 526.82869483892307017 2000
# Layered model 59951: value=0.153271
4
8.0341004834302811588 504.56573866460144018 178.09005965729755872 2000
6.6105284798930608048 615.66608881753597871 198.68944241538483197 2000
21.868250876998025944 982.76527082811844593 275.91805873929041582 2000
0 1477.8356060696526129 526.82869483892307017 2000
# Layered model 59817: value=0.153272
4
8.0341004834302811588 504.56573866460144018 178.09005965729755872 2000
6.6105284798930608048 609.57038496785742154 198.68944241538483197 2000
21.868250876998025944 1002.5188527717638181 275.91805873929041582 2000
0 1272.9329231707740746 526.82869483892307017 2000
# Layered model 60014: value=0.153272
4
8.0341004834302811588 504.56573866460144018 178.09005965729755872 2000
6.6105284798930608048 615.66608881753597871 198.68944241538483197 2000
21.868250876998025944 982.76527082811844593 275.91805873929041582 2000
0 1492.6139621303491367 526.82869483892307017 2000
# Layered model 59997: value=0.153272
4
8.0341004834302811588 504.56573866460144018 178.09005965729755872 2000
6.6105284798930608048 609.57038496785742154 198.68944241538483197 2000
21.868250876998025944 1002.5188527717638181 275.91805873929041582 2000
0 1107.4045059135482916 526.82869483892307017 2000
# Layered model 59575: value=0.153273
4
8.0341004834302811588 504.56573866460144018 178.09005965729755872 2000
6.6105284798930608048 609.57038496785742154 198.68944241538483197 2000
21.868250876998025944 1002.5188527717638181 275.91805873929041582 2000
0 1285.6622524024817267 526.82869483892307017 2000
# Layered model 59935: value=0.153273
4
8.0341004834302811588 504.56573866460144018 178.09005965729755872 2000
6.6105284798930608048 609.57038496785742154 198.68944241538483197 2000
21.868250876998025944 992.59292353639978046 275.91805873929041582 2000
0 1163.8932652411642721 526.82869483892307017 2000
# Layered model 60042: value=0.153276
4
8.0341004834302811588 504.56573866460144018 178.09005965729755872 2000
6.6105284798930608048 615.66608881753597871 198.68944241538483197 2000
21.868250876998025944 982.76527082811844593 275.91805873929041582 2000
0 1187.2875198725116661 526.82869483892307017 2000
# Layered model 60022: value=0.153278
4
8.0341004834302811588 504.56573866460144018 178.09005965729755872 2000
6.6105284798930608048 609.57038496785742154 198.68944241538483197 2000
21.868250876998025944 1002.5188527717638181 275.91805873929041582 2000
0 1324.6191043125295437 526.82869483892307017 2000
# Layered model 59869: value=0.153279
4
8.0341004834302811588 509.61139605124753871 178.09005965729755872 2000
6.6105284798930608048 597.55944021944651467 198.68944241538483197 2000
21.868250876998025944 1002.5188527717638181 275.91805873929041582 2000
0 1420.1709698097861292 526.82869483892307017 2000
# Layered model 59796: value=0.153279
4
8.0341004834302811588 509.61139605124753871 178.09005965729755872 2000
6.6105284798930608048 597.55944021944651467 198.68944241538483197 2000
21.868250876998025944 1002.5188527717638181 275.91805873929041582 2000
0 1406.1098710987980667 526.82869483892307017 2000
# Layered model 59857: value=0.153279
4
8.0341004834302811588 509.61139605124753871 178.09005965729755872 2000
6.6105284798930608048 597.55944021944651467 198.68944241538483197 2000
21.868250876998025944 1002.5188527717638181 275.91805873929041582 2000
0 1434.3726795078839586 526.82869483892307017 2000
# Layered model 59740: value=0.153279
4
8.0341004834302811588 509.61139605124753871 178.09005965729755872 2000
6.6105284798930608048 597.55944021944651467 198.68944241538483197 2000
21.868250876998025944 1002.5188527717638181 275.91805873929041582 2000
0 1392.1879911869286843 526.82869483892307017 2000
# Layered model 59497: value=0.153279
4
8.0341004834302811588 509.61139605124753871 178.09005965729755872 2000
6.6105284798930608048 597.55944021944651467 198.68944241538483197 2000
21.868250876998025944 1002.5188527717638181 275.91805873929041582 2000
0 1448.7164063029629233 526.82869483892307017 2000
# Layered model 59763: value=0.153279
4
8.0341004834302811588 509.61139605124753871 178.09005965729755872 2000
6.6105284798930608048 597.55944021944651467 198.68944241538483197 2000
21.868250876998025944 1002.5188527717638181 275.91805873929041582 2000
0 1378.4039516702264336 526.82869483892307017 2000
# Layered model 59760: value=0.15328
4
8.0341004834302811588 509.61139605124753871 178.09005965729755872 2000
6.6105284798930608048 597.55944021944651467 198.68944241538483197 2000
21.868250876998025944 1002.5188527717638181 275.91805873929041582 2000
0 1463.2035703659926185 526.82869483892307017 2000
# Layered model 59904: value=0.15328
4
8.0341004834302811588 509.61139605124753871 178.09005965729755872 2000
6.6105284798930608048 603.53503462164098892 198.68944241538483197 2000
21.868250876998025944 982.76527082811844593 275.91805873929041582 2000
0 1492.6139621303491367 526.82869483892307017 2000
# Layered model 59912: value=0.15328
4
8.0341004834302811588 504.56573866460144018 178.09005965729755872 2000
6.6105284798930608048 609.57038496785742154 198.68944241538483197 2000
21.868250876998025944 1002.5188527717638181 275.91805873929041582 2000
0 1337.86529535565478 526.82869483892307017 2000
# Layered model 59607: value=0.15328
4
8.0341004834302811588 509.61139605124753871 178.09005965729755872 2000
6.6105284798930608048 597.55944021944651467 198.68944241538483197 2000
21.868250876998025944 1002.5188527717638181 275.91805873929041582 2000
0 1364.7563877923034852 526.82869483892307017 2000
# Layered model 59832: value=0.15328
4
8.0341004834302811588 509.61139605124753871 178.09005965729755872 2000
6.6105284798930608048 597.55944021944651467 198.68944241538483197 2000
21.868250876998025944 1002.5188527717638181 275.91805873929041582 2000
0 1477.8356060696526129 526.82869483892307017 2000
# Layered model 59515: value=0.15328
4
8.0341004834302811588 509.61139605124753871 178.09005965729755872 2000
6.6105284798930608048 597.55944021944651467 198.68944241538483197 2000
21.868250876998025944 1002.5188527717638181 275.91805873929041582 2000
0 1351.2439483092114187 526.82869483892307017 2000
# Layered model 59867: value=0.15328
4
8.0341004834302811588 509.61139605124753871 178.09005965729755872 2000
6.6105284798930608048 597.55944021944651467 198.68944241538483197 2000
21.868250876998025944 1002.5188527717638181 275.91805873929041582 2000
0 1492.6139621303491367 526.82869483892307017 2000
# Layered model 60027: value=0.15328
4
8.0341004834302811588 504.56573866460144018 178.09005965729755872 2000
6.6105284798930608048 609.57038496785742154 198.68944241538483197 2000
21.868250876998025944 1002.5188527717638181 275.91805873929041582 2000
0 1074.8359032103708159 526.82869483892307017 2000
# Layered model 59650: value=0.153281
4
8.0341004834302811588 509.61139605124753871 178.09005965729755872 2000
6.6105284798930608048 603.53503462164098892 198.68944241538483197 2000
21.868250876998025944 982.76527082811844593 275.91805873929041582 2000
0 1477.8356060696526129 526.82869483892307017 2000
# Layered model 60047: value=0.153281
4
8.0341004834302811588 504.56573866460144018 178.09005965729755872 2000
6.6105284798930608048 603.53503462164098892 198.68944241538483197 2000
21.868250876998025944 1012.5440412994812505 275.91805873929041582 2000
0 1199.160395071236735 526.82869483892307017 2000
# Layered model 60028: value=0.153281
4
8.0341004834302811588 504.56573866460144018 178.09005965729755872 2000
6.6105284798930608048 603.53503462164098892 198.68944241538483197 2000
21.868250876998025944 1012.5440412994812505 275.91805873929041582 2000
0 1187.2875198725116661 526.82869483892307017 2000
# Layered model 60045: value=0.153281
4
8.0341004834302811588 504.56573866460144018 178.09005965729755872 2000
6.6105284798930608048 603.53503462164098892 198.68944241538483197 2000
21.868250876998025944 1012.5440412994812505 275.91805873929041582 2000
0 1211.1519990219492229 526.82869483892307017 2000
# Layered model 59681: value=0.153281
4
8.0341004834302811588 509.61139605124753871 178.09005965729755872 2000
6.6105284798930608048 597.55944021944651467 198.68944241538483197 2000
21.868250876998025944 1002.5188527717638181 275.91805873929041582 2000
0 1337.86529535565478 526.82869483892307017 2000
# Layered model 59339: value=0.153281
4
8.0341004834302811588 504.56573866460144018 178.09005965729755872 2000
6.6105284798930608048 603.53503462164098892 198.68944241538483197 2000
21.868250876998025944 1012.5440412994812505 275.91805873929041582 2000
0 1223.2635190121686719 526.82869483892307017 2000
# Layered model 59982: value=0.153281
4
8.0341004834302811588 504.56573866460144018 178.09005965729755872 2000
6.6105284798930608048 603.53503462164098892 198.68944241538483197 2000
21.868250876998025944 1012.5440412994812505 275.91805873929041582 2000
0 1175.5321978935758125 526.82869483892307017 2000
# Layered model 59850: value=0.153282
4
8.0341004834302811588 504.56573866460144018 178.09005965729755872 2000
6.6105284798930608048 603.53503462164098892 198.68944241538483197 2000
21.868250876998025944 1012.5440412994812505 275.91805873929041582 2000
0 1235.4961542022904268 526.82869483892307017 2000
# Layered model 59654: value=0.153282
4
8.0341004834302811588 509.61139605124753871 178.09005965729755872 2000
6.6105284798930608048 597.55944021944651467 198.68944241538483197 2000
21.868250876998025944 1002.5188527717638181 275.91805873929041582 2000
0 1324.6191043125295437 526.82869483892307017 2000
# Layered model 59826: value=0.153282
4
8.0341004834302811588 509.61139605124753871 178.09005965729755872 2000
6.6105284798930608048 603.53503462164098892 198.68944241538483197 2000
21.868250876998025944 982.76527082811844593 275.91805873929041582 2000
0 1463.2035703659926185 526.82869483892307017 2000
# Layered model 59836: value=0.153282
4
8.0341004834302811588 504.56573866460144018 178.09005965729755872 2000
6.6105284798930608048 603.53503462164098892 198.68944241538483197 2000
21.868250876998025944 1002.5188527717638181 275.91805873929041582 2000
0 1364.7563877923034852 526.82869483892307017 2000
# Layered model 60012: value=0.153282
4
8.0341004834302811588 504.56573866460144018 178.09005965729755872 2000
6.6105284798930608048 609.57038496785742154 198.68944241538483197 2000
21.868250876998025944 1002.5188527717638181 275.91805873929041582 2000
0 1351.2439483092114187 526.82869483892307017 2000
# Layered model 59988: value=0.153282
4
8.0341004834302811588 504.56573866460144018 178.09005965729755872 2000
6.6105284798930608048 603.53503462164098892 198.68944241538483197 2000
21.868250876998025944 1002.5188527717638181 275.91805873929041582 2000
0 1378.4039516702264336 526.82869483892307017 2000
# Layered model 59769: value=0.153282
4
8.0341004834302811588 504.56573866460144018 178.09005965729755872 2000
6.6105284798930608048 603.53503462164098892 198.68944241538483197 2000
21.868250876998025944 1012.5440412994812505 275.91805873929041582 2000
0 1163.8932652411642721 526.82869483892307017 2000
# Layered model 59917: value=0.153282
4
8.0341004834302811588 504.56573866460144018 178.09005965729755872 2000
6.6105284798930608048 603.53503462164098892 198.68944241538483197 2000
21.868250876998025944 1002.5188527717638181 275.91805873929041582 2000
0 1351.2439483092114187 526.82869483892307017 2000
# Layered model 60038: value=0.153282
4
8.0341004834302811588 504.56573866460144018 178.09005965729755872 2000
6.6105284798930608048 603.53503462164098892 198.68944241538483197 2000
21.868250876998025944 1002.5188527717638181 275.91805873929041582 2000
0 1392.1879911869286843 526.82869483892307017 2000
# Layered model 59504: value=0.153282
4
8.0341004834302811588 509.61139605124753871 178.09005965729755872 2000
6.6105284798930608048 597.55944021944651467 198.68944241538483197 2000
21.868250876998025944 1012.5440412994812505 275.91805873929041582 2000
0 1235.4961542022904268 526.82869483892307017 2000
# Layered model 59977: value=0.153282
4
8.0341004834302811588 504.56573866460144018 178.09005965729755872 2000
6.6105284798930608048 603.53503462164098892 198.68944241538483197 2000
21.868250876998025944 1002.5188527717638181 275.91805873929041582 2000
0 1337.86529535565478 526.82869483892307017 2000
# Layered model 59580: value=0.153282
4
8.0341004834302811588 509.61139605124753871 178.09005965729755872 2000
6.6105284798930608048 597.55944021944651467 198.68944241538483197 2000
21.868250876998025944 1012.5440412994812505 275.91805873929041582 2000
0 1211.1519990219492229 526.82869483892307017 2000
# Layered model 59849: value=0.153282
4
8.0341004834302811588 504.56573866460144018 178.09005965729755872 2000
6.6105284798930608048 603.53503462164098892 198.68944241538483197 2000
21.868250876998025944 1002.5188527717638181 275.91805873929041582 2000
0 1406.1098710987980667 526.82869483892307017 2000
# Layered model 59910: value=0.153282
4
8.0341004834302811588 504.56573866460144018 178.09005965729755872 2000
6.6105284798930608048 603.53503462164098892 198.68944241538483197 2000
21.868250876998025944 1012.5440412994812505 275.91805873929041582 2000
0 1247.851115744313347 526.82869483892307017 2000
# Layered model 59930: value=0.153282
4
8.0341004834302811588 504.56573866460144018 178.09005965729755872 2000
6.6105284798930608048 603.53503462164098892 198.68944241538483197 2000
21.868250876998025944 1002.5188527717638181 275.91805873929041582 2000
0 1324.6191043125295437 526.82869483892307017 2000
# Layered model 59933: value=0.153282
4
8.0341004834302811588 504.56573866460144018 178.09005965729755872 2000
6.6105284798930608048 603.53503462164098892 198.68944241538483197 2000
21.868250876998025944 1002.5188527717638181 275.91805873929041582 2000
0 1420.1709698097861292 526.82869483892307017 2000
# Layered model 59881: value=0.153282
4
8.0341004834302811588 509.61139605124753871 178.09005965729755872 2000
6.6105284798930608048 597.55944021944651467 198.68944241538483197 2000
21.868250876998025944 1012.5440412994812505 275.91805873929041582 2000
0 1199.160395071236735 526.82869483892307017 2000
# Layered model 59669: value=0.153282
4
8.0341004834302811588 509.61139605124753871 178.09005965729755872 2000
6.6105284798930608048 597.55944021944651467 198.68944241538483197 2000
21.868250876998025944 1002.5188527717638181 275.91805873929041582 2000
0 1311.5040636757717039 526.82869483892307017 2000
# Layered model 59382: value=0.153282
4
8.0341004834302811588 509.61139605124753871 178.09005965729755872 2000
6.6105284798930608048 597.55944021944651467 198.68944241538483197 2000
21.868250876998025944 1012.5440412994812505 275.91805873929041582 2000
0 1260.3296269017564555 526.82869483892307017 2000
# Layered model 59959: value=0.153283
4
8.0341004834302811588 504.56573866460144018 178.09005965729755872 2000
6.6105284798930608048 603.53503462164098892 198.68944241538483197 2000
21.868250876998025944 1012.5440412994812505 275.91805873929041582 2000
0 1152.3695695457072361 526.82869483892307017 2000
# Layered model 59829: value=0.153283
4
8.0341004834302811588 509.61139605124753871 178.09005965729755872 2000
6.6105284798930608048 603.53503462164098892 198.68944241538483197 2000
21.868250876998025944 982.76527082811844593 275.91805873929041582 2000
0 1448.7164063029629233 526.82869483892307017 2000
# Layered model 60039: value=0.153283
4
8.0341004834302811588 504.56573866460144018 178.09005965729755872 2000
6.6105284798930608048 603.53503462164098892 198.68944241538483197 2000
21.868250876998025944 1002.5188527717638181 275.91805873929041582 2000
0 1311.5040636757717039 526.82869483892307017 2000
# Layered model 59604: value=0.153283
4
8.0341004834302811588 509.61139605124753871 178.09005965729755872 2000
6.6105284798930608048 597.55944021944651467 198.68944241538483197 2000
21.868250876998025944 1012.5440412994812505 275.91805873929041582 2000
0 1187.2875198725116661 526.82869483892307017 2000
# Layered model 59567: value=0.153283
4
8.0341004834302811588 509.61139605124753871 178.09005965729755872 2000
6.6105284798930608048 597.55944021944651467 198.68944241538483197 2000
21.868250876998025944 1012.5440412994812505 275.91805873929041582 2000
0 1272.9329231707740746 526.82869483892307017 2000
# Layered model 59866: value=0.153283
4
8.0341004834302811588 504.56573866460144018 178.09005965729755872 2000
6.6105284798930608048 603.53503462164098892 198.68944241538483197 2000
21.868250876998025944 1012.5440412994812505 275.91805873929041582 2000
0 1260.3296269017564555 526.82869483892307017 2000
# Layered model 59907: value=0.153283
4
8.0341004834302811588 504.56573866460144018 178.09005965729755872 2000
6.6105284798930608048 603.53503462164098892 198.68944241538483197 2000
21.868250876998025944 1002.5188527717638181 275.91805873929041582 2000
0 1448.7164063029629233 526.82869483892307017 2000
# Layered model 59343: value=0.153283
4
8.0341004834302811588 509.61139605124753871 178.09005965729755872 2000
6.6105284798930608048 597.55944021944651467 198.68944241538483197 2000
21.868250876998025944 1002.5188527717638181 275.91805873929041582 2000
0 1298.518874926506669 526.82869483892307017 2000
# Layered model 59918: value=0.153283
4
8.0341004834302811588 504.56573866460144018 178.09005965729755872 2000
6.6105284798930608048 609.57038496785742154 198.68944241538483197 2000
21.868250876998025944 1012.5440412994812505 275.91805873929041582 2000
0 1085.5842622424745514 526.82869483892307017 2000
