# 60039 2_reports/tar1_ln4_tr1.report
# Layered model 53035: value=0.158605
4
9.5148208046219249212 574.24287671104241326 178.09005965729755872 2000
5.2762544483346509594 805.41984334671917622 208.82460082733467743 2000
20.297084594055128548 1364.7563877923034852 267.80334944767633942 2000
0 1492.6139621303491367 501.25942638588190903 2000
# Layered model 53394: value=0.158605
4
9.5148208046219249212 574.24287671104241326 178.09005965729755872 2000
5.2762544483346509594 813.47404178018632592 208.82460082733467743 2000
20.297084594055128548 1351.2439483092114187 267.80334944767633942 2000
0 1492.6139621303491367 501.25942638588190903 2000
# Layered model 53353: value=0.158605
4
9.5148208046219249212 574.24287671104241326 178.09005965729755872 2000
5.2762544483346509594 805.41984334671917622 208.82460082733467743 2000
20.297084594055128548 1364.7563877923034852 267.80334944767633942 2000
0 1477.8356060696526129 501.25942638588190903 2000
# Layered model 53326: value=0.158606
4
9.5148208046219249212 574.24287671104241326 178.09005965729755872 2000
5.2762544483346509594 813.47404178018632592 208.82460082733467743 2000
20.297084594055128548 1351.2439483092114187 267.80334944767633942 2000
0 1477.8356060696526129 501.25942638588190903 2000
# Layered model 53313: value=0.158606
4
9.5148208046219249212 574.24287671104241326 178.09005965729755872 2000
5.2762544483346509594 805.41984334671917622 208.82460082733467743 2000
20.297084594055128548 1364.7563877923034852 267.80334944767633942 2000
0 1463.2035703659926185 501.25942638588190903 2000
# Layered model 53261: value=0.158606
4
9.5148208046219249212 574.24287671104241326 178.09005965729755872 2000
5.2762544483346509594 813.47404178018632592 208.82460082733467743 2000
20.297084594055128548 1351.2439483092114187 267.80334944767633942 2000
0 1463.2035703659926185 501.25942638588190903 2000
# Layered model 53058: value=0.158606
4
9.5148208046219249212 574.24287671104241326 178.09005965729755872 2000
5.2762544483346509594 805.41984334671917622 208.82460082733467743 2000
20.297084594055128548 1364.7563877923034852 267.80334944767633942 2000
0 1448.7164063029629233 501.25942638588190903 2000
# Layered model 53312: value=0.158607
4
9.5148208046219249212 574.24287671104241326 178.09005965729755872 2000
5.2762544483346509594 813.47404178018632592 208.82460082733467743 2000
20.297084594055128548 1351.2439483092114187 267.80334944767633942 2000
0 1448.7164063029629233 501.25942638588190903 2000
# Layered model 53289: value=0.158607
4
9.5148208046219249212 574.24287671104241326 178.09005965729755872 2000
5.2762544483346509594 805.41984334671917622 208.82460082733467743 2000
20.297084594055128548 1364.7563877923034852 267.80334944767633942 2000
0 1434.3726795078839586 501.25942638588190903 2000
# Layered model 53395: value=0.158607
4
9.5148208046219249212 574.24287671104241326 178.09005965729755872 2000
5.2762544483346509594 813.47404178018632592 208.82460082733467743 2000
20.297084594055128548 1337.86529535565478 267.80334944767633942 2000
0 1492.6139621303491367 501.25942638588190903 2000
# Layered model 53223: value=0.158607
4
9.5148208046219249212 574.24287671104241326 178.09005965729755872 2000
5.2762544483346509594 813.47404178018632592 208.82460082733467743 2000
20.297084594055128548 1351.2439483092114187 267.80334944767633942 2000
0 1434.3726795078839586 501.25942638588190903 2000
# Layered model 53320: value=0.158607
4
9.5148208046219249212 574.24287671104241326 178.09005965729755872 2000
5.2762544483346509594 805.41984334671917622 208.82460082733467743 2000
20.297084594055128548 1364.7563877923034852 267.80334944767633942 2000
0 1420.1709698097861292 501.25942638588190903 2000
# Layered model 53283: value=0.158608
4
9.5148208046219249212 574.24287671104241326 178.09005965729755872 2000
5.2762544483346509594 813.47404178018632592 208.82460082733467743 2000
20.297084594055128548 1351.2439483092114187 267.80334944767633942 2000
0 1420.1709698097861292 501.25942638588190903 2000
# Layered model 53403: value=0.158608
4
9.5148208046219249212 574.24287671104241326 178.09005965729755872 2000
5.2762544483346509594 813.47404178018632592 208.82460082733467743 2000
20.297084594055128548 1337.86529535565478 267.80334944767633942 2000
0 1477.8356060696526129 501.25942638588190903 2000
# Layered model 53304: value=0.158608
4
9.5148208046219249212 574.24287671104241326 178.09005965729755872 2000
5.2762544483346509594 805.41984334671917622 208.82460082733467743 2000
20.297084594055128548 1351.2439483092114187 267.80334944767633942 2000
0 1492.6139621303491367 501.25942638588190903 2000
# Layered model 52995: value=0.158608
4
9.5148208046219249212 574.24287671104241326 178.09005965729755872 2000
5.2762544483346509594 805.41984334671917622 208.82460082733467743 2000
20.297084594055128548 1364.7563877923034852 267.80334944767633942 2000
0 1406.1098710987980667 501.25942638588190903 2000
# Layered model 53244: value=0.158608
4
9.5148208046219249212 574.24287671104241326 178.09005965729755872 2000
5.2762544483346509594 813.47404178018632592 208.82460082733467743 2000
20.297084594055128548 1351.2439483092114187 267.80334944767633942 2000
0 1406.1098710987980667 501.25942638588190903 2000
# Layered model 52933: value=0.158609
4
9.5148208046219249212 574.24287671104241326 178.09005965729755872 2000
5.2762544483346509594 805.41984334671917622 208.82460082733467743 2000
20.297084594055128548 1378.4039516702264336 267.80334944767633942 2000
0 1434.3726795078839586 501.25942638588190903 2000
# Layered model 53242: value=0.158609
4
9.5148208046219249212 574.24287671104241326 178.09005965729755872 2000
5.2762544483346509594 805.41984334671917622 208.82460082733467743 2000
20.297084594055128548 1378.4039516702264336 267.80334944767633942 2000
0 1420.1709698097861292 501.25942638588190903 2000
# Layered model 53127: value=0.158609
4
9.5148208046219249212 574.24287671104241326 178.09005965729755872 2000
5.2762544483346509594 805.41984334671917622 208.82460082733467743 2000
20.297084594055128548 1378.4039516702264336 267.80334944767633942 2000
0 1448.7164063029629233 501.25942638588190903 2000
# Layered model 53238: value=0.158609
4
9.5148208046219249212 574.24287671104241326 178.09005965729755872 2000
5.2762544483346509594 805.41984334671917622 208.82460082733467743 2000
20.297084594055128548 1378.4039516702264336 267.80334944767633942 2000
0 1463.2035703659926185 501.25942638588190903 2000
# Layered model 53334: value=0.158609
4
9.5148208046219249212 574.24287671104241326 178.09005965729755872 2000
5.2762544483346509594 805.41984334671917622 208.82460082733467743 2000
20.297084594055128548 1378.4039516702264336 267.80334944767633942 2000
0 1406.1098710987980667 501.25942638588190903 2000
# Layered model 53247: value=0.158609
4
9.5148208046219249212 574.24287671104241326 178.09005965729755872 2000
5.2762544483346509594 813.47404178018632592 208.82460082733467743 2000
20.297084594055128548 1337.86529535565478 267.80334944767633942 2000
0 1463.2035703659926185 501.25942638588190903 2000
# Layered model 53287: value=0.158609
4
9.5148208046219249212 574.24287671104241326 178.09005965729755872 2000
5.2762544483346509594 805.41984334671917622 208.82460082733467743 2000
20.297084594055128548 1378.4039516702264336 267.80334944767633942 2000
0 1477.8356060696526129 501.25942638588190903 2000
# Layered model 53168: value=0.158609
4
9.5148208046219249212 574.24287671104241326 178.09005965729755872 2000
5.2762544483346509594 805.41984334671917622 208.82460082733467743 2000
20.297084594055128548 1378.4039516702264336 267.80334944767633942 2000
0 1392.1879911869286843 501.25942638588190903 2000
# Layered model 53343: value=0.158609
4
9.5148208046219249212 574.24287671104241326 178.09005965729755872 2000
5.2762544483346509594 805.41984334671917622 208.82460082733467743 2000
20.297084594055128548 1364.7563877923034852 267.80334944767633942 2000
0 1392.1879911869286843 501.25942638588190903 2000
# Layered model 53358: value=0.158609
4
9.5148208046219249212 574.24287671104241326 178.09005965729755872 2000
5.2762544483346509594 805.41984334671917622 208.82460082733467743 2000
20.297084594055128548 1351.2439483092114187 267.80334944767633942 2000
0 1477.8356060696526129 501.25942638588190903 2000
# Layered model 52819: value=0.158609
4
9.5148208046219249212 574.24287671104241326 178.09005965729755872 2000
5.2762544483346509594 805.41984334671917622 208.82460082733467743 2000
20.297084594055128548 1378.4039516702264336 267.80334944767633942 2000
0 1492.6139621303491367 501.25942638588190903 2000
# Layered model 53285: value=0.158609
4
9.5148208046219249212 574.24287671104241326 178.09005965729755872 2000
5.2762544483346509594 813.47404178018632592 208.82460082733467743 2000
20.297084594055128548 1351.2439483092114187 267.80334944767633942 2000
0 1392.1879911869286843 501.25942638588190903 2000
# Layered model 53400: value=0.15861
4
9.5148208046219249212 574.24287671104241326 178.09005965729755872 2000
5.2762544483346509594 797.44538945219721882 208.82460082733467743 2000
20.297084594055128548 1378.4039516702264336 267.80334944767633942 2000
0 1492.6139621303491367 501.25942638588190903 2000
# Layered model 53152: value=0.15861
4
9.5148208046219249212 574.24287671104241326 178.09005965729755872 2000
5.2762544483346509594 821.60878219798814825 208.82460082733467743 2000
20.297084594055128548 1337.86529535565478 267.80334944767633942 2000
0 1492.6139621303491367 501.25942638588190903 2000
# Layered model 53088: value=0.15861
4
9.5148208046219249212 574.24287671104241326 178.09005965729755872 2000
5.2762544483346509594 805.41984334671917622 208.82460082733467743 2000
20.297084594055128548 1364.7563877923034852 267.80334944767633942 2000
0 1378.4039516702264336 501.25942638588190903 2000
# Layered model 53222: value=0.15861
4
9.5148208046219249212 574.24287671104241326 178.09005965729755872 2000
5.2762544483346509594 797.44538945219721882 208.82460082733467743 2000
20.297084594055128548 1378.4039516702264336 267.80334944767633942 2000
0 1477.8356060696526129 501.25942638588190903 2000
# Layered model 53339: value=0.15861
4
9.5148208046219249212 574.24287671104241326 178.09005965729755872 2000
5.2762544483346509594 813.47404178018632592 208.82460082733467743 2000
20.297084594055128548 1337.86529535565478 267.80334944767633942 2000
0 1448.7164063029629233 501.25942638588190903 2000
# Layered model 53271: value=0.15861
4
9.5148208046219249212 574.24287671104241326 178.09005965729755872 2000
5.2762544483346509594 805.41984334671917622 208.82460082733467743 2000
20.297084594055128548 1351.2439483092114187 267.80334944767633942 2000
0 1463.2035703659926185 501.25942638588190903 2000
# Layered model 53075: value=0.15861
4
9.5148208046219249212 574.24287671104241326 178.09005965729755872 2000
5.2762544483346509594 821.60878219798814825 208.82460082733467743 2000
20.297084594055128548 1337.86529535565478 267.80334944767633942 2000
0 1477.8356060696526129 501.25942638588190903 2000
# Layered model 52825: value=0.15861
4
9.5148208046219249212 574.24287671104241326 178.09005965729755872 2000
5.2762544483346509594 821.60878219798814825 208.82460082733467743 2000
20.297084594055128548 1324.6191043125295437 267.80334944767633942 2000
0 1492.6139621303491367 501.25942638588190903 2000
# Layered model 53347: value=0.15861
4
9.5148208046219249212 574.24287671104241326 178.09005965729755872 2000
5.2762544483346509594 813.47404178018632592 208.82460082733467743 2000
20.297084594055128548 1351.2439483092114187 267.80334944767633942 2000
0 1378.4039516702264336 501.25942638588190903 2000
# Layered model 53335: value=0.15861
4
9.5148208046219249212 574.24287671104241326 178.09005965729755872 2000
5.2762544483346509594 797.44538945219721882 208.82460082733467743 2000
20.297084594055128548 1378.4039516702264336 267.80334944767633942 2000
0 1463.2035703659926185 501.25942638588190903 2000
# Layered model 53272: value=0.15861
4
9.5148208046219249212 574.24287671104241326 178.09005965729755872 2000
5.2762544483346509594 813.47404178018632592 208.82460082733467743 2000
20.297084594055128548 1364.7563877923034852 267.80334944767633942 2000
0 1434.3726795078839586 501.25942638588190903 2000
# Layered model 53011: value=0.15861
4
9.5148208046219249212 574.24287671104241326 178.09005965729755872 2000
5.2762544483346509594 813.47404178018632592 208.82460082733467743 2000
20.297084594055128548 1364.7563877923034852 267.80334944767633942 2000
0 1448.7164063029629233 501.25942638588190903 2000
# Layered model 52710: value=0.15861
4
9.5148208046219249212 574.24287671104241326 178.09005965729755872 2000
5.2762544483346509594 813.47404178018632592 208.82460082733467743 2000
20.297084594055128548 1364.7563877923034852 267.80334944767633942 2000
0 1420.1709698097861292 501.25942638588190903 2000
# Layered model 53010: value=0.15861
4
9.5148208046219249212 574.24287671104241326 178.09005965729755872 2000
5.2762544483346509594 821.60878219798814825 208.82460082733467743 2000
20.297084594055128548 1337.86529535565478 267.80334944767633942 2000
0 1463.2035703659926185 501.25942638588190903 2000
# Layered model 53118: value=0.15861
4
9.5148208046219249212 574.24287671104241326 178.09005965729755872 2000
5.2762544483346509594 813.47404178018632592 208.82460082733467743 2000
20.297084594055128548 1364.7563877923034852 267.80334944767633942 2000
0 1463.2035703659926185 501.25942638588190903 2000
# Layered model 53323: value=0.158611
4
9.5148208046219249212 574.24287671104241326 178.09005965729755872 2000
5.2762544483346509594 813.47404178018632592 208.82460082733467743 2000
20.297084594055128548 1364.7563877923034852 267.80334944767633942 2000
0 1406.1098710987980667 501.25942638588190903 2000
# Layered model 53186: value=0.158611
4
9.5148208046219249212 574.24287671104241326 178.09005965729755872 2000
5.2762544483346509594 797.44538945219721882 208.82460082733467743 2000
20.297084594055128548 1378.4039516702264336 267.80334944767633942 2000
0 1448.7164063029629233 501.25942638588190903 2000
# Layered model 53321: value=0.158611
4
9.5148208046219249212 574.24287671104241326 178.09005965729755872 2000
5.2762544483346509594 813.47404178018632592 208.82460082733467743 2000
20.297084594055128548 1364.7563877923034852 267.80334944767633942 2000
0 1392.1879911869286843 501.25942638588190903 2000
# Layered model 53206: value=0.158611
4
9.5148208046219249212 574.24287671104241326 178.09005965729755872 2000
5.2762544483346509594 813.47404178018632592 208.82460082733467743 2000
20.297084594055128548 1364.7563877923034852 267.80334944767633942 2000
0 1492.6139621303491367 501.25942638588190903 2000
# Layered model 53332: value=0.158611
4
9.5148208046219249212 574.24287671104241326 178.09005965729755872 2000
5.2762544483346509594 805.41984334671917622 208.82460082733467743 2000
20.297084594055128548 1351.2439483092114187 267.80334944767633942 2000
0 1448.7164063029629233 501.25942638588190903 2000
# Layered model 53111: value=0.158611
4
9.5148208046219249212 574.24287671104241326 178.09005965729755872 2000
5.2762544483346509594 813.47404178018632592 208.82460082733467743 2000
20.297084594055128548 1364.7563877923034852 267.80334944767633942 2000
0 1378.4039516702264336 501.25942638588190903 2000
# Layered model 53214: value=0.158611
4
9.5148208046219249212 574.24287671104241326 178.09005965729755872 2000
5.2762544483346509594 821.60878219798814825 208.82460082733467743 2000
20.297084594055128548 1337.86529535565478 267.80334944767633942 2000
0 1448.7164063029629233 501.25942638588190903 2000
# Layered model 53305: value=0.158611
4
9.5148208046219249212 574.24287671104241326 178.09005965729755872 2000
5.2762544483346509594 813.47404178018632592 208.82460082733467743 2000
20.297084594055128548 1337.86529535565478 267.80334944767633942 2000
0 1434.3726795078839586 501.25942638588190903 2000
# Layered model 53366: value=0.158611
4
9.5148208046219249212 574.24287671104241326 178.09005965729755872 2000
5.2762544483346509594 821.60878219798814825 208.82460082733467743 2000
20.297084594055128548 1324.6191043125295437 267.80334944767633942 2000
0 1477.8356060696526129 501.25942638588190903 2000
# Layered model 53169: value=0.158611
4
9.5148208046219249212 574.24287671104241326 178.09005965729755872 2000
5.2762544483346509594 813.47404178018632592 208.82460082733467743 2000
20.297084594055128548 1351.2439483092114187 267.80334944767633942 2000
0 1364.7563877923034852 501.25942638588190903 2000
# Layered model 53288: value=0.158611
4
9.5148208046219249212 574.24287671104241326 178.09005965729755872 2000
5.2762544483346509594 797.44538945219721882 208.82460082733467743 2000
20.297084594055128548 1392.1879911869286843 267.80334944767633942 2000
0 1434.3726795078839586 501.25942638588190903 2000
# Layered model 53265: value=0.158611
4
9.5148208046219249212 574.24287671104241326 178.09005965729755872 2000
5.2762544483346509594 797.44538945219721882 208.82460082733467743 2000
20.297084594055128548 1378.4039516702264336 267.80334944767633942 2000
0 1434.3726795078839586 501.25942638588190903 2000
# Layered model 53315: value=0.158611
4
9.5148208046219249212 574.24287671104241326 178.09005965729755872 2000
5.2762544483346509594 797.44538945219721882 208.82460082733467743 2000
20.297084594055128548 1392.1879911869286843 267.80334944767633942 2000
0 1448.7164063029629233 501.25942638588190903 2000
# Layered model 52772: value=0.158611
4
9.5148208046219249212 574.24287671104241326 178.09005965729755872 2000
5.2762544483346509594 797.44538945219721882 208.82460082733467743 2000
20.297084594055128548 1392.1879911869286843 267.80334944767633942 2000
0 1420.1709698097861292 501.25942638588190903 2000
# Layered model 53147: value=0.158611
4
9.5148208046219249212 574.24287671104241326 178.09005965729755872 2000
5.2762544483346509594 797.44538945219721882 208.82460082733467743 2000
20.297084594055128548 1392.1879911869286843 267.80334944767633942 2000
0 1463.2035703659926185 501.25942638588190903 2000
# Layered model 53089: value=0.158611
4
9.5148208046219249212 574.24287671104241326 178.09005965729755872 2000
5.2762544483346509594 797.44538945219721882 208.82460082733467743 2000
20.297084594055128548 1392.1879911869286843 267.80334944767633942 2000
0 1406.1098710987980667 501.25942638588190903 2000
# Layered model 53069: value=0.158611
4
9.5148208046219249212 574.24287671104241326 178.09005965729755872 2000
5.2762544483346509594 797.44538945219721882 208.82460082733467743 2000
20.297084594055128548 1392.1879911869286843 267.80334944767633942 2000
0 1477.8356060696526129 501.25942638588190903 2000
# Layered model 53203: value=0.158612
4
9.5148208046219249212 574.24287671104241326 178.09005965729755872 2000
5.2762544483346509594 821.60878219798814825 208.82460082733467743 2000
20.297084594055128548 1337.86529535565478 267.80334944767633942 2000
0 1434.3726795078839586 501.25942638588190903 2000
# Layered model 52243: value=0.158612
4
9.5148208046219249212 574.24287671104241326 178.09005965729755872 2000
5.2762544483346509594 797.44538945219721882 208.82460082733467743 2000
20.297084594055128548 1392.1879911869286843 267.80334944767633942 2000
0 1492.6139621303491367 501.25942638588190903 2000
# Layered model 53308: value=0.158612
4
9.5148208046219249212 574.24287671104241326 178.09005965729755872 2000
5.2762544483346509594 797.44538945219721882 208.82460082733467743 2000
20.297084594055128548 1378.4039516702264336 267.80334944767633942 2000
0 1420.1709698097861292 501.25942638588190903 2000
# Layered model 53391: value=0.158612
4
9.5148208046219249212 574.24287671104241326 178.09005965729755872 2000
5.2762544483346509594 805.41984334671917622 208.82460082733467743 2000
20.297084594055128548 1351.2439483092114187 267.80334944767633942 2000
0 1434.3726795078839586 501.25942638588190903 2000
# Layered model 53316: value=0.158612
4
9.5148208046219249212 574.24287671104241326 178.09005965729755872 2000
5.2762544483346509594 821.60878219798814825 208.82460082733467743 2000
20.297084594055128548 1324.6191043125295437 267.80334944767633942 2000
0 1463.2035703659926185 501.25942638588190903 2000
# Layered model 53263: value=0.158612
4
9.5148208046219249212 574.24287671104241326 178.09005965729755872 2000
5.2762544483346509594 813.47404178018632592 208.82460082733467743 2000
20.297084594055128548 1337.86529535565478 267.80334944767633942 2000
0 1420.1709698097861292 501.25942638588190903 2000
# Layered model 53483: value=0.158612
4
9.5148208046219249212 574.24287671104241326 178.09005965729755872 2000
5.2762544483346509594 821.60878219798814825 208.82460082733467743 2000
20.297084594055128548 1337.86529535565478 267.80334944767633942 2000
0 1420.1709698097861292 501.25942638588190903 2000
# Layered model 52798: value=0.158613
4
9.5148208046219249212 574.24287671104241326 178.09005965729755872 2000
5.2762544483346509594 797.44538945219721882 208.82460082733467743 2000
20.297084594055128548 1378.4039516702264336 267.80334944767633942 2000
0 1406.1098710987980667 501.25942638588190903 2000
# Layered model 53340: value=0.158613
4
9.5148208046219249212 574.24287671104241326 178.09005965729755872 2000
5.2762544483346509594 821.60878219798814825 208.82460082733467743 2000
20.297084594055128548 1337.86529535565478 267.80334944767633942 2000
0 1406.1098710987980667 501.25942638588190903 2000
# Layered model 53294: value=0.158613
4
9.5148208046219249212 574.24287671104241326 178.09005965729755872 2000
5.2762544483346509594 805.41984334671917622 208.82460082733467743 2000
20.297084594055128548 1351.2439483092114187 267.80334944767633942 2000
0 1420.1709698097861292 501.25942638588190903 2000
# Layered model 53267: value=0.158613
4
9.5148208046219249212 574.24287671104241326 178.09005965729755872 2000
5.2762544483346509594 797.44538945219721882 208.82460082733467743 2000
20.297084594055128548 1378.4039516702264336 267.80334944767633942 2000
0 1392.1879911869286843 501.25942638588190903 2000
# Layered model 53397: value=0.158613
4
9.5148208046219249212 574.24287671104241326 178.09005965729755872 2000
5.2762544483346509594 821.60878219798814825 208.82460082733467743 2000
20.297084594055128548 1324.6191043125295437 267.80334944767633942 2000
0 1448.7164063029629233 501.25942638588190903 2000
# Layered model 53324: value=0.158614
4
9.5148208046219249212 574.24287671104241326 178.09005965729755872 2000
5.2762544483346509594 813.47404178018632592 208.82460082733467743 2000
20.297084594055128548 1337.86529535565478 267.80334944767633942 2000
0 1406.1098710987980667 501.25942638588190903 2000
# Layered model 53411: value=0.158614
4
9.5148208046219249212 574.24287671104241326 178.09005965729755872 2000
5.2762544483346509594 821.60878219798814825 208.82460082733467743 2000
20.297084594055128548 1337.86529535565478 267.80334944767633942 2000
0 1392.1879911869286843 501.25942638588190903 2000
# Layered model 53202: value=0.158614
4
9.5148208046219249212 574.24287671104241326 178.09005965729755872 2000
5.2762544483346509594 797.44538945219721882 208.82460082733467743 2000
20.297084594055128548 1364.7563877923034852 267.80334944767633942 2000
0 1492.6139621303491367 501.25942638588190903 2000
# Layered model 53133: value=0.158614
4
9.5148208046219249212 574.24287671104241326 178.09005965729755872 2000
5.2762544483346509594 805.41984334671917622 208.82460082733467743 2000
20.297084594055128548 1351.2439483092114187 267.80334944767633942 2000
0 1406.1098710987980667 501.25942638588190903 2000
# Layered model 53333: value=0.158615
4
9.5148208046219249212 574.24287671104241326 178.09005965729755872 2000
5.2762544483346509594 821.60878219798814825 208.82460082733467743 2000
20.297084594055128548 1324.6191043125295437 267.80334944767633942 2000
0 1434.3726795078839586 501.25942638588190903 2000
# Layered model 53327: value=0.158615
4
9.5148208046219249212 574.24287671104241326 178.09005965729755872 2000
5.2762544483346509594 821.60878219798814825 208.82460082733467743 2000
20.297084594055128548 1337.86529535565478 267.80334944767633942 2000
0 1378.4039516702264336 501.25942638588190903 2000
# Layered model 53245: value=0.158615
4
9.5148208046219249212 574.24287671104241326 178.09005965729755872 2000
5.2762544483346509594 797.44538945219721882 208.82460082733467743 2000
20.297084594055128548 1364.7563877923034852 267.80334944767633942 2000
0 1477.8356060696526129 501.25942638588190903 2000
# Layered model 53346: value=0.158615
4
9.5148208046219249212 574.24287671104241326 178.09005965729755872 2000
5.2762544483346509594 813.47404178018632592 208.82460082733467743 2000
20.297084594055128548 1337.86529535565478 267.80334944767633942 2000
0 1392.1879911869286843 501.25942638588190903 2000
# Layered model 53260: value=0.158616
4
9.5148208046219249212 574.24287671104241326 178.09005965729755872 2000
5.2762544483346509594 797.44538945219721882 208.82460082733467743 2000
20.297084594055128548 1364.7563877923034852 267.80334944767633942 2000
0 1463.2035703659926185 501.25942638588190903 2000
# Layered model 53444: value=0.158616
4
9.5148208046219249212 574.24287671104241326 178.09005965729755872 2000
5.2762544483346509594 821.60878219798814825 208.82460082733467743 2000
20.297084594055128548 1324.6191043125295437 267.80334944767633942 2000
0 1420.1709698097861292 501.25942638588190903 2000
# Layered model 53292: value=0.158616
4
9.5148208046219249212 574.24287671104241326 178.09005965729755872 2000
5.2762544483346509594 805.41984334671917622 208.82460082733467743 2000
20.297084594055128548 1351.2439483092114187 267.80334944767633942 2000
0 1392.1879911869286843 501.25942638588190903 2000
# Layered model 53479: value=0.158616
4
9.5148208046219249212 574.24287671104241326 178.09005965729755872 2000
5.2762544483346509594 821.60878219798814825 208.82460082733467743 2000
20.297084594055128548 1337.86529535565478 267.80334944767633942 2000
0 1364.7563877923034852 501.25942638588190903 2000
# Layered model 53145: value=0.158616
4
9.5148208046219249212 574.24287671104241326 178.09005965729755872 2000
5.2762544483346509594 821.60878219798814825 208.82460082733467743 2000
20.297084594055128548 1351.2439483092114187 267.80334944767633942 2000
0 1448.7164063029629233 501.25942638588190903 2000
# Layered model 53369: value=0.158616
4
9.5148208046219249212 574.24287671104241326 178.09005965729755872 2000
5.2762544483346509594 821.60878219798814825 208.82460082733467743 2000
20.297084594055128548 1351.2439483092114187 267.80334944767633942 2000
0 1463.2035703659926185 501.25942638588190903 2000
# Layered model 53363: value=0.158616
4
9.5148208046219249212 574.24287671104241326 178.09005965729755872 2000
5.2762544483346509594 821.60878219798814825 208.82460082733467743 2000
20.297084594055128548 1351.2439483092114187 267.80334944767633942 2000
0 1434.3726795078839586 501.25942638588190903 2000
# Layered model 53131: value=0.158616
4
9.5148208046219249212 574.24287671104241326 178.09005965729755872 2000
5.2762544483346509594 813.47404178018632592 208.82460082733467743 2000
20.297084594055128548 1324.6191043125295437 267.80334944767633942 2000
0 1492.6139621303491367 501.25942638588190903 2000
# Layered model 53096: value=0.158616
4
9.5148208046219249212 574.24287671104241326 178.09005965729755872 2000
5.2762544483346509594 821.60878219798814825 208.82460082733467743 2000
20.297084594055128548 1351.2439483092114187 267.80334944767633942 2000
0 1477.8356060696526129 501.25942638588190903 2000
# Layered model 53588: value=0.158616
4
9.5148208046219249212 574.24287671104241326 178.09005965729755872 2000
5.2762544483346509594 821.60878219798814825 208.82460082733467743 2000
20.297084594055128548 1351.2439483092114187 267.80334944767633942 2000
0 1420.1709698097861292 501.25942638588190903 2000
# Layered model 53033: value=0.158616
4
9.5148208046219249212 574.24287671104241326 178.09005965729755872 2000
5.2762544483346509594 821.60878219798814825 208.82460082733467743 2000
20.297084594055128548 1351.2439483092114187 267.80334944767633942 2000
0 1492.6139621303491367 501.25942638588190903 2000
# Layered model 53193: value=0.158616
4
9.5148208046219249212 574.24287671104241326 178.09005965729755872 2000
5.2762544483346509594 805.41984334671917622 208.82460082733467743 2000
20.297084594055128548 1392.1879911869286843 267.80334944767633942 2000
0 1420.1709698097861292 501.25942638588190903 2000
# Layered model 53478: value=0.158616
4
9.5148208046219249212 574.24287671104241326 178.09005965729755872 2000
5.2762544483346509594 821.60878219798814825 208.82460082733467743 2000
20.297084594055128548 1351.2439483092114187 267.80334944767633942 2000
0 1406.1098710987980667 501.25942638588190903 2000
# Layered model 53345: value=0.158617
4
9.5148208046219249212 574.24287671104241326 178.09005965729755872 2000
5.2762544483346509594 821.60878219798814825 208.82460082733467743 2000
20.297084594055128548 1351.2439483092114187 267.80334944767633942 2000
0 1392.1879911869286843 501.25942638588190903 2000
# Layered model 53409: value=0.158617
4
9.5148208046219249212 574.24287671104241326 178.09005965729755872 2000
5.2762544483346509594 813.47404178018632592 208.82460082733467743 2000
20.297084594055128548 1337.86529535565478 267.80334944767633942 2000
0 1378.4039516702264336 501.25942638588190903 2000
# Layered model 53021: value=0.158617
4
9.5148208046219249212 574.24287671104241326 178.09005965729755872 2000
5.2762544483346509594 805.41984334671917622 208.82460082733467743 2000
20.297084594055128548 1392.1879911869286843 267.80334944767633942 2000
0 1434.3726795078839586 501.25942638588190903 2000
# Layered model 53217: value=0.158617
4
9.5148208046219249212 574.24287671104241326 178.09005965729755872 2000
5.2762544483346509594 821.60878219798814825 208.82460082733467743 2000
20.297084594055128548 1351.2439483092114187 267.80334944767633942 2000
0 1378.4039516702264336 501.25942638588190903 2000
# Layered model 53350: value=0.158617
4
9.5148208046219249212 574.24287671104241326 178.09005965729755872 2000
5.2762544483346509594 797.44538945219721882 208.82460082733467743 2000
20.297084594055128548 1364.7563877923034852 267.80334944767633942 2000
0 1448.7164063029629233 501.25942638588190903 2000
# Layered model 53148: value=0.158617
4
9.5148208046219249212 574.24287671104241326 178.09005965729755872 2000
5.2762544483346509594 797.44538945219721882 208.82460082733467743 2000
20.297084594055128548 1406.1098710987980667 267.80334944767633942 2000
0 1420.1709698097861292 501.25942638588190903 2000
