# 60046 2_reports/tar1_lr50_tr2.report
# Layered model 59920: value=0.478342
5
2.0417048435295153119 277.73801706328180217 169.44658106775753481 2000
15.289787108445519692 1351.2439483092114187 467.53371708225427028 2000
15.4636926417147329 953.86228959121501703 304.78519248392871077 2000
115.26296809391321574 2200.2958380824743472 710.08548490489306459 2000
0 2738.743125805201089 1156.2665195089414283 2000
# Layered model 58539: value=0.479155
5
2.0500000000000193623 277.73801706328180217 169.44658106775753481 2000
16.807664978538891631 1298.518874926506669 467.53371708225427028 2000
14.379554164243888437 1311.5040636757717039 289.99265273907644769 2000
119.30724362940722472 2821.7297812602246267 710.08548490489306459 2000
0 2878.446549863554992 1133.4835011361055876 2000
# Layered model 58476: value=0.485149
5
2.0500000000000193623 277.73801706328180217 169.44658106775753481 2000
17.571666950134144258 1434.3726795078839586 458.3214558202668627 2000
12.5932694816329942 1187.2875198725116661 278.67723932668332054 2000
121.85497096814476947 2504.1419082869974773 696.09399559346434216 2000
0 2995.323022358680646 1203.2155768297477607 2000
# Layered model 59494: value=0.486605
5
2.0500000000000193623 277.73801706328180217 169.44658106775753481 2000
16.901514141578957151 1211.1519990219492229 467.53371708225427028 2000
15.111633894936055356 1311.5040636757717039 298.77972010972325734 2000
115.47558617796397584 2907.2310153621906466 703.05493554939903333 2000
0 2936.303325515812503 1133.4835011361055876 2000
# Layered model 59926: value=0.489095
5
2.0417048435295153119 277.73801706328180217 169.44658106775753481 2000
16.629653749428893406 1337.86529535565478 472.20905425307677206 2000
14.344103499347387043 1064.193963574624604 289.99265273907644769 2000
124.15125044634436335 2711.6268572328722257 710.08548490489306459 2000
0 2821.7297812602246267 1167.8291847040309221 2000
# Layered model 58958: value=0.489419
5
2.0417048435295153119 277.73801706328180217 169.44658106775753481 2000
15.991957501071837555 1298.518874926506669 472.20905425307677206 2000
15.277806320035438148 1364.7563877923034852 295.82150505913193683 2000
117.72265289198701055 2312.5330390178828566 710.08548490489306459 2000
0 2359.0149531021424991 1156.2665195089414283 2000
# Layered model 57973: value=0.489466
5
2.0500000000000193623 277.73801706328180217 169.44658106775753481 2000
15.541543389155901167 1163.8932652411642721 481.70045624356362168 2000
15.868922293764779141 1032.8961765296010071 301.76751731082049446 2000
120.60944171699122762 1648.7744072668654098 724.35820315148146165 2000
0 2554.4751606435661415 1290.0099561250008264 2000
# Layered model 55659: value=0.489624
5
2.0417048435295153119 277.73801706328180217 169.44658106775753481 2000
16.629653749428893406 1247.851115744313347 467.53371708225427028 2000
15.089103428880964231 1163.8932652411642721 298.77972010972325734 2000
111.3803601403045036 1732.8784723851460967 710.08548490489306459 2000
0 2711.6268572328722257 1191.302551316581912 2000
# Layered model 59891: value=0.4911
5
2.0417048435295153119 277.73801706328180217 169.44658106775753481 2000
17.973493212214677328 1285.6622524024817267 462.90467037846951825 2000
13.972025004900949341 1337.86529535565478 292.89257926646723718 2000
120.08268433926679108 2793.7918626338855574 710.08548490489306459 2000
0 2907.2310153621906466 1144.8183361474666526 2000
# Layered model 58656: value=0.492091
5
2.0417048435295153119 277.73801706328180217 169.44658106775753481 2000
16.909809298049459869 1311.5040636757717039 462.90467037846951825 2000
13.99035821204487462 953.86228959121501703 289.99265273907644769 2000
113.65035803014147575 1632.4499081850153743 724.35820315148146165 2000
0 2382.6051026331638241 1179.5074765510712496 2000
# Layered model 51704: value=0.492423
5
2.0417048435295153119 277.73801706328180217 169.44658106775753481 2000
16.445187998378042238 1285.6622524024817267 472.20905425307677206 2000
15.424574475668922702 1337.86529535565478 298.77972010972325734 2000
124.82691234646019041 2936.303325515812503 717.18633975394197932 2000
0 2995.323022358680646 1167.8291847040309221 2000
# Layered model 56027: value=0.492547
5
2.0500000000000193623 277.73801706328180217 169.44658106775753481 2000
16.43689284190753952 1260.3296269017564555 462.90467037846951825 2000
14.454979511716292251 1211.1519990219492229 298.77972010972325734 2000
118.09224920299995176 2222.2987964632989133 696.09399559346434216 2000
0 2382.6051026331638241 1179.5074765510712496 2000
# Layered model 56486: value=0.49309
5
2.0417048435295153119 277.73801706328180217 169.44658106775753481 2000
16.262544697104548419 1298.518874926506669 472.20905425307677206 2000
14.63762281298978607 925.80934075693903651 295.82150505913193683 2000
118.09224920299995176 1785.3864229768882979 717.18633975394197932 2000
0 2580.0199122500016529 1167.8291847040309221 2000
# Layered model 58522: value=0.493218
5
2.0500000000000193623 277.73801706328180217 169.44658106775753481 2000
14.689557126173262702 1187.2875198725116661 476.93114479560750851 2000
17.399685497066592177 1199.160395071236735 310.91137485285565845 2000
129.40906868299677512 2936.303325515812503 717.18633975394197932 2000
0 2965.6663587709708736 1239.6742120232661364 2000
# Layered model 59831: value=0.49452
5
2.0417048435295153119 277.73801706328180217 169.44658106775753481 2000
15.637386586464661065 1337.86529535565478 476.93114479560750851 2000
15.116093163695591528 916.6429116405337254 301.76751731082049446 2000
113.79704579007555765 1600.2841958484607403 717.18633975394197932 2000
0 2793.7918626338855574 1215.2477325980453315 2000
# Layered model 58273: value=0.49459
5
2.033443252727728634 277.73801706328180217 169.44658106775753481 2000
16.637915340230680528 1211.1519990219492229 467.53371708225427028 2000
13.759957947754049457 838.12311872016766756 289.99265273907644769 2000
117.10741767376654821 1876.459073860799208 717.18633975394197932 2000
0 2580.0199122500016529 1167.8291847040309221 2000
# Layered model 54259: value=0.495325
5
2.0500000000000193623 280.51539723391459802 171.14104687843510533 2000
15.983662344601334837 1085.5842622424745514 472.20905425307677206 2000
16.258279801092584194 1406.1098710987980667 304.78519248392871077 2000
127.63707894958987765 2011.8181098681418462 717.18633975394197932 2000
0 2849.9470790728269094 1264.591663684933792 2000
# Layered model 59728: value=0.496072
5
2.0500000000000193623 277.73801706328180217 169.44658106775753481 2000
13.565647315585465549 1211.1519990219492229 486.51746080599923516 2000
18.371575745059658402 1096.4401048648992401 317.16069348739807765 2000
120.08268433926679108 2631.878312486226605 703.05493554939903333 2000
0 2995.323022358680646 1179.5074765510712496 2000
# Layered model 59974: value=0.496172
5
2.033443252727728634 277.73801706328180217 169.44658106775753481 2000
18.08136467453292795 1337.86529535565478 458.3214558202668627 2000
12.388957807708969483 1199.160395071236735 273.1861967715746573 2000
120.0406970372204114 2222.2987964632989133 710.08548490489306459 2000
0 2821.7297812602246267 1191.302551316581912 2000
# Layered model 59146: value=0.496412
5
2.0417048435295153119 277.73801706328180217 169.44658106775753481 2000
14.206596904639262391 1477.8356060696526129 462.90467037846951825 2000
18.273971262623945222 1298.518874926506669 323.53562342649479433 2000
118.02218976139729989 2711.6268572328722257 710.08548490489306459 2000
0 2907.2310153621906466 1133.4835011361055876 2000
# Layered model 57272: value=0.497188
5
2.0500000000000193623 277.73801706328180217 169.44658106775753481 2000
16.43689284190753952 1351.2439483092114187 472.20905425307677206 2000
15.500330218737584431 1351.2439483092114187 295.82150505913193683 2000
123.17948947800502424 2711.6268572328722257 717.18633975394197932 2000
0 2936.303325515812503 1156.2665195089414283 2000
# Layered model 58871: value=0.497357
5
2.0500000000000193623 277.73801706328180217 169.44658106775753481 2000
16.073410684043896168 1324.6191043125295437 472.20905425307677206 2000
15.039724435186723639 935.06743416450854056 298.77972010972325734 2000
128.76588597605316977 1857.8802711493058268 724.35820315148146165 2000
0 2766.1305570632530362 1329.0985478055445128 2000
# Layered model 59130: value=0.497391
5
2.0500000000000193623 277.73801706328180217 169.44658106775753481 2000
16.714280562818618847 1140.9599698472347882 476.93114479560750851 2000
15.757992447974086048 1187.2875198725116661 301.76751731082049446 2000
121.08833346311831747 2658.1970956110890256 717.18633975394197932 2000
0 2995.323022358680646 1167.8291847040309221 2000
# Layered model 56381: value=0.497492
5
2.033443252727728634 277.73801706328180217 169.44658106775753481 2000
17.298161445483017928 1351.2439483092114187 462.90467037846951825 2000
14.27852444348259553 1364.7563877923034852 292.89257926646723718 2000
129.9381821645433206 2738.743125805201089 710.08548490489306459 2000
0 2995.323022358680646 1203.2155768297477607 2000
# Layered model 56238: value=0.49798
5
2.0500000000000193623 277.73801706328180217 169.44658106775753481 2000
13.107375291601723433 1223.2635190121686719 476.93114479560750851 2000
19.134566854092195598 1175.5321978935758125 333.33907635194100294 2000
121.31866432821711044 2658.1970956110890256 703.05493554939903333 2000
0 2907.2310153621906466 1191.302551316581912 2000
# Layered model 56898: value=0.498631
5
2.0417048435295153119 277.73801706328180217 169.44658106775753481 2000
15.991957501071837555 1364.7563877923034852 472.20905425307677206 2000
14.397654196111105307 944.41810850615354411 295.82150505913193683 2000
129.49770455457135654 1876.459073860799208 717.18633975394197932 2000
0 2631.878312486226605 1277.2375803217830708 2000
# Layered model 57934: value=0.49986
5
2.0500000000000193623 277.73801706328180217 169.44658106775753481 2000
16.807664978538891631 1364.7563877923034852 472.20905425307677206 2000
14.084207375084940139 1163.8932652411642721 287.12143835552120663 2000
124.22484018502630931 2684.7790665672000614 717.18633975394197932 2000
0 2849.9470790728269094 1167.8291847040309221 2000
# Layered model 59434: value=0.500036
5
2.0417048435295153119 277.73801706328180217 169.44658106775753481 2000
16.815960135009394349 1364.7563877923034852 462.90467037846951825 2000
15.434277167155027399 1351.2439483092114187 298.77972010972325734 2000
124.4464375183427336 2382.6051026331638241 717.18633975394197932 2000
0 2766.1305570632530362 1156.2665195089414283 2000
# Layered model 58809: value=0.50038
5
2.0500000000000193623 277.73801706328180217 169.44658106775753481 2000
14.279164862537559344 1434.3726795078839586 472.20905425307677206 2000
17.582302455038902878 1298.518874926506669 314.0204886013842156 2000
108.36950725564561537 2658.1970956110890256 689.20197583511321682 2000
0 2965.6663587709708736 1089.255365387363554 2000
# Layered model 56869: value=0.500587
5
2.033443252727728634 274.98813570621962299 167.7688921462945757 2000
14.706113873445552542 1247.851115744313347 481.70045624356362168 2000
15.475379305593875756 1223.2635190121686719 295.82150505913193683 2000
117.32379778271184989 2031.9362909668232078 696.09399559346434216 2000
0 2454.8004198480516607 1191.302551316581912 2000
# Layered model 56787: value=0.501913
5
2.0500000000000193623 277.73801706328180217 167.7688921462945757 2000
16.163605675102683534 1351.2439483092114187 467.53371708225427028 2000
15.023613467680096534 1163.8932652411642721 298.77972010972325734 2000
116.30151507169620118 2072.7782104152565807 710.08548490489306459 2000
0 2821.7297812602246267 1179.5074765510712496 2000
# Layered model 59473: value=0.502287
5
2.0500000000000193623 277.73801706328180217 169.44658106775753481 2000
15.717075172196704358 1406.1098710987980667 462.90467037846951825 2000
16.448432027521217691 1074.8359032103708159 314.0204886013842156 2000
115.32322701476107341 2529.1833273698675839 717.18633975394197932 2000
0 2631.878312486226605 1133.4835011361055876 2000
# Layered model 58751: value=0.502666
5
2.0252150917739397684 277.73801706328180217 169.44658106775753481 2000
14.466885299527721287 1272.9329231707740746 472.20905425307677206 2000
16.893783663202086132 1324.6191043125295437 314.0204886013842156 2000
113.20634632926157792 2289.6366722949333052 689.20197583511321682 2000
0 2382.6051026331638241 1179.5074765510712496 2000
# Layered model 57547: value=0.503815
5
2.0500000000000193623 277.73801706328180217 169.44658106775753481 2000
16.807664978538891631 1351.2439483092114187 458.3214558202668627 2000
13.213820686044545738 880.87582099605185704 284.27865183714970954 2000
125.09522687406669661 1857.8802711493058268 724.35820315148146165 2000
0 2454.8004198480516607 1227.4002099240258303 2000
# Layered model 57389: value=0.503968
5
2.0500000000000193623 277.73801706328180217 169.44658106775753481 2000
16.807664978538891631 1247.851115744313347 462.90467037846951825 2000
14.084207375084940139 982.76527082811844593 295.82150505913193683 2000
119.60259041856618012 1933.3176602578553229 717.18633975394197932 2000
0 2479.3484240465322728 1227.4002099240258303 2000
# Layered model 59510: value=0.504182
5
2.0417048435295153119 277.73801706328180217 169.44658106775753481 2000
14.69785228264376542 1448.7164063029629233 467.53371708225427028 2000
15.76420860879634489 1152.3695695457072361 301.76751731082049446 2000
120.0406970372204114 2072.7782104152565807 710.08548490489306459 2000
0 2382.6051026331638241 1191.302551316581912 2000
# Layered model 58748: value=0.504311
5
2.0500000000000193623 274.98813570621962299 167.7688921462945757 2000
15.281491951975016974 1163.8932652411642721 481.70045624356362168 2000
15.244884823464257551 1064.193963574624604 295.82150505913193683 2000
115.48177591216369819 2072.7782104152565807 703.05493554939903333 2000
0 2266.9670022722111753 1203.2155768297477607 2000
# Layered model 54522: value=0.504326
5
2.0500000000000193623 280.51539723391459802 169.44658106775753481 2000
16.901514141578957151 1392.1879911869286843 462.90467037846951825 2000
15.263993058138964898 1285.6622524024817267 298.77972010972325734 2000
106.65674485297719798 1378.4039516702264336 717.18633975394197932 2000
0 2711.6268572328722257 1239.6742120232661364 2000
# Layered model 59751: value=0.504396
5
2.0500000000000193623 277.73801706328180217 169.44658106775753481 2000
16.254249540634045701 1364.7563877923034852 472.20905425307677206 2000
15.156216142286634607 1247.851115744313347 304.78519248392871077 2000
117.57365587370310323 2135.5854629690493312 696.09399559346434216 2000
0 2406.4311536594955214 1167.8291847040309221 2000
# Layered model 57971: value=0.504841
5
2.0500000000000193623 277.73801706328180217 169.44658106775753481 2000
16.807664978538891631 1187.2875198725116661 467.53371708225427028 2000
13.429237270113826952 953.86228959121501703 284.27865183714970954 2000
118.74721930797106495 1803.2402872066572854 724.35820315148146165 2000
0 2430.4954651960906631 1215.2477325980453315 2000
# Layered model 55827: value=0.504857
5
2.0500000000000193623 277.73801706328180217 169.44658106775753481 2000
17.571666950134144258 1118.4785509726837063 472.20905425307677206 2000
13.46754927495908305 805.41984334671917622 289.99265273907644769 2000
128.83980487019056227 2605.8201113725017422 731.60178518299630923 2000
0 2658.1970956110890256 1191.302551316581912 2000
# Layered model 59306: value=0.505194
5
2.0500000000000193623 277.73801706328180217 169.44658106775753481 2000
16.99583036485226728 1107.4045059135482916 476.93114479560750851 2000
14.414635318068413028 1272.9329231707740746 292.89257926646723718 2000
120.60944171699122762 2554.4751606435661415 717.18633975394197932 2000
0 2965.6663587709708736 1167.8291847040309221 2000
# Layered model 59663: value=0.505621
5
2.0417048435295153119 277.73801706328180217 169.44658106775753481 2000
16.353639671027355718 1378.4039516702264336 462.90467037846951825 2000
15.289867202712397187 1392.1879911869286843 295.82150505913193683 2000
123.4815008213808909 2554.4751606435661415 717.18633975394197932 2000
0 2965.6663587709708736 1144.8183361474666526 2000
# Layered model 59947: value=0.505733
5
2.0417048435295153119 277.73801706328180217 169.44658106775753481 2000
16.722575719289121565 1032.8961765296010071 486.51746080599923516 2000
14.177591790805212923 1187.2875198725116661 287.12143835552120663 2000
130.60643895261279113 2312.5330390178828566 717.18633975394197932 2000
0 2454.8004198480516607 1252.0709541434987386 2000
# Layered model 58494: value=0.505922
5
2.0500000000000193623 277.73801706328180217 169.44658106775753481 2000
16.073410684043896168 1129.6633364824106138 476.93114479560750851 2000
15.712469746054072317 1378.4039516702264336 304.78519248392871077 2000
123.3308321085521726 2504.1419082869974773 710.08548490489306459 2000
0 2907.2310153621906466 1144.8183361474666526 2000
# Layered model 54105: value=0.505967
5
2.0417048435295153119 277.73801706328180217 169.44658106775753481 2000
17.677613487240410706 1211.1519990219492229 462.90467037846951825 2000
13.51790081201287208 1175.5321978935758125 292.89257926646723718 2000
114.82093354482017844 2382.6051026331638241 696.09399559346434216 2000
0 2430.4954651960906631 1144.8183361474666526 2000
# Layered model 48952: value=0.505978
5
2.0500000000000193623 277.73801706328180217 169.44658106775753481 2000
15.629091429994158347 1129.6633364824106138 476.93114479560750851 2000
15.706792624509571255 1223.2635190121686719 301.76751731082049446 2000
120.68402334540817833 2738.743125805201089 717.18633975394197932 2000
0 2965.6663587709708736 1122.2608922139659171 2000
# Layered model 54438: value=0.506507
5
2.0500000000000193623 277.73801706328180217 167.7688921462945757 2000
14.524176821244473956 1463.2035703659926185 472.20905425307677206 2000
17.488971215270538551 1324.6191043125295437 314.0204886013842156 2000
108.21782653670706509 2878.446549863554992 696.09399559346434216 2000
0 2995.323022358680646 1100.1479190412371736 2000
# Layered model 59104: value=0.506732
5
2.0417048435295153119 277.73801706328180217 169.44658106775753481 2000
14.781160233428796147 1406.1098710987980667 476.93114479560750851 2000
17.088602240618168793 1392.1879911869286843 307.83304440876798935 2000
109.79231700137783889 2504.1419082869974773 696.09399559346434216 2000
0 2995.323022358680646 1122.2608922139659171 2000
# Layered model 57104: value=0.506782
5
2.033443252727728634 277.73801706328180217 169.44658106775753481 2000
16.730837310090908687 1260.3296269017564555 462.90467037846951825 2000
13.235719437181362679 925.80934075693903651 284.27865183714970954 2000
134.83563236349203862 2430.4954651960906631 717.18633975394197932 2000
0 2580.0199122500016529 1277.2375803217830708 2000
# Layered model 58450: value=0.506946
5
2.0417048435295153119 277.73801706328180217 169.44658106775753481 2000
15.462724048530198218 1012.5440412994812505 486.51746080599923516 2000
15.290755701630054375 846.50434990736948748 307.83304440876798935 2000
110.90859972526455124 2504.1419082869974773 703.05493554939903333 2000
0 2907.2310153621906466 1122.2608922139659171 2000
# Layered model 59147: value=0.506987
5
2.0417048435295153119 280.51539723391459802 169.44658106775753481 2000
15.991957501071837555 1272.9329231707740746 467.53371708225427028 2000
14.181274087165803621 1064.193963574624604 292.89257926646723718 2000
121.85497096814476947 2711.6268572328722257 696.09399559346434216 2000
0 2965.6663587709708736 1191.302551316581912 2000
# Layered model 58637: value=0.507048
5
2.0417048435295153119 277.73801706328180217 169.44658106775753481 2000
16.081705840514398886 1223.2635190121686719 462.90467037846951825 2000
14.892051408261881562 829.82487001996798881 301.76751731082049446 2000
116.52327212217321062 1821.2726900787238264 724.35820315148146165 2000
0 2580.0199122500016529 1179.5074765510712496 2000
# Layered model 58497: value=0.507921
5
2.0417048435295153119 277.73801706328180217 169.44658106775753481 2000
14.781160233428796147 1140.9599698472347882 476.93114479560750851 2000
15.972319516731456446 1378.4039516702264336 304.78519248392871077 2000
118.23893696293403366 1991.8991186813284457 689.20197583511321682 2000
0 2454.8004198480516607 1203.2155768297477607 2000
# Layered model 54075: value=0.508151
5
2.0500000000000193623 280.51539723391459802 169.44658106775753481 2000
16.99583036485226728 1129.6633364824106138 467.53371708225427028 2000
13.241071883800451303 1199.160395071236735 281.46401171995017876 2000
112.85391991349113994 1537.8416577968605452 717.18633975394197932 2000
0 2631.878312486226605 1191.302551316581912 2000
# Layered model 58704: value=0.508587
5
2.033443252727728634 277.73801706328180217 169.44658106775753481 2000
15.47098563933198534 1364.7563877923034852 458.3214558202668627 2000
15.584787333033531809 1378.4039516702264336 301.76751731082049446 2000
120.98069117481867352 2093.5059925194091193 703.05493554939903333 2000
0 2266.9670022722111753 1215.2477325980453315 2000
# Layered model 53105: value=0.508774
5
2.0417048435295153119 274.98813570621962299 167.7688921462945757 2000
15.549838545626403885 1272.9329231707740746 476.93114479560750851 2000
15.057606634518162281 872.15427821391256202 295.82150505913193683 2000
134.1864823398179567 2766.1305570632530362 724.35820315148146165 2000
0 2793.7918626338855574 1264.591663684933792 2000
# Layered model 59402: value=0.509266
5
2.0500000000000193623 277.73801706328180217 169.44658106775753481 2000
17.474499145653506815 1235.4961542022904268 462.90467037846951825 2000
14.010714775598909654 1187.2875198725116661 295.82150505913193683 2000
116.00352029322657188 2359.0149531021424991 710.08548490489306459 2000
0 2382.6051026331638241 1167.8291847040309221 2000
# Layered model 52600: value=0.509315
5
2.0500000000000193623 277.73801706328180217 169.44658106775753481 2000
18.06480792726063811 1285.6622524024817267 462.90467037846951825 2000
13.420405993991778359 1364.7563877923034852 281.46401171995017876 2000
117.49890763537136706 2766.1305570632530362 703.05493554939903333 2000
0 2936.303325515812503 1179.5074765510712496 2000
# Layered model 56206: value=0.509736
5
2.033443252727728634 274.98813570621962299 167.7688921462945757 2000
15.91091519219867223 1420.1709698097861292 472.20905425307677206 2000
15.144857780166844918 982.76527082811844593 301.76751731082049446 2000
109.19175834812884318 2658.1970956110890256 696.09399559346434216 2000
0 2684.7790665672000614 1122.2608922139659171 2000
# Layered model 54055: value=0.509854
5
2.0500000000000193623 277.73801706328180217 169.44658106775753481 2000
14.442100391301643469 1420.1709698097861292 472.20905425307677206 2000
18.809174012489080496 1260.3296269017564555 320.33230042227205558 2000
117.24318836839928792 2793.7918626338855574 717.18633975394197932 2000
0 2995.323022358680646 1111.1493982316494566 2000
# Layered model 59729: value=0.509871
5
2.0500000000000193623 277.73801706328180217 169.44658106775753481 2000
16.528896778895440178 1477.8356060696526129 458.3214558202668627 2000
15.106314938373810008 1406.1098710987980667 295.82150505913193683 2000
123.4815008213808909 2738.743125805201089 717.18633975394197932 2000
0 2965.6663587709708736 1167.8291847040309221 2000
# Layered model 57411: value=0.510004
5
2.0500000000000193623 277.73801706328180217 169.44658106775753481 2000
14.442100391301643469 1096.4401048648992401 486.51746080599923516 2000
16.745118751481136599 1152.3695695457072361 314.0204886013842156 2000
111.90360301936107135 2793.7918626338855574 696.09399559346434216 2000
0 2878.446549863554992 1167.8291847040309221 2000
# Layered model 57635: value=0.510262
5
2.0417048435295153119 277.73801706328180217 167.7688921462945757 2000
16.081705840514398886 1223.2635190121686719 476.93114479560750851 2000
14.598675157990395945 1337.86529535565478 295.82150505913193683 2000
116.81664837244468913 2382.6051026331638241 689.20197583511321682 2000
0 2454.8004198480516607 1179.5074765510712496 2000
# Layered model 59119: value=0.510355
5
2.0500000000000193623 277.73801706328180217 169.44658106775753481 2000
17.866081458960408668 1378.4039516702264336 462.90467037846951825 2000
14.299425740757513381 1420.1709698097861292 289.99265273907644769 2000
124.52287246431873768 2711.6268572328722257 724.35820315148146165 2000
0 2995.323022358680646 1167.8291847040309221 2000
# Layered model 59661: value=0.510933
5
2.0500000000000193623 277.73801706328180217 169.44658106775753481 2000
17.474499145653506815 1351.2439483092114187 472.20905425307677206 2000
12.762403102999211768 1187.2875198725116661 275.91805873929041582 2000
120.25756052353729331 2244.5217844279318342 710.08548490489306459 2000
0 2878.446549863554992 1179.5074765510712496 2000
# Layered model 55335: value=0.511348
5
2.0417048435295153119 277.73801706328180217 167.7688921462945757 2000
16.081705840514398886 1492.6139621303491367 462.90467037846951825 2000
15.411803237208520301 1107.4045059135482916 304.78519248392871077 2000
110.16857039770188464 2936.303325515812503 703.05493554939903333 2000
0 2995.323022358680646 1100.1479190412371736 2000
# Layered model 58889: value=0.51161
5
2.0417048435295153119 277.73801706328180217 169.44658106775753481 2000
17.775750850650435808 1448.7164063029629233 458.3214558202668627 2000
14.859230074416263534 1012.5440412994812505 304.78519248392871077 2000
130.50710865070283262 2430.4954651960906631 724.35820315148146165 2000
0 2965.6663587709708736 1252.0709541434987386 2000
# Layered model 53778: value=0.511648
5
2.0417048435295153119 280.51539723391459802 171.14104687843510533 2000
16.815960135009394349 1140.9599698472347882 467.53371708225427028 2000
13.5013638533821414 1199.160395071236735 284.27865183714970954 2000
127.9667346287560008 1914.1759012454012918 710.08548490489306459 2000
0 2711.6268572328722257 1264.591663684933792 2000
# Layered model 59718: value=0.511755
5
2.033443252727728634 277.73801706328180217 169.44658106775753481 2000
16.918070888851246991 1235.4961542022904268 458.3214558202668627 2000
14.508951541341723157 1140.9599698472347882 301.76751731082049446 2000
110.24331863603362081 2135.5854629690493312 696.09399559346434216 2000
0 2382.6051026331638241 1144.8183361474666526 2000
# Layered model 59530: value=0.511771
5
2.0500000000000193623 277.73801706328180217 169.44658106775753481 2000
17.281604698210728088 1311.5040636757717039 467.53371708225427028 2000
12.739880966372709281 854.96939340644303229 287.12143835552120663 2000
126.66689399945320815 1750.2072571089975099 717.18633975394197932 2000
0 2529.1833273698675839 1315.9391562431133025 2000
# Layered model 54964: value=0.511842
5
2.0252150917739397684 274.98813570621962299 167.7688921462945757 2000
14.71434203439934052 1420.1709698097861292 472.20905425307677206 2000
16.349659098919964606 1187.2875198725116661 310.91137485285565845 2000
124.07749631355690667 2093.5059925194091193 703.05493554939903333 2000
0 2631.878312486226605 1227.4002099240258303 2000
# Layered model 59707: value=0.511964
5
2.0500000000000193623 277.73801706328180217 169.44658106775753481 2000
14.442100391301643469 1012.5440412994812505 491.38263541405922297 2000
15.939216149410796675 1223.2635190121686719 301.76751731082049446 2000
114.16091384305286738 2430.4954651960906631 689.20197583511321682 2000
0 2738.743125805201089 1122.2608922139659171 2000
# Layered model 55232: value=0.511994
5
2.0500000000000193623 277.73801706328180217 169.44658106775753481 2000
17.090615972782977394 982.76527082811844593 486.51746080599923516 2000
14.394597948469439075 1152.3695695457072361 292.89257926646723718 2000
131.64858049804661277 2312.5330390178828566 717.18633975394197932 2000
0 2605.8201113725017422 1252.0709541434987386 2000
# Layered model 56198: value=0.512004
5
2.0417048435295153119 277.73801706328180217 169.44658106775753481 2000
15.549838545626403885 1311.5040636757717039 472.20905425307677206 2000
15.943670532096515302 1351.2439483092114187 314.0204886013842156 2000
116.00352029322657188 2178.5107307747271079 689.20197583511321682 2000
0 2266.9670022722111753 1191.302551316581912 2000
# Layered model 56142: value=0.512121
5
2.0417048435295153119 277.73801706328180217 169.44658106775753481 2000
15.637386586464661065 1448.7164063029629233 467.53371708225427028 2000
15.706792624509571255 1285.6622524024817267 304.78519248392871077 2000
108.89509051871834799 2382.6051026331638241 703.05493554939903333 2000
0 2995.323022358680646 1067.7927314845246656 2000
# Layered model 57752: value=0.512848
5
2.0500000000000193623 280.51539723391459802 171.14104687843510533 2000
17.76745569417993309 1351.2439483092114187 458.3214558202668627 2000
12.831694329494130358 925.80934075693903651 281.46401171995017876 2000
137.539878550324147 2031.9362909668232078 731.60178518299630923 2000
0 2200.2958380824743472 1264.591663684933792 2000
# Layered model 47586: value=0.512882
5
2.0500000000000193623 277.73801706328180217 169.44658106775753481 2000
15.454428892059695499 1351.2439483092114187 476.93114479560750851 2000
15.071947883379579025 1012.5440412994812505 304.78519248392871077 2000
116.96235743903972093 1732.8784723851460967 710.08548490489306459 2000
0 2738.743125805201089 1203.2155768297477607 2000
# Layered model 55851: value=0.513116
5
2.033443252727728634 277.73801706328180217 169.44658106775753481 2000
15.47098563933198534 1378.4039516702264336 467.53371708225427028 2000
16.63481373118015938 1260.3296269017564555 314.0204886013842156 2000
106.73300942945525094 2907.2310153621906466 689.20197583511321682 2000
0 2965.6663587709708736 1078.4706587993698577 2000
# Layered model 55010: value=0.513492
5
2.033443252727728634 277.73801706328180217 169.44658106775753481 2000
14.623218469193602687 1022.6694817124763404 496.29646176819989023 2000
15.558274709845825612 963.40091248712724337 298.77972010972325734 2000
117.32379778271184989 2631.878312486226605 703.05493554939903333 2000
0 2965.6663587709708736 1144.8183361474666526 2000
# Layered model 58124: value=0.513826
5
2.0417048435295153119 277.73801706328180217 169.44658106775753481 2000
15.902653601396885108 1420.1709698097861292 467.53371708225427028 2000
14.704791578747681058 1163.8932652411642721 301.76751731082049446 2000
118.38497153294972009 2178.5107307747271079 689.20197583511321682 2000
0 2312.5330390178828566 1179.5074765510712496 2000
# Layered model 58378: value=0.513837
5
2.0417048435295153119 277.73801706328180217 169.44658106775753481 2000
16.815960135009394349 1378.4039516702264336 458.3214558202668627 2000
14.379554164243888437 935.06743416450854056 292.89257926646723718 2000
131.94657527651622786 2738.743125805201089 724.35820315148146165 2000
0 2878.446549863554992 1252.0709541434987386 2000
# Layered model 59386: value=0.514021
5
2.0417048435295153119 277.73801706328180217 169.44658106775753481 2000
12.027969121092095151 1199.160395071236735 486.51746080599923516 2000
20.298873877139275379 1074.8359032103708159 336.67246711546039251 2000
119.70135955815104012 2766.1305570632530362 703.05493554939903333 2000
0 2821.7297812602246267 1191.302551316581912 2000
# Layered model 58582: value=0.514363
5
2.0252150917739397684 274.98813570621962299 167.7688921462945757 2000
14.965511749072220482 1448.7164063029629233 467.53371708225427028 2000
15.513038894123464928 925.80934075693903651 307.83304440876798935 2000
108.36848631772551244 1857.8802711493058268 703.05493554939903333 2000
0 2454.8004198480516607 1167.8291847040309221 2000
# Layered model 59740: value=0.514985
5
2.0500000000000193623 277.73801706328180217 169.44658106775753481 2000
16.807664978538891631 1043.2251382948970786 486.51746080599923516 2000
15.434277167155027399 1085.5842622424745514 301.76751731082049446 2000
122.87477039295622205 2266.9670022722111753 717.18633975394197932 2000
0 2907.2310153621906466 1179.5074765510712496 2000
# Layered model 59785: value=0.515206
5
2.0417048435295153119 277.73801706328180217 169.44658106775753481 2000
14.287460019008062062 1406.1098710987980667 472.20905425307677206 2000
18.972109541253164622 1285.6622524024817267 323.53562342649479433 2000
115.73284715283305957 2711.6268572328722257 717.18633975394197932 2000
0 2936.303325515812503 1100.1479190412371736 2000
# Layered model 57816: value=0.515215
5
2.0417048435295153119 280.51539723391459802 171.14104687843510533 2000
18.17320868486645935 1311.5040636757717039 453.78361962402658492 2000
12.580271065293793242 846.50434990736948748 284.27865183714970954 2000
134.04044776980225606 2093.5059925194091193 724.35820315148146165 2000
0 2382.6051026331638241 1315.9391562431133025 2000
# Layered model 55476: value=0.515781
5
2.0417048435295153119 277.73801706328180217 169.44658106775753481 2000
17.194168457833733044 1074.8359032103708159 476.93114479560750851 2000
13.413276722310833122 781.73256489775235423 287.12143835552120663 2000
134.1864823398179567 2222.2987964632989133 731.60178518299630923 2000
0 2335.6583694080618443 1315.9391562431133025 2000
# Layered model 56690: value=0.516502
5
2.0500000000000193623 277.73801706328180217 169.44658106775753481 2000
15.367745791767990937 1364.7563877923034852 472.20905425307677206 2000
15.597716300537786793 1022.6694817124763404 295.82150505913193683 2000
118.0186594643180058 2135.5854629690493312 717.18633975394197932 2000
0 2605.8201113725017422 1179.5074765510712496 2000
# Layered model 56622: value=0.516808
5
2.0252150917739397684 274.98813570621962299 167.7688921462945757 2000
15.306276860201094792 1406.1098710987980667 472.20905425307677206 2000
15.09982458873742317 982.76527082811844593 304.78519248392871077 2000
117.10741767376654821 1785.3864229768882979 703.05493554939903333 2000
0 2554.4751606435661415 1191.302551316581912 2000
# Layered model 59943: value=0.516854
5
2.0417048435295153119 277.73801706328180217 169.44658106775753481 2000
16.629653749428893406 1272.9329231707740746 467.53371708225427028 2000
15.467884030281464192 1477.8356060696526129 295.82150505913193683 2000
113.91891006436310363 2684.7790665672000614 710.08548490489306459 2000
0 2907.2310153621906466 1100.1479190412371736 2000
# Layered model 58198: value=0.51699
5
2.0417048435295153119 277.73801706328180217 169.44658106775753481 2000
16.537191935365942896 1187.2875198725116661 462.90467037846951825 2000
14.070253244778623269 1311.5040636757717039 292.89257926646723718 2000
118.38497153294972009 2093.5059925194091193 696.09399559346434216 2000
0 2504.1419082869974773 1167.8291847040309221 2000
# Layered model 47396: value=0.517105
5
2.0417048435295153119 277.73801706328180217 169.44658106775753481 2000
13.729758386328205333 1420.1709698097861292 467.53371708225427028 2000
20.005624410138779012 1285.6622524024817267 343.43958370448115147 2000
113.76164657448251205 2529.1833273698675839 703.05493554939903333 2000
0 2738.743125805201089 1156.2665195089414283 2000
# Layered model 58596: value=0.51724
5
2.0007298380238482949 274.98813570621962299 167.7688921462945757 2000
16.303519702610216768 1492.6139621303491367 462.90467037846951825 2000
14.932969602148734367 1311.5040636757717039 298.77972010972325734 2000
123.92949339586735391 1952.6508368604338557 703.05493554939903333 2000
0 2072.7782104152565807 1252.0709541434987386 2000
# Layered model 58258: value=0.517591
5
2.0417048435295153119 277.73801706328180217 169.44658106775753481 2000
12.09798983295271313 1118.4785509726837063 476.93114479560750851 2000
21.478080196269601743 1118.4785509726837063 343.43958370448115147 2000
123.12060479128484758 2093.5059925194091193 717.18633975394197932 2000
0 2766.1305570632530362 1227.4002099240258303 2000
# Layered model 59933: value=0.517638
5
2.0417048435295153119 277.73801706328180217 169.44658106775753481 2000
15.118558717975925987 1187.2875198725116661 476.93114479560750851 2000
16.826959499139700682 1378.4039516702264336 304.78519248392871077 2000
127.94179803463867984 2965.6663587709708736 717.18633975394197932 2000
0 2995.323022358680646 1156.2665195089414283 2000
# Layered model 50841: value=0.517941
5
2.0417048435295153119 280.51539723391459802 171.14104687843510533 2000
16.445187998378042238 1492.6139621303491367 453.78361962402658492 2000
16.65718755634752668 1107.4045059135482916 317.16069348739807765 2000
135.04494817574314425 2156.9413175987397153 724.35820315148146165 2000
0 2244.5217844279318342 1290.0099561250008264 2000
# Layered model 58988: value=0.518025
5
2.0500000000000193623 277.73801706328180217 169.44658106775753481 2000
15.454428892059695499 1448.7164063029629233 476.93114479560750851 2000
15.144721131614367948 1406.1098710987980667 301.76751731082049446 2000
108.22310202902104947 2031.9362909668232078 689.20197583511321682 2000
0 2849.9470790728269094 1100.1479190412371736 2000
# Layered model 59168: value=0.518458
5
2.0500000000000193623 277.73801706328180217 169.44658106775753481 2000
17.76745569417993309 1272.9329231707740746 467.53371708225427028 2000
13.19800639812584464 854.96939340644303229 281.46401171995017876 2000
125.7229175717308749 2031.9362909668232078 724.35820315148146165 2000
0 2454.8004198480516607 1191.302551316581912 2000
# Layered model 57567: value=0.518674
5
2.0417048435295153119 277.73801706328180217 169.44658106775753481 2000
15.813791940594146723 1223.2635190121686719 467.53371708225427028 2000
14.575819756588796139 1272.9329231707740746 301.76751731082049446 2000
121.63859085919946779 2266.9670022722111753 696.09399559346434216 2000
0 2312.5330390178828566 1215.2477325980453315 2000
