# 60023 2_reports/tar1_lr20_tr0.report
# Layered model 50943: value=0.432921
8
2.0170202253970175299 345.70491469443891219 174.58098192069164156 2000
1.1908418064257726421 557.35447865336664108 278.67723932668332054 2000
5.3384015626334857529 916.6429116405337254 431.75954367025371994 2000
6.0934310307776957671 1406.1098710987980667 642.83112620124086334 2000
17.57524180653318524 1032.8961765296010071 320.33230042227205558 2000
75.188928080009233668 2093.5059925194091193 662.30955215626477184 2000
79.436118019225688158 2156.9413175987397153 892.69321148844414893 2000
0 2312.5330390178828566 1264.591663684933792 2000
# Layered model 49823: value=0.451954
8
2.033443252727728634 363.33933971281851427 178.09005965729755872 2000
0.9585875813629023412 585.78515853293447435 230.67227440403681271 2000
4.4389011698682994123 1002.5188527717638181 423.25217495368474374 2000
10.873317536675134676 1351.2439483092114187 481.70045624356362168 2000
14.858885578596574106 1378.4039516702264336 323.53562342649479433 2000
95.07424060701629287 2382.6051026331638241 675.62197415460570937 2000
57.436836836277052498 2684.7790665672000614 976.32541843021692785 2000
0 2711.6268572328722257 1100.1479190412371736 2000
# Layered model 59520: value=0.480485
8
1.8980022507182634506 363.33933971281851427 164.46318218438835856 2000
2.2985513390870058181 615.66608881753597871 287.12143835552120663 2000
3.6748284541709628215 813.47404178018632592 496.29646176819989023 2000
8.7852796779450983422 1187.2875198725116661 501.25942638588190903 2000
19.441192383517702069 1199.160395071236735 350.34271933694122936 2000
91.233346306134080805 2093.5059925194091193 696.09399559346434216 2000
48.173012319191684583 2222.2987964632989133 792.21989893488171219 2000
0 2382.6051026331638241 1342.3895332836000307 2000
# Layered model 50925: value=0.493253
8
1.620397427995579509 328.92636436877671713 164.46318218438835856 2000
1.3420093384307878459 535.60669889535267885 217.30371700757382314 2000
8.157399429338475727 1043.2251382948970786 449.29071249903614671 2000
5.0480328775750944459 1152.3695695457072361 576.18478477285361805 2000
19.769273915130629149 1492.6139621303491367 340.03919178661499245 2000
93.212887011529090842 2052.2556538764915786 675.62197415460570937 2000
92.089135942016980607 2135.5854629690493312 1036.3891052076282904 2000
0 2504.1419082869974773 1315.9391562431133025 2000
# Layered model 50229: value=0.510203
8
1.6335910642871278586 319.25268864999327434 185.32123022052309125 2000
1.2416917573604948632 551.83611747858083163 200.67633683953869195 2000
9.6017876173900589265 1118.4785509726837063 449.29071249903614671 2000
7.1445965110964806399 1298.518874926506669 506.27202064974062523 2000
15.210122240514820646 846.50434990736948748 326.77097966075973545 2000
93.405586535597961984 1632.4499081850153743 738.91780303482630643 2000
90.249572782130115911 2114.4410524446034287 957.08795062270064591 2000
0 2479.3484240465322728 1497.661511179340323 2000
# Layered model 59985: value=0.518054
8
1.5623323562343409687 319.25268864999327434 169.44658106775753481 2000
1.6455296755884492033 504.56573866460144018 226.12711930598649701 2000
5.9197362373176538597 1118.4785509726837063 449.29071249903614671 2000
5.8800280578530443876 1129.6633364824106138 511.33474085623817018 2000
23.076130941649402928 1285.6622524024817267 353.8461465303106479 2000
72.410335975227155814 1537.8416577968605452 724.35820315148146165 2000
58.541507760508466163 2156.9413175987397153 816.22495409250768716 2000
0 2244.5217844279318342 1252.0709541434987386 2000
# Layered model 47999: value=0.542696
8
1.8005492172245267657 504.56573866460144018 189.04618694795561851 2000
1.3129700667738288811 660.07737891473470881 204.70993121001342274 2000
9.5705231212662127405 729.13607723265113236 436.07713910695628101 2000
3.890134415979924043 1298.518874926506669 581.94663262058213604 2000
23.247706090133839041 992.59292353639978046 379.37096290198320503 2000
69.891415972440199766 1785.3864229768882979 746.30698106517456836 2000
124.34605339545780112 2289.6366722949333052 901.62014360332864271 2000
0 2454.8004198480516607 1497.661511179340323 2000
# Layered model 56978: value=0.549716
8
1.5186129996195951719 413.51406104422710541 148.88637335882222601 2000
1.8528822351603628782 494.62380027899376955 244.86326746484840555 2000
4.1208161145443451545 1311.5040636757717039 436.07713910695628101 2000
6.7884719038285465942 1406.1098710987980667 532.096981787312302 2000
25.63005883837812604 1012.5440412994812505 364.56803861632556618 2000
55.294978930944814977 1448.7164063029629233 761.30775138458454876 2000
85.877596331884319625 2114.4410524446034287 816.22495409250768716 2000
0 2178.5107307747271079 1302.9100556862508711 2000
# Layered model 58867: value=0.557648
8
1.5434434469329254558 335.53778429258915139 178.09005965729755872 2000
1.0337407406813567956 430.30439011400761729 194.77447545866564838 2000
6.625807855311126815 982.76527082811844593 436.07713910695628101 2000
5.1488625521666602225 1434.3726795078839586 542.79213112123727569 2000
21.265920277659759563 1064.193963574624604 353.8461465303106479 2000
90.8136536123662097 1260.3296269017564555 703.05493554939903333 2000
20.859901149847189572 1839.4854169795112284 746.30698106517456836 2000
0 2479.3484240465322728 1453.6155076810953233 2000
# Layered model 52806: value=0.560543
8
1.5186129996195951719 286.15375671831628779 171.14104687843510533 2000
1.3854226502445037283 475.32374998150709189 215.15219505700380864 2000
9.780006755400469487 1096.4401048648992401 462.90467037846951825 2000
2.3982725521404422153 1337.86529535565478 537.41795160518540797 2000
22.916555607620331614 1074.8359032103708159 368.21371900248880138 2000
79.777226762470974109 1839.4854169795112284 724.35820315148146165 2000
41.003943624512558586 1914.1759012454012918 776.61003718741471857 2000
0 2200.2958380824743472 1191.302551316581912 2000
# Layered model 54511: value=0.568722
8
1.5943289685113954945 494.62380027899376955 179.87096025387054965 2000
1.3387470378513444125 509.61139605124753871 198.68944241538483197 2000
9.6470547776246426963 880.87582099605185704 449.29071249903614671 2000
9.8559939597872983086 1118.4785509726837063 486.51746080599923516 2000
12.707955654480404206 1096.4401048648992401 317.16069348739807765 2000
57.399084594844737239 1311.5040636757717039 696.09399559346434216 2000
99.033552182236007866 1648.7744072668654098 832.63107566976702856 2000
0 2766.1305570632530362 1497.661511179340323 2000
# Layered model 52815: value=0.593749
8
1.5434434469329254558 309.86351430309520083 154.93175715154760042 2000
1.7946706469086171065 551.83611747858083163 257.35375500588003206 2000
5.4940351798277538009 1406.1098710987980667 449.29071249903614671 2000
6.7061683140670940162 1492.6139621303491367 491.38263541405922297 2000
21.871620325168247945 1043.2251382948970786 368.21371900248880138 2000
70.758285455197238889 1406.1098710987980667 717.18633975394197932 2000
40.047886322940485115 2430.4954651960906631 724.35820315148146165 2000
0 2504.1419082869974773 1264.591663684933792 2000
# Layered model 55019: value=0.595559
8
1.6874486471596097381 309.86351430309520083 171.14104687843510533 2000
0.64564257772863387075 335.53778429258915139 192.84601530560954075 2000
7.4153853160013314394 944.41810850615354411 431.75954367025371994 2000
4.5323067122632743065 1477.8356060696526129 599.58019753561836751 2000
23.888050349808288786 982.76527082811844593 357.3846079956137487 2000
90.068542123285794787 2052.2556538764915786 738.91780303482630643 2000
56.278340576568325559 2335.6583694080618443 784.37613755928884984 2000
0 2658.1970956110890256 1369.3715629026005445 2000
# Layered model 44283: value=0.599972
8
1.7080999152772291527 489.7265349296968111 178.09005965729755872 2000
1.405419368721126494 494.62380027899376955 215.15219505700380864 2000
5.6462742752176229288 797.44538945219721882 476.93114479560750851 2000
9.2738687853853747356 1223.2635190121686719 501.25942638588190903 2000
18.632468698470574964 953.86228959121501703 357.3846079956137487 2000
84.498625357072384645 2052.2556538764915786 717.18633975394197932 2000
94.60424154519756712 2093.5059925194091193 919.74270848975561421 2000
0 2907.2310153621906466 1203.2155768297477607 2000
# Layered model 54451: value=0.60903
8
1.8599112147296794628 438.95350835529916367 172.8524573472194561 2000
0.95871717625906938132 525.05313096299641984 206.75703052211355271 2000
9.9701839434054324585 758.74192580396641006 436.07713910695628101 2000
9.9839566233094299008 1085.5842622424745514 521.6125691474485393 2000
13.648727507560074912 1032.8961765296010071 330.03868945736735441 2000
55.467722428396669443 1311.5040636757717039 717.18633975394197932 2000
110.78885676832912566 1616.287037806945591 901.62014360332864271 2000
0 2936.303325515812503 1497.661511179340323 2000
# Layered model 46083: value=0.615044
8
1.4881359322718874516 328.92636436877671713 159.62634432499663717 2000
2.0202555287360284275 421.82569367121607229 247.31190013949688478 2000
7.1633322302850555019 1272.9329231707740746 526.82869483892307017 2000
3.9679709339410003111 1463.2035703659926185 537.41795160518540797 2000
23.189969734892834197 1022.6694817124763404 357.3846079956137487 2000
81.628747409182182082 1477.8356060696526129 746.30698106517456836 2000
24.191139500421030561 1972.1773452290383375 816.22495409250768716 2000
0 2031.9362909668232078 1078.4706587993698577 2000
# Layered model 53763: value=0.621776
8
1.829989530513397078 342.28209375687021065 176.32679173989856736 2000
1.5415057042665609721 863.51908734050743988 247.31190013949688478 2000
2.7785047652200423052 1152.3695695457072361 423.25217495368474374 2000
8.5625521656189533815 1420.1709698097861292 462.90467037846951825 2000
19.732772503743078119 1364.7563877923034852 333.33907635194100294 2000
84.168947368745875792 1750.2072571089975099 689.20197583511321682 2000
99.872676470269155402 2406.4311536594955214 995.94955934066422287 2000
0 2580.0199122500016529 1005.9090549340709231 2000
# Layered model 42497: value=0.624899
8
1.8826731075049070174 328.92636436877671713 176.32679173989856736 2000
1.0213625423591918828 535.60669889535267885 244.86326746484840555 2000
5.2978486336704406767 898.58142499807229342 449.29071249903614671 2000
7.0309248959117418565 1175.5321978935758125 593.64375993625583305 2000
18.377319962247060658 1260.3296269017564555 320.33230042227205558 2000
76.103169742125203356 1420.1709698097861292 689.20197583511321682 2000
47.091538035864743961 1553.2200743748294371 910.63634503936191322 2000
0 2178.5107307747271079 1329.0985478055445128 2000
# Layered model 33349: value=0.632401
8
1.6138406230152744225 325.66966769185813746 189.04618694795561851 2000
1.1218923239475537823 530.30366227262641132 196.72222021325231367 2000
9.238562814857431249 992.59292353639978046 444.84228960300612243 2000
6.3299537788138042771 1064.193963574624604 506.27202064974062523 2000
18.117246924629622384 1434.3726795078839586 333.33907635194100294 2000
90.009932019854346663 1839.4854169795112284 682.37819389615174259 2000
87.991299702938050586 2156.9413175987397153 1026.1278269382457893 2000
0 2335.6583694080618443 1396.8959313169427787 2000
# Layered model 54473: value=0.636356
8
1.829989530513397078 374.34888504545665455 176.32679173989856736 2000
1.191961611918140207 660.07737891473470881 226.12711930598649701 2000
4.9144483551726656501 1002.5188527717638181 423.25217495368474374 2000
7.1459154598008076675 1085.5842622424745514 467.53371708225427028 2000
22.494951789281316223 1298.518874926506669 353.8461465303106479 2000
85.318207720672177174 1991.8991186813284457 738.91780303482630643 2000
46.140126537020009323 2011.8181098681418462 857.86062989363665565 2000
0 2031.9362909668232078 1239.6742120232661364 2000
# Layered model 50991: value=0.637355
8
1.5878776474093179161 309.86351430309520083 178.09005965729755872 2000
1.0150783820811071223 366.97273310994671647 196.72222021325231367 2000
11.282351615233572772 1012.5440412994812505 467.53371708225427028 2000
3.4461843072510376373 1022.6694817124763404 548.22005243244962003 2000
20.245774794711291378 1235.4961542022904268 343.43958370448115147 2000
86.192815396461611499 1285.6622524024817267 689.20197583511321682 2000
96.088653645542578374 2031.9362909668232078 1133.4835011361055876 2000
0 2878.446549863554992 1355.8134286164361129 2000
# Layered model 59990: value=0.638125
8
1.7011882293921174458 294.82450170063805217 169.44658106775753481 2000
1.6369258644494251165 609.57038496785742154 240.0384937406610959 2000
9.4506982405526400726 1378.4039516702264336 506.27202064974062523 2000
2.5959927272119784902 1448.7164063029629233 511.33474085623817018 2000
24.08321956801839292 1351.2439483092114187 360.95845407556987539 2000
65.675018460162519318 1632.4499081850153743 710.08548490489306459 2000
71.463086475411714105 1895.2236645994071296 776.61003718741471857 2000
0 2244.5217844279318342 1342.3895332836000307 2000
# Layered model 53258: value=0.641564
8
1.7715825307144412726 306.79555871593584015 179.87096025387054965 2000
0.96415041624838693224 546.37239354314931461 208.82460082733467743 2000
4.6343225503225333739 838.12311872016766756 440.43791049802592852 2000
11.96154920092538454 1351.2439483092114187 511.33474085623817018 2000
12.739880966372709281 1448.7164063029629233 310.91137485285565845 2000
81.601748508907462565 1972.1773452290383375 649.2594374632533345 2000
90.277371532465309656 2156.9413175987397153 928.94013557465291342 2000
0 2878.446549863554992 1122.2608922139659171 2000
# Layered model 52696: value=0.641789
8
2.033443252727728634 509.61139605124753871 178.09005965729755872 2000
1.5454668766464463303 519.85458511187766817 242.43887867806770942 2000
7.6327454366341624947 789.54989054673001192 467.53371708225427028 2000
5.1987748433101632628 1211.1519990219492229 642.83112620124086334 2000
20.337610094544615436 766.32934506200615488 371.89585619251369053 2000
66.9142892797093225 1324.6191043125295437 746.30698106517456836 2000
66.434574373973859451 2289.6366722949333052 957.08795062270064591 2000
0 2766.1305570632530362 1191.302551316581912 2000
# Layered model 43654: value=0.64698
8
1.3890160667320836652 291.90544722835448965 176.32679173989856736 2000
1.3467168802307445397 401.35267367907738389 213.02197530396412617 2000
3.6724921984980114509 935.06743416450854056 423.25217495368474374 2000
9.9209397170767381624 992.59292353639978046 537.41795160518540797 2000
17.810077760702295535 1012.5440412994812505 320.33230042227205558 2000
42.277770277632633622 1235.4961542022904268 703.05493554939903333 2000
67.232538368857504452 1247.851115744313347 710.08548490489306459 2000
0 2738.743125805201089 1453.6155076810953233 2000
# Layered model 51995: value=0.648986
8
1.8005492172245267657 426.04395060792825234 171.14104687843510533 2000
0.88127898291548745213 562.92802343990035752 192.84601530560954075 2000
4.9347670040467175312 805.41984334671917622 390.86628244887617711 2000
6.9506026760654755492 1152.3695695457072361 593.64375993625583305 2000
24.289124136282474353 1223.2635190121686719 353.8461465303106479 2000
63.346147118600306669 1235.4961542022904268 724.35820315148146165 2000
40.550794677343631633 1665.2621513395340571 866.43923619257304836 2000
0 2738.743125805201089 1191.302551316581912 2000
# Layered model 57562: value=0.651989
8
1.5434434469329254558 707.69229306062129581 167.7688921462945757 2000
2.3320033855001600642 743.79171238502738106 237.66187499075354594 2000
8.0007517734089788064 963.40091248712724337 467.53371708225427028 2000
3.8171632853583972178 1351.2439483092114187 599.58019753561836751 2000
17.101822702489307915 1420.1709698097861292 330.03868945736735441 2000
42.013271477723549197 1568.7522751185776997 675.62197415460570937 2000
59.283823540093791848 1616.287037806945591 696.09399559346434216 2000
0 2965.6663587709708736 1111.1493982316494566 2000
# Layered model 41682: value=0.656029
8
1.5186129996195951719 294.82450170063805217 164.46318218438835856 2000
1.0585711879946870795 475.32374998150709189 202.68310020793407489 2000
4.1552627158751898051 898.58142499807229342 458.3214558202668627 2000
9.3553279515582481451 1096.4401048648992401 496.29646176819989023 2000
20.660265648815396844 1260.3296269017564555 340.03919178661499245 2000
81.866231534244775503 1876.459073860799208 717.18633975394197932 2000
37.212196294098433214 2052.2556538764915786 761.30775138458454876 2000
0 2382.6051026331638241 1122.2608922139659171 2000
# Layered model 59495: value=0.656916
8
1.8980022507182634506 352.65358347979713471 196.72222021325231367 2000
1.1541684031375893937 597.55944021944651467 200.67633683953869195 2000
4.0793253199893282357 889.68457920601224487 427.48469670322151615 2000
9.9437888170584507463 1337.86529535565478 516.44808826480050357 2000
15.283744041017421011 1420.1709698097861292 320.33230042227205558 2000
76.578993089335654076 2479.3484240465322728 642.83112620124086334 2000
32.924546732720671116 2631.878312486226605 986.08867261451916875 2000
0 2684.7790665672000614 1015.9681454834116039 2000
# Layered model 39946: value=0.657011
8
1.8980022507182634506 426.04395060792825234 167.7688921462945757 2000
1.5412600382807717381 751.22962950887767875 252.28286933230072009 2000
8.243146348454722272 781.73256489775235423 449.29071249903614671 2000
4.9742530844675734158 1298.518874926506669 617.74807710114521342 2000
22.026635920810392122 1043.2251382948970786 353.8461465303106479 2000
86.854717055311198237 1952.6508368604338557 792.21989893488171219 2000
104.16744467280589959 2114.4410524446034287 824.38720363343270492 2000
0 2504.1419082869974773 1410.8648906301123134 2000
# Layered model 51324: value=0.657905
8
2.0170202253970175299 579.98530547815289538 174.58098192069164156 2000
0.74607005103543899693 647.07124685298958866 190.93664881743518436 2000
10.025722057961726108 935.06743416450854056 427.48469670322151615 2000
4.2864724565094487474 1085.5842622424745514 548.22005243244962003 2000
19.754848153508184794 805.41984334671917622 368.21371900248880138 2000
86.065341522946695818 1600.2841958484607403 753.77005087582631404 2000
51.513696732298413394 1914.1759012454012918 1057.2205262223017144 2000
0 2580.0199122500016529 1156.2665195089414283 2000
# Layered model 55916: value=0.658977
8
1.9605771605258315304 328.92636436877671713 178.09005965729755872 2000
1.9148696719072537675 721.91690815113975077 273.1861967715746573 2000
5.5574836560937912466 1324.6191043125295437 462.90467037846951825 2000
9.4247344900120335609 1434.3726795078839586 481.70045624356362168 2000
18.887679037777349578 1129.6633364824106138 357.3846079956137487 2000
89.585856395256854512 1600.2841958484607403 731.60178518299630923 2000
43.833670373440043022 2031.9362909668232078 840.95738642646472272 2000
0 2052.2556538764915786 1227.4002099240258303 2000
# Layered model 59169: value=0.659735
8
1.4117275082059810298 316.09177094058742341 161.22260776824660411 2000
1.6404431456498718145 426.04395060792825234 232.97899714807718397 2000
3.3560544916049868114 982.76527082811844593 449.29071249903614671 2000
10.414639931497472247 1043.2251382948970786 593.64375993625583305 2000
16.563018977545436172 953.86228959121501703 320.33230042227205558 2000
42.491136427468163106 1152.3695695457072361 675.62197415460570937 2000
84.903105309906194975 1337.86529535565478 816.22495409250768716 2000
0 2711.6268572328722257 1424.9735395364134547 2000
# Layered model 52040: value=0.659747
8
1.3890160667320836652 291.90544722835448965 172.8524573472194561 2000
2.1544593088859111951 585.78515853293447435 254.80569802562376935 2000
3.414182245338488908 1272.9329231707740746 449.29071249903614671 2000
7.9756499387087362862 1463.2035703659926185 476.93114479560750851 2000
23.150449708977671293 854.96939340644303229 371.89585619251369053 2000
67.807555136517635219 1681.9147728529294454 724.35820315148146165 2000
54.888813386717572484 2156.9413175987397153 761.30775138458454876 2000
0 2312.5330390178828566 1227.4002099240258303 2000
# Layered model 46157: value=0.668726
8
1.4582705096515389265 405.36620041586814978 164.46318218438835856 2000
1.8467929495975132781 461.34454880807362542 228.38839049904632361 2000
4.8296284367012098926 1364.7563877923034852 436.07713910695628101 2000
6.8729344310432267662 1434.3726795078839586 462.90467037846951825 2000
24.9032157645374852 1032.8961765296010071 371.89585619251369053 2000
89.2391579084686839 1600.2841958484607403 724.35820315148146165 2000
31.630125791878441532 1991.8991186813284457 761.30775138458454876 2000
0 2093.5059925194091193 1264.591663684933792 2000
# Layered model 42928: value=0.670289
8
1.7150396823593236917 621.82274970571131689 167.7688921462945757 2000
1.8996595483085929601 647.07124685298958866 228.38839049904632361 2000
3.1177476728215554047 1002.5188527717638181 467.53371708225427028 2000
7.4072477729927568291 1324.6191043125295437 506.27202064974062523 2000
25.860305323517444265 1448.7164063029629233 383.16467253100307744 2000
83.77008214314827228 1839.4854169795112284 710.08548490489306459 2000
9.4855416816357518428 1876.459073860799208 784.37613755928884984 2000
0 2244.5217844279318342 1067.7927314845246656 2000
# Layered model 30280: value=0.670982
8
1.6874486471596097381 673.34493423092078501 185.32123022052309125 2000
0.94153694262571940854 925.80934075693903651 189.04618694795561851 2000
6.2761170550490179565 1298.518874926506669 364.56803861632556618 2000
7.424062217703230715 1364.7563877923034852 587.76609894678790624 2000
18.972109541253164622 1272.9329231707740746 326.77097966075973545 2000
45.004833359103074031 1477.8356060696526129 682.37819389615174259 2000
64.245358374519895506 1600.2841958484607403 768.9208288984302726 2000
0 2907.2310153621906466 1133.4835011361055876 2000
# Layered model 48198: value=0.671536
8
1.4582705096515389265 325.66966769185813746 151.87898946333456252 2000
1.4748054967112009805 421.82569367121607229 223.88823693662030223 2000
5.9720266384716076402 1152.3695695457072361 467.53371708225427028 2000
6.1772123125706634994 1260.3296269017564555 553.70225295677414579 2000
23.60098268532671284 992.59292353639978046 346.87397954152595503 2000
62.079869836970367203 1378.4039516702264336 761.30775138458454876 2000
70.401703305311073677 2093.5059925194091193 832.63107566976702856 2000
0 2114.4410524446034287 1156.2665195089414283 2000
# Layered model 56349: value=0.673025
8
1.6269808723422114483 349.16196384138328312 162.83483384592906873 2000
2.3658958745604286023 846.50434990736948748 259.92729255593883408 2000
3.3168009629899657398 1032.8961765296010071 462.90467037846951825 2000
8.3836841813078546437 1492.6139621303491367 476.93114479560750851 2000
20.163649151508721502 944.41810850615354411 346.87397954152595503 2000
92.380364683537749215 1463.2035703659926185 717.18633975394197932 2000
74.440699935742543403 2289.6366722949333052 1005.9090549340709231 2000
0 2849.9470790728269094 1015.9681454834116039 2000
# Layered model 58793: value=0.67495
8
2.0088585188731933329 294.82450170063805217 176.32679173989856736 2000
0.80976987211555551127 680.0783835732299849 336.67246711546039251 2000
4.4910493189038565021 1187.2875198725116661 462.90467037846951825 2000
7.3300169153413659018 1448.7164063029629233 472.20905425307677206 2000
19.045517092035296969 1085.5842622424745514 333.33907635194100294 2000
85.773200052039712205 1933.3176602578553229 703.05493554939903333 2000
73.321134708278094649 2266.9670022722111753 866.43923619257304836 2000
0 2312.5330390178828566 1329.0985478055445128 2000
# Layered model 58769: value=0.6751
8
1.4406397287976311361 312.96214944612614772 162.83483384592906873 2000
1.6115309250582217082 393.44444042650462734 226.12711930598649701 2000
5.0158793154521781332 1002.5188527717638181 521.6125691474485393 2000
6.0716447071741974639 1223.2635190121686719 581.94663262058213604 2000
24.716627340052454542 1053.6573896778461403 368.21371900248880138 2000
78.087523469777465834 1952.6508368604338557 753.77005087582631404 2000
38.882622845894189823 2093.5059925194091193 800.14209792423037015 2000
0 2312.5330390178828566 1191.302551316581912 2000
# Layered model 56743: value=0.675348
8
1.8523852369016660102 312.96214944612614772 178.09005965729755872 2000
1.4526782223473861944 634.3213869747961553 242.43887867806770942 2000
3.3175266865434429597 935.06743416450854056 476.93114479560750851 2000
9.3062437593185354245 1477.8356060696526129 532.096981787312302 2000
17.013038448512819656 935.06743416450854056 323.53562342649479433 2000
78.338571913335755426 1785.3864229768882979 642.83112620124086334 2000
74.393768295564385085 2156.9413175987397153 947.61183229970356479 2000
0 2529.1833273698675839 1264.591663684933792 2000
# Layered model 59745: value=0.676152
8
1.4582705096515389265 286.15375671831628779 158.04588547029371171 2000
2.0153844022374864942 443.343043438852078 252.28286933230072009 2000
5.8819980755747041101 1448.7164063029629233 532.096981787312302 2000
5.2840416377702421613 1477.8356060696526129 537.41795160518540797 2000
24.390425676216587192 1324.6191043125295437 360.95845407556987539 2000
77.913725184861590378 1553.2200743748294371 717.18633975394197932 2000
43.836280305565963999 1876.459073860799208 738.91780303482630643 2000
0 2072.7782104152565807 1239.6742120232661364 2000
# Layered model 58338: value=0.677494
8
1.9605771605258315304 286.15375671831628779 167.7688921462945757 2000
0.94345848933826736982 666.67815270388200588 364.56803861632556618 2000
3.245964350135901455 1311.5040636757717039 427.48469670322151615 2000
9.3883175877363900241 1364.7563877923034852 542.79213112123727569 2000
17.996896333516044564 1096.4401048648992401 320.33230042227205558 2000
67.227953558449655702 1785.3864229768882979 710.08548490489306459 2000
127.50906693307025819 1821.2726900787238264 857.86062989363665565 2000
0 2222.2987964632989133 1264.591663684933792 2000
# Layered model 58106: value=0.683767
8
1.4174631563391555389 332.21562801246449226 171.14104687843510533 2000
1.3732580228576254378 484.87775735613541883 210.91284683560803614 2000
4.4590733769203847459 1053.6573896778461403 402.70992167335958811 2000
9.9958706908369805433 1064.193963574624604 481.70045624356362168 2000
19.502375256908969448 1187.2875198725116661 340.03919178661499245 2000
87.902873617391861671 1698.7339205814587331 682.37819389615174259 2000
11.982983033320024902 1876.459073860799208 892.69321148844414893 2000
0 2156.9413175987397153 1078.4706587993698577 2000
# Layered model 57569: value=0.685122
8
1.5686798904506438213 370.6424604410461825 162.83483384592906873 2000
1.4233509436399871539 944.41810850615354411 230.67227440403681271 2000
6.4408996544362455694 1032.8961765296010071 383.16467253100307744 2000
6.1827168270586074783 1074.8359032103708159 570.47998492361739409 2000
20.805849149678202537 1311.5040636757717039 360.95845407556987539 2000
67.978564871987813945 1952.6508368604338557 703.05493554939903333 2000
72.206068227947284299 2011.8181098681418462 832.63107566976702856 2000
0 2031.9362909668232078 1203.2155768297477607 2000
# Layered model 39968: value=0.685226
8
1.9526438462238520088 319.25268864999327434 179.87096025387054965 2000
1.5908315293941428514 621.82274970571131689 267.80334944767633942 2000
3.5880205982271857756 1022.6694817124763404 467.53371708225427028 2000
8.3298748280161731827 1163.8932652411642721 559.23927548634185314 2000
21.948567111043281841 1223.2635190121686719 364.56803861632556618 2000
82.048473856404342541 2031.9362909668232078 731.60178518299630923 2000
41.321714022569125291 2052.2556538764915786 753.77005087582631404 2000
0 2244.5217844279318342 1227.4002099240258303 2000
# Layered model 41912: value=0.685315
8
1.5124680569610655656 363.33933971281851427 159.62634432499663717 2000
2.1022311737068513082 438.95350835529916367 240.0384937406610959 2000
4.1282414720929487828 1298.518874926506669 526.82869483892307017 2000
6.6089138923312038543 1477.8356060696526129 553.70225295677414579 2000
24.852841363971322153 1064.193963574624604 379.37096290198320503 2000
89.9453040409362643 1767.7093296800874214 724.35820315148146165 2000
25.704204180739253616 2031.9362909668232078 761.30775138458454876 2000
0 2072.7782104152565807 1203.2155768297477607 2000
# Layered model 44764: value=0.686839
8
1.6535832146378517393 363.33933971281851427 167.7688921462945757 2000
2.260618086119564385 621.82274970571131689 247.31190013949688478 2000
3.9571807432188159659 1140.9599698472347882 542.79213112123727569 2000
6.4804725511158371987 1420.1709698097861292 548.22005243244962003 2000
25.028197871348268677 1235.4961542022904268 357.3846079956137487 2000
65.762990623346723851 2052.2556538764915786 710.08548490489306459 2000
56.646553212774833241 2093.5059925194091193 800.14209792423037015 2000
0 2178.5107307747271079 1122.2608922139659171 2000
# Layered model 45016: value=0.686855
8
1.5434434469329254558 634.3213869747961553 159.62634432499663717 2000
1.4785076954986118292 907.56723924805316983 206.75703052211355271 2000
8.4698296960362924324 1002.5188527717638181 423.25217495368474374 2000
6.8124687021662353459 1085.5842622424745514 486.51746080599923516 2000
17.874244536391341143 729.13607723265113236 340.03919178661499245 2000
71.989729291076471895 1895.2236645994071296 717.18633975394197932 2000
133.33177663189636064 1972.1773452290383375 995.94955934066422287 2000
0 2359.0149531021424991 1329.0985478055445128 2000
# Layered model 56933: value=0.695564
8
1.8599112147296794628 322.44521553649320822 179.87096025387054965 2000
0.76907437505564968383 438.95350835529916367 196.72222021325231367 2000
4.6806921201072766436 813.47404178018632592 486.51746080599923516 2000
9.9359875370615409196 1152.3695695457072361 542.79213112123727569 2000
16.065803417682644749 1272.9329231707740746 320.33230042227205558 2000
57.928425167788319072 1895.2236645994071296 642.83112620124086334 2000
86.475071037659830608 2244.5217844279318342 875.10362855449875497 2000
0 2849.9470790728269094 957.08795062270064591 2000
# Layered model 49201: value=0.696642
8
1.6535832146378517393 535.60669889535267885 159.62634432499663717 2000
1.7179120201421063108 963.40091248712724337 237.66187499075354594 2000
4.7631966611703031589 1022.6694817124763404 444.84228960300612243 2000
10.722973082588648452 1448.7164063029629233 449.29071249903614671 2000
13.791485045135171816 797.44538945219721882 336.67246711546039251 2000
88.515606376470230998 2289.6366722949333052 662.30955215626477184 2000
85.354928593793232494 2382.6051026331638241 986.08867261451916875 2000
0 2936.303325515812503 1167.8291847040309221 2000
# Layered model 42795: value=0.698443
8
1.7715825307144412726 294.82450170063805217 169.44658106775753481 2000
0.80560165689984097881 514.70751001176006412 230.67227440403681271 2000
3.9373417890281192655 1187.2875198725116661 419.06155936008383378 2000
8.4931003503510869024 1260.3296269017564555 476.93114479560750851 2000
24.372426139446851323 953.86228959121501703 364.56803861632556618 2000
89.769947533559331987 2114.4410524446034287 746.30698106517456836 2000
10.073689132099474364 2156.9413175987397153 800.14209792423037015 2000
0 2529.1833273698675839 1122.2608922139659171 2000
# Layered model 51362: value=0.699407
8
1.8750550255490225915 519.85458511187766817 176.32679173989856736 2000
1.0002277960986001304 829.82487001996798881 206.75703052211355271 2000
10.560574696714944309 898.58142499807229342 419.06155936008383378 2000
8.2339902292554540963 1392.1879911869286843 449.29071249903614671 2000
13.947927125133809056 743.79171238502738106 364.56803861632556618 2000
92.619600853495114734 2406.4311536594955214 689.20197583511321682 2000
33.552220576314965683 2793.7918626338855574 910.63634503936191322 2000
0 2821.7297812602246267 1167.8291847040309221 2000
# Layered model 39916: value=0.699457
8
1.506347979307830931 585.78515853293447435 159.62634432499663717 2000
1.7987154799412212736 781.73256489775235423 223.88823693662030223 2000
10.466491425653130065 821.60878219798814825 414.91243500998399441 2000
6.3432530423584747581 1012.5440412994812505 458.3214558202668627 2000
14.330516742101373495 1211.1519990219492229 317.16069348739807765 2000
83.330772658134293351 1522.6155027691690975 696.09399559346434216 2000
18.005285863947179337 2580.0199122500016529 800.14209792423037015 2000
0 2738.743125805201089 1144.8183361474666526 2000
# Layered model 30601: value=0.699748
8
1.5124680569610655656 480.0769874813221918 171.14104687843510533 2000
1.5397025968947872787 829.82487001996798881 198.68944241538483197 2000
8.8240279519862099278 880.87582099605185704 427.48469670322151615 2000
8.7441441498900971396 1420.1709698097861292 444.84228960300612243 2000
12.542792363498477926 673.34493423092078501 353.8461465303106479 2000
90.606947023917314255 2479.3484240465322728 696.09399559346434216 2000
23.521247491817277364 2605.8201113725017422 1005.9090549340709231 2000
0 2907.2310153621906466 1089.255365387363554 2000
# Layered model 22755: value=0.702106
8
1.9845710193466328253 421.82569367121607229 172.8524573472194561 2000
0.91946463051746607498 465.95799429615436793 228.38839049904632361 2000
8.1246736342718097745 854.96939340644303229 419.06155936008383378 2000
11.519073585470474441 1163.8932652411642721 467.53371708225427028 2000
12.753491534184359324 1129.6633364824106138 323.53562342649479433 2000
43.87389479350269994 1311.5040636757717039 724.35820315148146165 2000
86.716088727785248125 1378.4039516702264336 800.14209792423037015 2000
0 2995.323022358680646 1410.8648906301123134 2000
# Layered model 51006: value=0.702944
8
1.4821143125608755575 443.343043438852078 162.83483384592906873 2000
1.1468712772244535891 504.56573866460144018 190.93664881743518436 2000
4.1034613137041429098 963.40091248712724337 406.73702089009316296 2000
8.9609149877109892657 1199.160395071236735 486.51746080599923516 2000
18.906031358001889942 1434.3726795078839586 353.8461465303106479 2000
78.270581514434098835 1648.7744072668654098 689.20197583511321682 2000
30.779576506093562216 2114.4410524446034287 731.60178518299630923 2000
0 2430.4954651960906631 1264.591663684933792 2000
# Layered model 52725: value=0.703275
8
1.640228112502017277 591.64301011826387366 178.09005965729755872 2000
1.3518027215886136982 773.9926385126260584 208.82460082733467743 2000
4.5621668527280894168 992.59292353639978046 398.72269472609860941 2000
11.970301458834804009 1337.86529535565478 427.48469670322151615 2000
14.085629996039816803 838.12311872016766756 317.16069348739807765 2000
54.451320107536837156 1211.1519990219492229 724.35820315148146165 2000
110.84647739830950286 1857.8802711493058268 919.74270848975561421 2000
0 2554.4751606435661415 1383.0652785316265181 2000
# Layered model 50976: value=0.705111
8
1.5943289685113954945 540.96276588430623633 162.83483384592906873 2000
1.1963922106853854821 707.69229306062129581 196.72222021325231367 2000
7.0382775772198247211 846.50434990736948748 383.16467253100307744 2000
9.5026059417941404206 963.40091248712724337 559.23927548634185314 2000
13.75761152688249922 813.47404178018632592 292.89257926646723718 2000
76.624082658725285455 1420.1709698097861292 731.60178518299630923 2000
100.72081023572994241 2244.5217844279318342 866.43923619257304836 2000
0 2793.7918626338855574 1468.1516627579062515 2000
# Layered model 52787: value=0.705552
8
1.5623323562343409687 397.37888483076966395 176.32679173989856736 2000
1.7427311030147112358 535.60669889535267885 232.97899714807718397 2000
4.3744446645145167452 1298.518874926506669 427.48469670322151615 2000
6.4601865527186603799 1392.1879911869286843 542.79213112123727569 2000
25.593427340104504708 1074.8359032103708159 368.21371900248880138 2000
70.760971227283320673 1568.7522751185776997 717.18633975394197932 2000
70.589324110490053954 2011.8181098681418462 824.38720363343270492 2000
0 2135.5854629690493312 1302.9100556862508711 2000
# Layered model 49860: value=0.705934
8
1.7430818514200134839 356.18011931459511743 179.87096025387054965 2000
0.85987417807041155449 973.03492161199847033 190.93664881743518436 2000
4.4121717001715587969 1152.3695695457072361 386.9963192563130292 2000
10.576415659493935806 1199.160395071236735 491.38263541405922297 2000
17.709731014634822799 568.55730367429941907 340.03919178661499245 2000
53.386879935991615298 2178.5107307747271079 776.61003718741471857 2000
99.324917537012794355 2335.6583694080618443 800.14209792423037015 2000
0 2849.9470790728269094 1482.8331793854854368 2000
# Layered model 51307: value=0.706689
8
1.8523852369016660102 447.77647387324060446 176.32679173989856736 2000
0.96624315408708283393 628.0409772027684312 194.77447545866564838 2000
4.0820299342711923174 743.79171238502738106 449.29071249903614671 2000
8.7927035659405206047 1107.4045059135482916 617.74807710114521342 2000
20.565952301222594656 907.56723924805316983 320.33230042227205558 2000
75.813077305652797122 1285.6622524024817267 768.9208288984302726 2000
46.707649453933029804 1698.7339205814587331 892.69321148844414893 2000
0 2793.7918626338855574 1302.9100556862508711 2000
# Layered model 55880: value=0.709684
8
1.5943289685113954945 291.90544722835448965 176.32679173989856736 2000
0.98285521910288675684 494.62380027899376955 192.84601530560954075 2000
6.2549650860550141118 889.68457920601224487 467.53371708225427028 2000
6.7061683140670940162 1351.2439483092114187 496.29646176819989023 2000
21.374091185745061949 1152.3695695457072361 357.3846079956137487 2000
90.418791638091676077 1522.6155027691690975 746.30698106517456836 2000
64.245516763762708479 1991.8991186813284457 768.9208288984302726 2000
0 2359.0149531021424991 1410.8648906301123134 2000
# Layered model 45366: value=0.711347
8
1.4701440725112584484 345.70491469443891219 166.10781400623224613 2000
2.0035108393777667501 461.34454880807362542 228.38839049904632361 2000
3.2036376921624531988 1199.160395071236735 486.51746080599923516 2000
8.7075124575546816175 1406.1098710987980667 521.6125691474485393 2000
24.259753903582307544 992.59292353639978046 360.95845407556987539 2000
70.068739918630072339 1839.4854169795112284 731.60178518299630923 2000
59.322302120559982086 2052.2556538764915786 808.1435189034727955 2000
0 2200.2958380824743472 1156.2665195089414283 2000
# Layered model 49680: value=0.715098
8
1.4941820169675747998 316.09177094058742341 166.10781400623224613 2000
1.7136800148552153722 597.55944021944651467 235.30878711955796234 2000
4.0419325242943759946 1107.4045059135482916 419.06155936008383378 2000
6.8198794085044447399 1298.518874926506669 731.60178518299630923 2000
20.529719284580739469 889.68457920601224487 333.33907635194100294 2000
80.697550045553299469 1715.7212597872733113 731.60178518299630923 2000
100.4720546505862302 2072.7782104152565807 866.43923619257304836 2000
0 2266.9670022722111753 1302.9100556862508711 2000
# Layered model 55284: value=0.715608
8
1.8152096894560079132 289.01529428549946488 174.58098192069164156 2000
0.51788153543223569564 328.92636436877671713 196.72222021325231367 2000
5.3464168988753248968 846.50434990736948748 467.53371708225427028 2000
8.9771535981577628149 1434.3726795078839586 537.41795160518540797 2000
18.565927987066366711 1211.1519990219492229 320.33230042227205558 2000
79.259620413950017337 1803.2402872066572854 746.30698106517456836 2000
58.83875195114845269 2554.4751606435661415 768.9208288984302726 2000
0 2936.303325515812503 1215.2477325980453315 2000
# Layered model 36619: value=0.716695
8
2.0170202253970175299 294.82450170063805217 179.87096025387054965 2000
0.88701542446708137035 640.66460084454411117 340.03919178661499245 2000
3.3479816945529714545 1187.2875198725116661 467.53371708225427028 2000
8.2430427995736685887 1477.8356060696526129 605.57599951097461144 2000
17.93625639672171701 1085.5842622424745514 317.16069348739807765 2000
78.849127726247147052 2093.5059925194091193 682.37819389615174259 2000
80.296272908376224109 2222.2987964632989133 857.86062989363665565 2000
0 2359.0149531021424991 1215.2477325980453315 2000
# Layered model 46778: value=0.723038
8
2.0252150917739397684 430.30439011400761729 181.66966985640925714 2000
1.8118609799419860273 514.70751001176006412 267.80334944767633942 2000
5.5185769157478041791 758.74192580396641006 458.3214558202668627 2000
12.206884227648727048 1064.193963574624604 511.33474085623817018 2000
13.817597659346972705 1053.6573896778461403 326.77097966075973545 2000
41.036878026413077691 1351.2439483092114187 668.93264767782739 2000
95.822529823047673858 1434.3726795078839586 840.95738642646472272 2000
0 2821.7297812602246267 1439.223274931777496 2000
# Layered model 42917: value=0.724637
8
1.7150396823593236917 509.61139605124753871 151.87898946333456252 2000
2.5658646346010316464 628.0409772027684312 270.48138294215311817 2000
2.4515425865291167185 1053.6573896778461403 481.70045624356362168 2000
9.2756602166192898551 1351.2439483092114187 617.74807710114521342 2000
17.903360197467719672 838.12311872016766756 301.76751731082049446 2000
95.238532682423183928 1785.3864229768882979 738.91780303482630643 2000
20.933125168807009686 2684.7790665672000614 761.30775138458454876 2000
0 2738.743125805201089 1057.2205262223017144 2000
# Layered model 53654: value=0.726255
8
1.640228112502017277 316.09177094058742341 171.14104687843510533 2000
1.2350547091456054449 693.74795908305191006 221.671521719426039 2000
10.89627206325455866 797.44538945219721882 427.48469670322151615 2000
7.0545415929881709616 1152.3695695457072361 472.20905425307677206 2000
13.313146145349520566 1012.5440412994812505 330.03868945736735441 2000
80.34296749969783491 1665.2621513395340571 689.20197583511321682 2000
98.602648227545984128 1785.3864229768882979 1015.9681454834116039 2000
0 2878.446549863554992 1144.8183361474666526 2000
# Layered model 57054: value=0.729694
8
1.5371980299106413614 370.6424604410461825 156.48107472306307386 2000
2.0775012007572755124 447.77647387324060446 247.31190013949688478 2000
3.1733575456373950274 1420.1709698097861292 449.29071249903614671 2000
7.2816171883162992273 1434.3726795078839586 587.76609894678790624 2000
25.398350665002940474 1053.6573896778461403 360.95845407556987539 2000
85.182889491630433554 1839.4854169795112284 753.77005087582631404 2000
26.374519608780772728 1857.8802711493058268 824.38720363343270492 2000
0 1991.8991186813284457 1100.1479190412371736 2000
# Layered model 30392: value=0.731033
8
1.7932634428392972836 540.96276588430623633 166.10781400623224613 2000
1.1987673912513336916 568.55730367429941907 217.30371700757382314 2000
10.893276810633366836 916.6429116405337254 440.43791049802592852 2000
5.9321480494559537533 1235.4961542022904268 642.83112620124086334 2000
15.248290386491024861 1163.8932652411642721 323.53562342649479433 2000
70.825566324489557246 1247.851115744313347 703.05493554939903333 2000
76.32905125330742635 1876.459073860799208 883.85466484004371068 2000
0 2631.878312486226605 1277.2375803217830708 2000
# Layered model 37063: value=0.732879
8
1.4701440725112584484 335.53778429258915139 166.10781400623224613 2000
1.8021959861511696044 434.60743401514764628 232.97899714807718397 2000
3.7427876709995557825 1140.9599698472347882 526.82869483892307017 2000
6.9848722703380161647 1364.7563877923034852 559.23927548634185314 2000
25.117310741716856626 925.80934075693903651 360.95845407556987539 2000
90.032689258282800893 1895.2236645994071296 717.18633975394197932 2000
43.08954272392051621 1972.1773452290383375 800.14209792423037015 2000
0 2359.0149531021424991 1355.8134286164361129 2000
# Layered model 45686: value=0.733103
8
1.8523852369016660102 401.35267367907738389 178.09005965729755872 2000
1.05165041296243289 551.83611747858083163 200.67633683953869195 2000
9.780006755400469487 863.51908734050743988 444.84228960300612243 2000
4.3066844355815927514 880.87582099605185704 458.3214558202668627 2000
19.757313663016955019 1118.4785509726837063 343.43958370448115147 2000
68.395002585923947436 1272.9329231707740746 689.20197583511321682 2000
113.34390541858998347 2052.2556538764915786 1015.9681454834116039 2000
0 2554.4751606435661415 1264.591663684933792 2000
# Layered model 45591: value=0.733534
8
1.4290044566512294377 359.7419205077410993 153.39777935796792008 2000
1.5929466857803078472 465.95799429615436793 219.47675417764958183 2000
5.9567074669117259234 1074.8359032103708159 462.90467037846951825 2000
5.1610360671389656773 1199.160395071236735 526.82869483892307017 2000
23.774478392949347949 925.80934075693903651 383.16467253100307744 2000
88.517255415686463493 1616.287037806945591 738.91780303482630643 2000
9.3499547063254624391 1803.2402872066572854 792.21989893488171219 2000
0 2266.9670022722111753 1067.7927314845246656 2000
# Layered model 53543: value=0.734327
8
2.0417048435295153119 322.44521553649320822 176.32679173989856736 2000
0.69402810343331289289 666.67815270388200588 202.68310020793407489 2000
3.7254240062675818557 1096.4401048648992401 453.78361962402658492 2000
7.8906976418616592284 1260.3296269017564555 559.23927548634185314 2000
23.562318474339505769 1285.6622524024817267 346.87397954152595503 2000
84.112874041107204448 1698.7339205814587331 746.30698106517456836 2000
31.860959266705236814 2072.7782104152565807 768.9208288984302726 2000
0 2289.6366722949333052 1215.2477325980453315 2000
# Layered model 50137: value=0.736381
8
1.4003257445129533298 309.86351430309520083 189.04618694795561851 2000
1.5620810219134140251 465.95799429615436793 194.77447545866564838 2000
7.363886511348299635 854.96939340644303229 481.70045624356362168 2000
10.499803200115685797 1448.7164063029629233 486.51746080599923516 2000
17.172774087134989429 863.51908734050743988 360.95845407556987539 2000
81.459541204283638649 1952.6508368604338557 724.35820315148146165 2000
42.331184533252923075 1991.8991186813284457 753.77005087582631404 2000
0 2222.2987964632989133 1252.0709541434987386 2000
# Layered model 57776: value=0.736617
8
1.8005492172245267657 417.64920165466935487 181.66966985640925714 2000
1.4073128145982634063 447.77647387324060446 221.671521719426039 2000
4.728537465781412763 1043.2251382948970786 496.29646176819989023 2000
6.063600502395797065 1420.1709698097861292 501.25942638588190903 2000
24.083757268642891347 963.40091248712724337 375.61481475443883937 2000
76.398452854294816916 1839.4854169795112284 753.77005087582631404 2000
33.73389956810464696 1952.6508368604338557 824.38720363343270492 2000
0 2406.4311536594955214 1005.9090549340709231 2000
# Layered model 52359: value=0.738571
8
1.4881359322718874516 294.82450170063805217 164.46318218438835856 2000
1.5038949018187435236 417.64920165466935487 232.97899714807718397 2000
3.3116280448753796506 1096.4401048648992401 427.48469670322151615 2000
8.7039674480274769053 1477.8356060696526129 516.44808826480050357 2000
22.402311585911149905 1053.6573896778461403 357.3846079956137487 2000
64.792531222230351773 1750.2072571089975099 746.30698106517456836 2000
61.625122099744160664 1803.2402872066572854 761.30775138458454876 2000
0 2178.5107307747271079 1191.302551316581912 2000
# Layered model 46929: value=0.738808
8
1.5247829083064008415 378.09237389591123701 164.46318218438835856 2000
1.1304925373767815699 660.07737891473470881 196.72222021325231367 2000
6.5477165972422266549 1223.2635190121686719 414.91243500998399441 2000
8.5640831292713137657 1392.1879911869286843 431.75954367025371994 2000
18.250318703936077469 1247.851115744313347 357.3846079956137487 2000
71.386470635643590299 1665.2621513395340571 682.37819389615174259 2000
29.230032642798619236 1715.7212597872733113 738.91780303482630643 2000
0 2793.7918626338855574 1057.2205262223017144 2000
# Layered model 57978: value=0.739185
8
1.4821143125608755575 378.09237389591123701 171.14104687843510533 2000
2.1325849181070410943 530.30366227262641132 242.43887867806770942 2000
3.1177476728215554047 1118.4785509726837063 449.29071249903614671 2000
7.7626132405012677751 1392.1879911869286843 501.25942638588190903 2000
23.930144487074606729 846.50434990736948748 371.89585619251369053 2000
72.068888612804698823 1857.8802711493058268 703.05493554939903333 2000
52.311311608402064621 2114.4410524446034287 792.21989893488171219 2000
0 2156.9413175987397153 1264.591663684933792 2000
# Layered model 43844: value=0.740789
8
1.6806205249332053508 405.36620041586814978 162.83483384592906873 2000
1.5593201272078125452 546.37239354314931461 249.78501914089181923 2000
6.9178532501782807884 907.56723924805316983 427.48469670322151615 2000
9.8574041534248948437 1311.5040636757717039 476.93114479560750851 2000
16.569206098441746633 1298.518874926506669 317.16069348739807765 2000
38.224051917227377828 1324.6191043125295437 717.18633975394197932 2000
79.079550305830693446 1568.7522751185776997 731.60178518299630923 2000
0 2936.303325515812503 1302.9100556862508711 2000
# Layered model 48901: value=0.742043
8
1.5247829083064008415 319.25268864999327434 167.7688921462945757 2000
2.1260633146681948702 540.96276588430623633 257.35375500588003206 2000
7.1979020067473902245 1324.6191043125295437 506.27202064974062523 2000
5.8079134921993453844 1448.7164063029629233 521.6125691474485393 2000
19.927742432264608397 1223.2635190121686719 336.67246711546039251 2000
92.565595845813732012 1553.2200743748294371 746.30698106517456836 2000
49.680762083577803878 1767.7093296800874214 928.94013557465291342 2000
0 1785.3864229768882979 1089.255365387363554 2000
# Layered model 57829: value=0.742108
8
1.6335910642871278586 325.66966769185813746 179.87096025387054965 2000
0.99539452549820128802 345.70491469443891219 185.32123022052309125 2000
9.7458688067096410634 898.58142499807229342 511.33474085623817018 2000
1.9059288566578782564 1492.6139621303491367 768.9208288984302726 2000
25.011493135455104664 1022.6694817124763404 386.9963192563130292 2000
65.850766701179111351 1839.4854169795112284 717.18633975394197932 2000
78.22140527848769409 1857.8802711493058268 840.95738642646472272 2000
0 2793.7918626338855574 1369.3715629026005445 2000
# Layered model 55372: value=0.742494
8
1.9057135639871585209 349.16196384138328312 167.7688921462945757 2000
0.80293291815425571478 660.07737891473470881 232.97899714807718397 2000
9.6662079143535564185 1175.5321978935758125 414.91243500998399441 2000
2.1923434837572361999 1364.7563877923034852 559.23927548634185314 2000
23.858006750813139263 1272.9329231707740746 364.56803861632556618 2000
77.692270030184488405 1715.7212597872733113 731.60178518299630923 2000
26.635789151228792093 2011.8181098681418462 768.9208288984302726 2000
0 2244.5217844279318342 1133.4835011361055876 2000
# Layered model 59085: value=0.742955
8
1.620397427995579509 374.34888504545665455 167.7688921462945757 2000
1.312678578367160398 673.34493423092078501 235.30878711955796234 2000
5.4737338616298263361 1235.4961542022904268 390.86628244887617711 2000
6.3057422976263879377 1247.851115744313347 724.35820315148146165 2000
18.524666977163846582 1012.5440412994812505 314.0204886013842156 2000
95.912780857216858976 1648.7744072668654098 696.09399559346434216 2000
112.34999999999857323 1933.3176602578553229 1026.1278269382457893 2000
0 2359.0149531021424991 1167.8291847040309221 2000
# Layered model 58411: value=0.74386
8
1.640228112502017277 374.34888504545665455 158.04588547029371171 2000
1.4119425413538355674 417.64920165466935487 252.28286933230072009 2000
5.285768012414019168 1434.3726795078839586 410.80439109899407413 2000
7.0468663953362877805 1492.6139621303491367 542.79213112123727569 2000
23.645315239844400423 1199.160395071236735 360.95845407556987539 2000
57.535621208162574192 1522.6155027691690975 696.09399559346434216 2000
103.59104400840573135 1876.459073860799208 883.85466484004371068 2000
0 2289.6366722949333052 1342.3895332836000307 2000
# Layered model 52193: value=0.744658
8
1.7501637451345961605 332.21562801246449226 171.14104687843510533 2000
0.77623973257766976097 557.35447865336664108 194.77447545866564838 2000
5.0901917264744653835 1064.193963574624604 414.91243500998399441 2000
6.8066844344276908885 1463.2035703659926185 564.83166824120530691 2000
22.079579791647489628 1152.3695695457072361 346.87397954152595503 2000
89.035155267780993427 2011.8181098681418462 753.77005087582631404 2000
41.394804377898267944 2156.9413175987397153 768.9208288984302726 2000
0 2359.0149531021424991 1302.9100556862508711 2000
# Layered model 40535: value=0.746056
8
1.6008065004138014586 338.89316213551506962 181.66966985640925714 2000
1.8044036867139561231 480.0769874813221918 221.671521719426039 2000
3.4389157983979621314 1175.5321978935758125 516.44808826480050357 2000
7.9416463114561590686 1337.86529535565478 537.41795160518540797 2000
24.770421019219075021 944.41810850615354411 353.8461465303106479 2000
73.313781447435502514 1681.9147728529294454 768.9208288984302726 2000
36.276721286910671438 1876.459073860799208 776.61003718741471857 2000
0 1952.6508368604338557 1156.2665195089414283 2000
# Layered model 47552: value=0.748187
8
1.5002526660456916296 342.28209375687021065 172.8524573472194561 2000
1.939009622953343559 562.92802343990035752 244.86326746484840555 2000
3.0752636876433663282 1140.9599698472347882 414.91243500998399441 2000
8.4187815830228185376 1477.8356060696526129 553.70225295677414579 2000
21.569551870596693988 1002.5188527717638181 336.67246711546039251 2000
71.665363937839970276 1785.3864229768882979 724.35820315148146165 2000
61.928680789444428001 1803.2402872066572854 866.43923619257304836 2000
0 2244.5217844279318342 1239.6742120232661364 2000
# Layered model 59162: value=0.74864
8
1.5309778844549053467 461.34454880807362542 172.8524573472194561 2000
1.4610529496357256285 758.74192580396641006 200.67633683953869195 2000
10.22458696875619566 907.56723924805316983 444.84228960300612243 2000
9.108401753588434957 963.40091248712724337 453.78361962402658492 2000
13.692374319697538709 1311.5040636757717039 333.33907635194100294 2000
79.279549418622849544 1463.2035703659926185 738.91780303482630643 2000
44.480010479884654728 2738.743125805201089 816.22495409250768716 2000
0 2995.323022358680646 1329.0985478055445128 2000
# Layered model 45359: value=0.749169
8
1.5750532137959154522 345.70491469443891219 172.8524573472194561 2000
1.8986016980931099685 430.30439011400761729 232.97899714807718397 2000
3.6578410619561552153 1140.9599698472347882 486.51746080599923516 2000
7.4357019064070266623 1392.1879911869286843 501.25942638588190903 2000
23.772358978878443736 1022.6694817124763404 375.61481475443883937 2000
83.687490251408121367 1665.2621513395340571 717.18633975394197932 2000
27.119648940008346472 1914.1759012454012918 808.1435189034727955 2000
0 2244.5217844279318342 1144.8183361474666526 2000
# Layered model 29993: value=0.751341
8
1.5186129996195951719 294.82450170063805217 179.87096025387054965 2000
1.6892490322031950001 461.34454880807362542 240.0384937406610959 2000
4.9268298641274714811 1064.193963574624604 472.20905425307677206 2000
6.9476230614547489495 1223.2635190121686719 542.79213112123727569 2000
23.086518645556125762 1118.4785509726837063 375.61481475443883937 2000
76.313376519976571899 1952.6508368604338557 738.91780303482630643 2000
48.323194729334403519 1972.1773452290383375 746.30698106517456836 2000
0 2266.9670022722111753 1252.0709541434987386 2000
# Layered model 50734: value=0.751655
8
1.5943289685113954945 465.95799429615436793 176.32679173989856736 2000
1.3097066813527034057 673.34493423092078501 202.68310020793407489 2000
5.7839949554205851712 935.06743416450854056 427.48469670322151615 2000
12.9818171423333375 1152.3695695457072361 449.29071249903614671 2000
14.589466444805033518 916.6429116405337254 301.76751731082049446 2000
44.618306383018271788 1223.2635190121686719 738.91780303482630643 2000
90.287250209571837445 1477.8356060696526129 816.22495409250768716 2000
0 2631.878312486226605 1497.661511179340323 2000
# Layered model 59614: value=0.751939
8
1.5878776474093179161 303.75797892666912503 158.04588547029371171 2000
1.8857772644797075046 514.70751001176006412 265.15183113631320566 2000
8.4025436939530386837 1152.3695695457072361 496.29646176819989023 2000
4.6159017854595987274 1477.8356060696526129 570.47998492361739409 2000
19.364910651407519993 1032.8961765296010071 357.3846079956137487 2000
92.380364683537749215 1750.2072571089975099 710.08548490489306459 2000
34.568029126025180631 1857.8802711493058268 792.21989893488171219 2000
0 2289.6366722949333052 1191.302551316581912 2000
# Layered model 57246: value=0.753354
8
1.6269808723422114483 325.66966769185813746 171.14104687843510533 2000
2.0972473597141738644 465.95799429615436793 267.80334944767633942 2000
4.5454034468005275471 992.59292353639978046 491.38263541405922297 2000
6.0111515742959369391 1129.6633364824106138 662.30955215626477184 2000
21.178388260511361807 813.47404178018632592 346.87397954152595503 2000
90.078843184378712294 1803.2402872066572854 768.9208288984302726 2000
107.06094693019416297 2052.2556538764915786 947.61183229970356479 2000
0 2266.9670022722111753 1215.2477325980453315 2000
# Layered model 43434: value=0.753676
8
1.4641952553816659499 381.87329763487036871 164.46318218438835856 2000
1.0124280930275741941 721.91690815113975077 179.87096025387054965 2000
6.5761987961954195825 736.42743800497760276 386.9963192563130292 2000
5.5868724806293119656 1337.86529535565478 768.9208288984302726 2000
21.05764775713544168 854.96939340644303229 336.67246711546039251 2000
91.633858029203707929 1732.8784723851460967 724.35820315148146165 2000
22.751924757233553009 2052.2556538764915786 875.10362855449875497 2000
0 2684.7790665672000614 1264.591663684933792 2000
# Layered model 52863: value=0.753852
8
1.6138406230152744225 366.97273310994671647 169.44658106775753481 2000
2.1103876090411111122 509.61139605124753871 242.43887867806770942 2000
8.3489749662308359035 1247.851115744313347 481.70045624356362168 2000
2.786153625546308632 1420.1709698097861292 532.096981787312302 2000
22.801854794309569741 1378.4039516702264336 357.3846079956137487 2000
85.234262849215411961 1600.2841958484607403 682.37819389615174259 2000
8.7024659110005444518 1914.1759012454012918 857.86062989363665565 2000
0 2093.5059925194091193 1215.2477325980453315 2000
# Layered model 58754: value=0.754551
8
1.7011882293921174458 335.53778429258915139 162.83483384592906873 2000
2.4953653604131518229 686.87916740896230294 281.46401171995017876 2000
5.2363768987216072759 1285.6622524024817267 458.3214558202668627 2000
5.7244448030748653622 1392.1879911869286843 559.23927548634185314 2000
22.84149527342360031 1364.7563877923034852 364.56803861632556618 2000
57.884499750514194716 1876.459073860799208 703.05493554939903333 2000
87.481078052735227857 1972.1773452290383375 761.30775138458454876 2000
0 2359.0149531021424991 1191.302551316581912 2000
