# 60052 2_reports/tar1_lr50_tr1.report
# Layered model 59963: value=0.463126
5
2.0500000000000193623 277.73801706328180217 169.44658106775753481 2000
15.454428892059695499 1364.7563877923034852 472.20905425307677206 2000
15.511033200246082231 1140.9599698472347882 301.76751731082049446 2000
112.12536006983808079 1839.4854169795112284 703.05493554939903333 2000
0 2052.2556538764915786 1191.302551316581912 2000
# Layered model 54174: value=0.464465
5
2.0500000000000193623 277.73801706328180217 169.44658106775753481 2000
15.195665246954128236 1364.7563877923034852 467.53371708225427028 2000
15.917469872276491571 1324.6191043125295437 304.78519248392871077 2000
111.97768704291323161 1933.3176602578553229 696.09399559346434216 2000
0 1972.1773452290383375 1191.302551316581912 2000
# Layered model 59468: value=0.47448
5
2.0500000000000193623 277.73801706328180217 169.44658106775753481 2000
15.367745791767990937 1272.9329231707740746 476.93114479560750851 2000
15.524126561855840833 1211.1519990219492229 304.78519248392871077 2000
110.76191196533046934 1933.3176602578553229 696.09399559346434216 2000
0 1952.6508368604338557 1156.2665195089414283 2000
# Layered model 59906: value=0.477046
5
2.0500000000000193623 277.73801706328180217 169.44658106775753481 2000
14.360430409318482248 1406.1098710987980667 476.93114479560750851 2000
16.67878581577474506 1211.1519990219492229 307.83304440876798935 2000
112.05160593705062411 1952.6508368604338557 696.09399559346434216 2000
0 2011.8181098681418462 1203.2155768297477607 2000
# Layered model 59756: value=0.477272
5
2.0500000000000193623 277.73801706328180217 169.44658106775753481 2000
14.772865076958293429 1324.6191043125295437 472.20905425307677206 2000
16.787264064735030189 1324.6191043125295437 307.83304440876798935 2000
108.67084543152876108 1914.1759012454012918 696.09399559346434216 2000
0 1972.1773452290383375 1156.2665195089414283 2000
# Layered model 60045: value=0.477423
5
2.0500000000000193623 277.73801706328180217 169.44658106775753481 2000
15.805496784123644005 1406.1098710987980667 462.90467037846951825 2000
15.530387270380085596 1260.3296269017564555 301.76751731082049446 2000
111.75493810764012892 2052.2556538764915786 696.09399559346434216 2000
0 2135.5854629690493312 1167.8291847040309221 2000
# Layered model 50927: value=0.480727
5
2.0500000000000193623 274.98813570621962299 167.7688921462945757 2000
13.334805061606139986 1298.518874926506669 486.51746080599923516 2000
18.001078992897589615 1074.8359032103708159 317.16069348739807765 2000
113.20634632926157792 1492.6139621303491367 710.08548490489306459 2000
0 2631.878312486226605 1252.0709541434987386 2000
# Layered model 58249: value=0.482269
5
2.0417048435295153119 277.73801706328180217 169.44658106775753481 2000
15.813791940594146723 1351.2439483092114187 467.53371708225427028 2000
15.381722358659136063 1324.6191043125295437 304.78519248392871077 2000
114.82093354482017844 1821.2726900787238264 696.09399559346434216 2000
0 1972.1773452290383375 1191.302551316581912 2000
# Layered model 59993: value=0.484496
5
2.0500000000000193623 277.73801706328180217 169.44658106775753481 2000
16.99583036485226728 1311.5040636757717039 462.90467037846951825 2000
13.96963172745351045 1324.6191043125295437 292.89257926646723718 2000
110.68832222664852338 1750.2072571089975099 703.05493554939903333 2000
0 2244.5217844279318342 1156.2665195089414283 2000
# Layered model 58610: value=0.484839
5
2.0500000000000193623 277.73801706328180217 169.44658106775753481 2000
15.89435844492638239 1364.7563877923034852 472.20905425307677206 2000
15.144857780166844918 1406.1098710987980667 301.76751731082049446 2000
114.9689364625097312 1933.3176602578553229 696.09399559346434216 2000
0 2156.9413175987397153 1227.4002099240258303 2000
# Layered model 59582: value=0.485948
5
2.0500000000000193623 277.73801706328180217 169.44658106775753481 2000
14.772865076958293429 1235.4961542022904268 467.53371708225427028 2000
16.563018977545436172 1298.518874926506669 314.0204886013842156 2000
114.67226863309923601 1839.4854169795112284 696.09399559346434216 2000
0 2072.7782104152565807 1203.2155768297477607 2000
# Layered model 57389: value=0.486177
5
2.0500000000000193623 274.98813570621962299 167.7688921462945757 2000
13.258618480007442031 1364.7563877923034852 481.70045624356362168 2000
18.07726557449628757 1175.5321978935758125 317.16069348739807765 2000
104.71062810380928454 1260.3296269017564555 710.08548490489306459 2000
0 2995.323022358680646 1290.0099561250008264 2000
# Layered model 59589: value=0.486799
5
2.0500000000000193623 274.98813570621962299 167.7688921462945757 2000
14.279164862537559344 1448.7164063029629233 481.70045624356362168 2000
16.466019731152190531 1085.5842622424745514 307.83304440876798935 2000
103.93403536503599582 1298.518874926506669 703.05493554939903333 2000
0 2554.4751606435661415 1264.591663684933792 2000
# Layered model 58759: value=0.487476
5
2.0500000000000193623 274.98813570621962299 167.7688921462945757 2000
13.64336189120044196 1364.7563877923034852 486.51746080599923516 2000
17.469773228030177847 1012.5440412994812505 314.0204886013842156 2000
107.70911693346448601 1247.851115744313347 717.18633975394197932 2000
0 2335.6583694080618443 1369.3715629026005445 2000
# Layered model 58208: value=0.487792
5
2.0500000000000193623 274.98813570621962299 167.7688921462945757 2000
14.198301748168759673 1448.7164063029629233 472.20905425307677206 2000
17.738921312476364278 1298.518874926506669 317.16069348739807765 2000
111.15359910149874167 1600.2841958484607403 703.05493554939903333 2000
0 2631.878312486226605 1203.2155768297477607 2000
# Layered model 59825: value=0.488199
5
2.0417048435295153119 277.73801706328180217 169.44658106775753481 2000
15.991957501071837555 1351.2439483092114187 467.53371708225427028 2000
15.277806320035438148 1492.6139621303491367 301.76751731082049446 2000
110.39231565431752813 1698.7339205814587331 703.05493554939903333 2000
0 1972.1773452290383375 1156.2665195089414283 2000
# Layered model 53678: value=0.488782
5
2.0500000000000193623 274.98813570621962299 167.7688921462945757 2000
13.64336189120044196 1324.6191043125295437 481.70045624356362168 2000
17.101822702489307915 1053.6573896778461403 310.91137485285565845 2000
109.48578997953232772 1298.518874926506669 710.08548490489306459 2000
0 2504.1419082869974773 1369.3715629026005445 2000
# Layered model 59882: value=0.48888
5
2.0500000000000193623 274.98813570621962299 167.7688921462945757 2000
13.958107120108742549 1477.8356060696526129 481.70045624356362168 2000
16.713978721925549564 1247.851115744313347 307.83304440876798935 2000
98.67200705476872713 1260.3296269017564555 696.09399559346434216 2000
0 2580.0199122500016529 1239.6742120232661364 2000
# Layered model 59404: value=0.488907
5
2.0500000000000193623 277.73801706328180217 169.44658106775753481 2000
14.940726840846142665 1392.1879911869286843 472.20905425307677206 2000
16.172408278384477143 1492.6139621303491367 304.78519248392871077 2000
113.42909526453468061 1991.8991186813284457 703.05493554939903333 2000
0 2031.9362909668232078 1133.4835011361055876 2000
# Layered model 59902: value=0.489371
5
2.0500000000000193623 277.73801706328180217 169.44658106775753481 2000
16.345344514556852999 1351.2439483092114187 467.53371708225427028 2000
14.473102128064677885 1324.6191043125295437 295.82150505913193683 2000
112.27237551952232764 1785.3864229768882979 696.09399559346434216 2000
0 1914.1759012454012918 1156.2665195089414283 2000
# Layered model 59688: value=0.489636
5
2.0500000000000193623 274.98813570621962299 167.7688921462945757 2000
14.606661721921312846 1477.8356060696526129 481.70045624356362168 2000
16.138522871768437028 1175.5321978935758125 301.76751731082049446 2000
106.68229268620639516 1364.7563877923034852 703.05493554939903333 2000
0 2244.5217844279318342 1264.591663684933792 2000
# Layered model 59713: value=0.489889
5
2.0500000000000193623 277.73801706328180217 169.44658106775753481 2000
15.454428892059695499 1434.3726795078839586 476.93114479560750851 2000
15.658706227170924308 1324.6191043125295437 301.76751731082049446 2000
110.5406491997236742 1933.3176602578553229 689.20197583511321682 2000
0 1991.8991186813284457 1203.2155768297477607 2000
# Layered model 57055: value=0.489936
5
2.0500000000000193623 277.73801706328180217 169.44658106775753481 2000
14.037774855047700839 1448.7164063029629233 467.53371708225427028 2000
17.522354286645622778 1311.5040636757717039 317.16069348739807765 2000
112.98210124207199101 1803.2402872066572854 703.05493554939903333 2000
0 2072.7782104152565807 1156.2665195089414283 2000
# Layered model 55348: value=0.489986
5
2.0417048435295153119 274.98813570621962299 167.7688921462945757 2000
13.966402276579245267 1492.6139621303491367 472.20905425307677206 2000
17.677104597160507637 1235.4961542022904268 317.16069348739807765 2000
101.69025358839981266 1260.3296269017564555 703.05493554939903333 2000
0 2684.7790665672000614 1277.2375803217830708 2000
# Layered model 59995: value=0.490063
5
2.0417048435295153119 277.73801706328180217 169.44658106775753481 2000
15.991957501071837555 1298.518874926506669 472.20905425307677206 2000
15.802218085496633648 1337.86529535565478 301.76751731082049446 2000
108.44509414312410911 1537.8416577968605452 703.05493554939903333 2000
0 2135.5854629690493312 1191.302551316581912 2000
# Layered model 59526: value=0.490695
5
2.0417048435295153119 277.73801706328180217 169.44658106775753481 2000
15.289787108445519692 1378.4039516702264336 476.93114479560750851 2000
15.831643167255602833 1492.6139621303491367 301.76751731082049446 2000
110.5406491997236742 2011.8181098681418462 696.09399559346434216 2000
0 2200.2958380824743472 1133.4835011361055876 2000
# Layered model 55299: value=0.490896
5
2.0500000000000193623 274.98813570621962299 167.7688921462945757 2000
14.606661721921312846 1434.3726795078839586 481.70045624356362168 2000
16.729222332582416755 1272.9329231707740746 307.83304440876798935 2000
101.98958125116533324 1298.518874926506669 703.05493554939903333 2000
0 2529.1833273698675839 1264.591663684933792 2000
# Layered model 58952: value=0.491027
5
2.0500000000000193623 277.73801706328180217 169.44658106775753481 2000
15.805496784123644005 1364.7563877923034852 467.53371708225427028 2000
15.307638335106975802 1351.2439483092114187 304.78519248392871077 2000
110.5406491997236742 1839.4854169795112284 689.20197583511321682 2000
0 1914.1759012454012918 1156.2665195089414283 2000
# Layered model 58809: value=0.491274
5
2.0500000000000193623 274.98813570621962299 167.7688921462945757 2000
14.856587627401587781 1492.6139621303491367 472.20905425307677206 2000
15.961859015219943103 872.15427821391256202 307.83304440876798935 2000
110.83533767633277023 1434.3726795078839586 717.18633975394197932 2000
0 2266.9670022722111753 1264.591663684933792 2000
# Layered model 57064: value=0.491325
5
2.0417048435295153119 274.98813570621962299 167.7688921462945757 2000
14.206596904639262391 1434.3726795078839586 476.93114479560750851 2000
16.914833371061860134 1175.5321978935758125 310.91137485285565845 2000
98.230957777572399436 1260.3296269017564555 703.05493554939903333 2000
0 2406.4311536594955214 1252.0709541434987386 2000
# Layered model 59173: value=0.491693
5
2.0417048435295153119 277.73801706328180217 169.44658106775753481 2000
15.203960403424630954 1477.8356060696526129 462.90467037846951825 2000
14.825820417629309134 1187.2875198725116661 298.77972010972325734 2000
114.52074471918186305 2052.2556538764915786 689.20197583511321682 2000
0 2200.2958380824743472 1215.2477325980453315 2000
# Layered model 57601: value=0.492062
5
2.0500000000000193623 274.98813570621962299 167.7688921462945757 2000
14.360430409318482248 1463.2035703659926185 476.93114479560750851 2000
16.75270470991213756 1247.851115744313347 307.83304440876798935 2000
103.56608483949511879 1364.7563877923034852 696.09399559346434216 2000
0 2156.9413175987397153 1264.591663684933792 2000
# Layered model 57603: value=0.492442
5
2.0417048435295153119 274.98813570621962299 167.7688921462945757 2000
14.368725565788984966 1477.8356060696526129 476.93114479560750851 2000
17.425450020779486238 1175.5321978935758125 314.0204886013842156 2000
101.53958487557109436 1247.851115744313347 710.08548490489306459 2000
0 2849.9470790728269094 1302.9100556862508711 2000
# Layered model 59174: value=0.492863
5
2.0500000000000193623 274.98813570621962299 167.7688921462945757 2000
14.037774855047700839 1448.7164063029629233 486.51746080599923516 2000
16.927687237258076891 953.86228959121501703 310.91137485285565845 2000
109.26551248091629986 1364.7563877923034852 717.18633975394197932 2000
0 2200.2958380824743472 1277.2375803217830708 2000
# Layered model 59826: value=0.492969
5
2.0417048435295153119 274.98813570621962299 167.7688921462945757 2000
14.450395547772146188 1434.3726795078839586 472.20905425307677206 2000
17.043113529950773 1247.851115744313347 310.91137485285565845 2000
104.56129823706059767 1298.518874926506669 703.05493554939903333 2000
0 2738.743125805201089 1290.0099561250008264 2000
# Layered model 59257: value=0.493128
5
2.0417048435295153119 277.73801706328180217 169.44658106775753481 2000
16.445187998378042238 1420.1709698097861292 458.3214558202668627 2000
14.750326300875240548 1175.5321978935758125 298.77972010972325734 2000
111.90360301936107135 1876.459073860799208 703.05493554939903333 2000
0 2052.2556538764915786 1144.8183361474666526 2000
# Layered model 56608: value=0.493236
5
2.0500000000000193623 274.98813570621962299 167.7688921462945757 2000
14.524176821244473956 1448.7164063029629233 476.93114479560750851 2000
16.074973202429589492 1235.4961542022904268 307.83304440876798935 2000
102.7263152819949994 1298.518874926506669 696.09399559346434216 2000
0 2289.6366722949333052 1290.0099561250008264 2000
# Layered model 57614: value=0.493296
5
2.0500000000000193623 277.73801706328180217 169.44658106775753481 2000
14.524176821244473956 1448.7164063029629233 476.93114479560750851 2000
16.294269821377056928 1324.6191043125295437 304.78519248392871077 2000
116.67028757185745746 1732.8784723851460967 696.09399559346434216 2000
0 2052.2556538764915786 1203.2155768297477607 2000
# Layered model 59171: value=0.493558
5
2.0500000000000193623 274.98813570621962299 167.7688921462945757 2000
16.254249540634045701 1406.1098710987980667 472.20905425307677206 2000
14.858885578596574106 1260.3296269017564555 295.82150505913193683 2000
111.97768704291323161 1522.6155027691690975 710.08548490489306459 2000
0 2605.8201113725017422 1215.2477325980453315 2000
# Layered model 57234: value=0.493735
5
2.0500000000000193623 274.98813570621962299 167.7688921462945757 2000
13.334805061606139986 1175.5321978935758125 491.38263541405922297 2000
16.686680602977297383 813.47404178018632592 310.91137485285565845 2000
107.40599161531270056 1311.5040636757717039 717.18633975394197932 2000
0 2335.6583694080618443 1342.3895332836000307 2000
# Layered model 58332: value=0.494315
5
2.0500000000000193623 277.73801706328180217 169.44658106775753481 2000
16.163605675102683534 1285.6622524024817267 467.53371708225427028 2000
14.508480166931608579 1118.4785509726837063 301.76751731082049446 2000
115.33606684556866639 1857.8802711493058268 696.09399559346434216 2000
0 2072.7782104152565807 1191.302551316581912 2000
# Layered model 57681: value=0.495032
5
2.0500000000000193623 277.73801706328180217 169.44658106775753481 2000
15.541543389155901167 1477.8356060696526129 462.90467037846951825 2000
14.767485442765131864 1129.6633364824106138 298.77972010972325734 2000
117.17970538255795532 1952.6508368604338557 689.20197583511321682 2000
0 2200.2958380824743472 1203.2155768297477607 2000
# Layered model 59944: value=0.4955
5
2.0500000000000193623 274.98813570621962299 167.7688921462945757 2000
13.565647315585465549 1463.2035703659926185 486.51746080599923516 2000
17.179537278104284326 1235.4961542022904268 310.91137485285565845 2000
102.58028071197931297 1247.851115744313347 703.05493554939903333 2000
0 2504.1419082869974773 1329.0985478055445128 2000
# Layered model 59817: value=0.495551
5
2.0500000000000193623 274.98813570621962299 167.7688921462945757 2000
13.721463229857700838 1448.7164063029629233 476.93114479560750851 2000
16.950622612176587722 1247.851115744313347 307.83304440876798935 2000
105.37442631627871492 1364.7563877923034852 696.09399559346434216 2000
0 2406.4311536594955214 1264.591663684933792 2000
# Layered model 57573: value=0.495696
5
2.0500000000000193623 274.98813570621962299 167.7688921462945757 2000
13.721463229857700838 1324.6191043125295437 476.93114479560750851 2000
17.465755912925075677 1129.6633364824106138 314.0204886013842156 2000
104.85929301553022697 1235.4961542022904268 710.08548490489306459 2000
0 2965.6663587709708736 1342.3895332836000307 2000
# Layered model 58172: value=0.496013
5
2.0500000000000193623 277.73801706328180217 169.44658106775753481 2000
15.110263561505423269 1492.6139621303491367 472.20905425307677206 2000
15.271052979207016875 1175.5321978935758125 298.77972010972325734 2000
118.60280501591134339 1876.459073860799208 696.09399559346434216 2000
0 1952.6508368604338557 1191.302551316581912 2000
# Layered model 59077: value=0.496264
5
2.0500000000000193623 274.98813570621962299 167.7688921462945757 2000
14.772865076958293429 1477.8356060696526129 476.93114479560750851 2000
17.088602240618168793 1187.2875198725116661 310.91137485285565845 2000
106.9607847351186507 1272.9329231707740746 710.08548490489306459 2000
0 2382.6051026331638241 1329.0985478055445128 2000
# Layered model 57224: value=0.49651
5
2.0500000000000193623 274.98813570621962299 167.7688921462945757 2000
12.88330755966520158 1260.3296269017564555 491.38263541405922297 2000
18.00856479395863019 1211.1519990219492229 314.0204886013842156 2000
112.19894980852002675 1392.1879911869286843 710.08548490489306459 2000
0 2738.743125805201089 1290.0099561250008264 2000
# Layered model 56022: value=0.496624
5
2.0500000000000193623 274.98813570621962299 167.7688921462945757 2000
13.64336189120044196 1463.2035703659926185 476.93114479560750851 2000
16.955788132473621488 1272.9329231707740746 307.83304440876798935 2000
102.7263152819949994 1285.6622524024817267 703.05493554939903333 2000
0 2406.4311536594955214 1264.591663684933792 2000
# Layered model 59760: value=0.496773
5
2.0500000000000193623 277.73801706328180217 169.44658106775753481 2000
13.958107120108742549 1420.1709698097861292 481.70045624356362168 2000
16.787077473581007325 1187.2875198725116661 304.78519248392871077 2000
116.74354962078923847 1632.4499081850153743 710.08548490489306459 2000
0 2052.2556538764915786 1239.6742120232661364 2000
# Layered model 58475: value=0.496815
5
2.0500000000000193623 274.98813570621962299 167.7688921462945757 2000
13.799953256365427023 1463.2035703659926185 481.70045624356362168 2000
16.87213258566886509 1032.8961765296010071 314.0204886013842156 2000
106.75539143786184582 1285.6622524024817267 710.08548490489306459 2000
0 2529.1833273698675839 1329.0985478055445128 2000
# Layered model 59212: value=0.496844
5
2.033443252727728634 274.98813570621962299 167.7688921462945757 2000
13.582204062857755389 1187.2875198725116661 486.51746080599923516 2000
17.473568909507761759 1448.7164063029629233 310.91137485285565845 2000
112.05160593705062411 1857.8802711493058268 696.09399559346434216 2000
0 2135.5854629690493312 1167.8291847040309221 2000
# Layered model 59112: value=0.497033
5
2.0500000000000193623 274.98813570621962299 167.7688921462945757 2000
12.735772296981860308 1199.160395071236735 491.38263541405922297 2000
18.156100056641971463 889.68457920601224487 320.33230042227205558 2000
105.15463980468918237 1492.6139621303491367 710.08548490489306459 2000
0 2072.7782104152565807 1215.2477325980453315 2000
# Layered model 59125: value=0.497114
5
2.0417048435295153119 274.98813570621962299 167.7688921462945757 2000
14.450395547772146188 1420.1709698097861292 472.20905425307677206 2000
16.745118751481136599 1235.4961542022904268 310.91137485285565845 2000
103.49200081594295852 1324.6191043125295437 703.05493554939903333 2000
0 2605.8201113725017422 1215.2477325980453315 2000
# Layered model 57473: value=0.497287
5
2.0500000000000193623 274.98813570621962299 167.7688921462945757 2000
14.117839073339919054 1448.7164063029629233 472.20905425307677206 2000
17.218044981163810547 1364.7563877923034852 314.0204886013842156 2000
107.48636799819138332 1420.1709698097861292 703.05493554939903333 2000
0 2454.8004198480516607 1252.0709541434987386 2000
# Layered model 57694: value=0.497369
5
2.0417048435295153119 274.98813570621962299 167.7688921462945757 2000
13.729758386328205333 1448.7164063029629233 481.70045624356362168 2000
17.243998862448073339 1298.518874926506669 307.83304440876798935 2000
103.71375786641996797 1311.5040636757717039 703.05493554939903333 2000
0 2554.4751606435661415 1239.6742120232661364 2000
# Layered model 59469: value=0.497509
5
2.0500000000000193623 274.98813570621962299 167.7688921462945757 2000
13.258618480007442031 1392.1879911869286843 491.38263541405922297 2000
17.928600662775338037 973.03492161199847033 314.0204886013842156 2000
113.35501124098252035 1324.6191043125295437 724.35820315148146165 2000
0 2382.6051026331638241 1329.0985478055445128 2000
# Layered model 58703: value=0.497901
5
2.0500000000000193623 274.98813570621962299 167.7688921462945757 2000
13.565647315585465549 1351.2439483092114187 491.38263541405922297 2000
17.106438526448826565 1085.5842622424745514 310.91137485285565845 2000
110.98169847692000189 1311.5040636757717039 710.08548490489306459 2000
0 2454.8004198480516607 1329.0985478055445128 2000
# Layered model 57790: value=0.498601
5
2.0500000000000193623 274.98813570621962299 167.7688921462945757 2000
15.02528479090361202 1448.7164063029629233 481.70045624356362168 2000
16.911938269741511931 1211.1519990219492229 307.83304440876798935 2000
109.71656125830918427 1324.6191043125295437 724.35820315148146165 2000
0 2658.1970956110890256 1290.0099561250008264 2000
# Layered model 58525: value=0.49863
5
2.0417048435295153119 274.98813570621962299 167.7688921462945757 2000
14.69785228264376542 1298.518874926506669 486.51746080599923516 2000
16.497662016609517366 1235.4961542022904268 307.83304440876798935 2000
110.46656517617151394 1434.3726795078839586 703.05493554939903333 2000
0 2605.8201113725017422 1239.6742120232661364 2000
# Layered model 57911: value=0.498797
5
2.0500000000000193623 277.73801706328180217 169.44658106775753481 2000
15.281491951975016974 1492.6139621303491367 467.53371708225427028 2000
15.172273782994590619 1118.4785509726837063 304.78519248392871077 2000
112.63705642717425803 1857.8802711493058268 682.37819389615174259 2000
0 2156.9413175987397153 1203.2155768297477607 2000
# Layered model 59226: value=0.498807
5
2.0500000000000193623 274.98813570621962299 167.7688921462945757 2000
13.64336189120044196 1434.3726795078839586 481.70045624356362168 2000
17.101822702489307915 1022.6694817124763404 317.16069348739807765 2000
106.68229268620639516 1364.7563877923034852 703.05493554939903333 2000
0 2504.1419082869974773 1277.2375803217830708 2000
# Layered model 56356: value=0.498831
5
2.0500000000000193623 274.98813570621962299 167.7688921462945757 2000
14.037774855047700839 1311.5040636757717039 481.70045624356362168 2000
17.075360264182918968 1211.1519990219492229 314.0204886013842156 2000
116.37559909524836144 1803.2402872066572854 703.05493554939903333 2000
0 2936.303325515812503 1179.5074765510712496 2000
# Layered model 57168: value=0.499078
5
2.0500000000000193623 274.98813570621962299 167.7688921462945757 2000
13.721463229857700838 1477.8356060696526129 476.93114479560750851 2000
17.763750691394712078 1187.2875198725116661 314.0204886013842156 2000
110.16857039770188464 1364.7563877923034852 710.08548490489306459 2000
0 2711.6268572328722257 1329.0985478055445128 2000
# Layered model 59633: value=0.499342
5
2.0500000000000193623 277.73801706328180217 169.44658106775753481 2000
14.279164862537559344 1351.2439483092114187 476.93114479560750851 2000
17.658058198107564607 1199.160395071236735 314.0204886013842156 2000
112.60500732312019068 1632.4499081850153743 717.18633975394197932 2000
0 2114.4410524446034287 1156.2665195089414283 2000
# Layered model 58731: value=0.499407
5
2.0500000000000193623 274.98813570621962299 167.7688921462945757 2000
13.799953256365427023 1448.7164063029629233 476.93114479560750851 2000
17.610512426555253285 1211.1519990219492229 314.0204886013842156 2000
104.63604647539233383 1364.7563877923034852 696.09399559346434216 2000
0 2266.9670022722111753 1277.2375803217830708 2000
# Layered model 57181: value=0.499512
5
2.0417048435295153119 277.73801706328180217 169.44658106775753481 2000
14.69785228264376542 1420.1709698097861292 467.53371708225427028 2000
16.128889516448268182 1434.3726795078839586 301.76751731082049446 2000
108.00380541007358204 1876.459073860799208 689.20197583511321682 2000
0 1972.1773452290383375 1179.5074765510712496 2000
# Layered model 59107: value=0.50003
5
2.0417048435295153119 274.98813570621962299 167.7688921462945757 2000
13.343100218076644481 1477.8356060696526129 476.93114479560750851 2000
18.526662255970322235 1235.4961542022904268 320.33230042227205558 2000
100.12364684645230284 1272.9329231707740746 710.08548490489306459 2000
0 2821.7297812602246267 1264.591663684933792 2000
# Layered model 57217: value=0.500334
5
2.033443252727728634 274.98813570621962299 167.7688921462945757 2000
14.540733568516763796 1463.2035703659926185 467.53371708225427028 2000
16.737291843392299029 1392.1879911869286843 314.0204886013842156 2000
111.82935349750708554 1933.3176602578553229 696.09399559346434216 2000
0 2156.9413175987397153 1167.8291847040309221 2000
# Layered model 58581: value=0.500362
5
2.0417048435295153119 277.73801706328180217 169.44658106775753481 2000
15.991957501071837555 1311.5040636757717039 462.90467037846951825 2000
15.055553880491892471 1364.7563877923034852 298.77972010972325734 2000
114.9689364625097312 1616.287037806945591 710.08548490489306459 2000
0 2072.7782104152565807 1191.302551316581912 2000
# Layered model 54787: value=0.500372
5
2.033443252727728634 277.73801706328180217 169.44658106775753481 2000
14.540733568516763796 1406.1098710987980667 472.20905425307677206 2000
15.857139719467966188 1260.3296269017564555 307.83304440876798935 2000
109.84965803250963745 1933.3176602578553229 682.37819389615174259 2000
0 2222.2987964632989133 1179.5074765510712496 2000
# Layered model 58507: value=0.500608
5
2.0500000000000193623 274.98813570621962299 167.7688921462945757 2000
14.037774855047700839 1448.7164063029629233 476.93114479560750851 2000
16.561375168626362608 1235.4961542022904268 310.91137485285565845 2000
104.08006993505168225 1285.6622524024817267 703.05493554939903333 2000
0 2454.8004198480516607 1264.591663684933792 2000
# Layered model 57844: value=0.500814
5
2.0417048435295153119 274.98813570621962299 167.7688921462945757 2000
13.419665958331838951 1463.2035703659926185 481.70045624356362168 2000
17.924513252642391592 1247.851115744313347 314.0204886013842156 2000
99.322149771267334017 1298.518874926506669 703.05493554939903333 2000
0 2266.9670022722111753 1239.6742120232661364 2000
# Layered model 58725: value=0.501034
5
2.0417048435295153119 274.98813570621962299 167.7688921462945757 2000
14.206596904639262391 1434.3726795078839586 476.93114479560750851 2000
17.286912173083656796 1223.2635190121686719 314.0204886013842156 2000
110.16857039770188464 1298.518874926506669 703.05493554939903333 2000
0 2878.446549863554992 1329.0985478055445128 2000
# Layered model 59457: value=0.501202
5
2.033443252727728634 277.73801706328180217 169.44658106775753481 2000
15.47098563933198534 1337.86529535565478 458.3214558202668627 2000
15.732790250723084569 1364.7563877923034852 307.83304440876798935 2000
114.82093354482017844 1933.3176602578553229 696.09399559346434216 2000
0 2093.5059925194091193 1191.302551316581912 2000
# Layered model 56666: value=0.501324
5
2.0417048435295153119 274.98813570621962299 167.7688921462945757 2000
15.203960403424630954 1378.4039516702264336 472.20905425307677206 2000
15.041237001698590348 1043.2251382948970786 295.82150505913193683 2000
105.80960990966029556 1477.8356060696526129 703.05493554939903333 2000
0 2135.5854629690493312 1227.4002099240258303 2000
# Layered model 57035: value=0.501345
5
2.0500000000000193623 274.98813570621962299 167.7688921462945757 2000
14.856587627401587781 1434.3726795078839586 476.93114479560750851 2000
17.08063543324353617 1223.2635190121686719 310.91137485285565845 2000
104.10928909766789729 1272.9329231707740746 724.35820315148146165 2000
0 2406.4311536594955214 1264.591663684933792 2000
# Layered model 57436: value=0.501578
5
2.0500000000000193623 274.98813570621962299 167.7688921462945757 2000
13.488317587736371905 1199.160395071236735 481.70045624356362168 2000
17.996896333516044564 1074.8359032103708159 317.16069348739807765 2000
113.05701646251289105 1522.6155027691690975 710.08548490489306459 2000
0 2711.6268572328722257 1227.4002099240258303 2000
# Layered model 57427: value=0.501589
5
2.0417048435295153119 274.98813570621962299 167.7688921462945757 2000
13.887129061581514833 1406.1098710987980667 481.70045624356362168 2000
16.574931829858595478 1129.6633364824106138 310.91137485285565845 2000
104.22545422375614521 1378.4039516702264336 696.09399559346434216 2000
0 2011.8181098681418462 1227.4002099240258303 2000
# Layered model 57721: value=0.501684
5
2.0417048435295153119 274.98813570621962299 167.7688921462945757 2000
15.203960403424630954 1406.1098710987980667 476.93114479560750851 2000
15.549519346735621639 1175.5321978935758125 304.78519248392871077 2000
99.912849232081313744 1272.9329231707740746 703.05493554939903333 2000
0 2684.7790665672000614 1239.6742120232661364 2000
# Layered model 55638: value=0.501817
5
2.0417048435295153119 277.73801706328180217 169.44658106775753481 2000
16.081705840514398886 1448.7164063029629233 458.3214558202668627 2000
15.262473370459833433 1364.7563877923034852 304.78519248392871077 2000
108.89509051871834799 1803.2402872066572854 703.05493554939903333 2000
0 1952.6508368604338557 1167.8291847040309221 2000
# Layered model 58929: value=0.501817
5
2.0500000000000193623 277.73801706328180217 169.44658106775753481 2000
14.524176821244473956 1285.6622524024817267 476.93114479560750851 2000
16.961037100007942513 1406.1098710987980667 304.78519248392871077 2000
113.05701646251289105 2052.2556538764915786 696.09399559346434216 2000
0 2178.5107307747271079 1156.2665195089414283 2000
# Layered model 57631: value=0.501954
5
2.0500000000000193623 277.73801706328180217 169.44658106775753481 2000
16.254249540634045701 1448.7164063029629233 458.3214558202668627 2000
13.910686891133092757 1199.160395071236735 295.82150505913193683 2000
114.37729395199816906 1876.459073860799208 696.09399559346434216 2000
0 2072.7782104152565807 1191.302551316581912 2000
# Layered model 58789: value=0.502229
5
2.0417048435295153119 274.98813570621962299 167.7688921462945757 2000
14.126134229810421772 1107.4045059135482916 491.38263541405922297 2000
15.975291949584505602 944.41810850615354411 304.78519248392871077 2000
107.33434625697171327 1311.5040636757717039 724.35820315148146165 2000
0 2359.0149531021424991 1290.0099561250008264 2000
# Layered model 59309: value=0.502277
5
2.0500000000000193623 274.98813570621962299 167.7688921462945757 2000
12.88330755966520158 1351.2439483092114187 491.38263541405922297 2000
18.527158123255478728 944.41810850615354411 323.53562342649479433 2000
113.13176470084462721 1584.4397978697634244 710.08548490489306459 2000
0 2711.6268572328722257 1203.2155768297477607 2000
# Layered model 57345: value=0.502436
5
2.0500000000000193623 274.98813570621962299 167.7688921462945757 2000
14.940726840846142665 1420.1709698097861292 476.93114479560750851 2000
16.845153589251825821 1272.9329231707740746 310.91137485285565845 2000
100.19923373393079657 1298.518874926506669 710.08548490489306459 2000
0 2222.2987964632989133 1252.0709541434987386 2000
# Layered model 59263: value=0.502454
5
2.0500000000000193623 274.98813570621962299 167.7688921462945757 2000
13.565647315585465549 1492.6139621303491367 481.70045624356362168 2000
17.252799327036065336 1247.851115744313347 310.91137485285565845 2000
101.16666752140723418 1285.6622524024817267 689.20197583511321682 2000
0 2454.8004198480516607 1264.591663684933792 2000
# Layered model 59076: value=0.502466
5
2.0417048435295153119 277.73801706328180217 169.44658106775753481 2000
15.991957501071837555 1392.1879911869286843 462.90467037846951825 2000
14.615487679072728611 1187.2875198725116661 295.82150505913193683 2000
104.08006993505168225 1681.9147728529294454 689.20197583511321682 2000
0 2052.2556538764915786 1191.302551316581912 2000
# Layered model 58517: value=0.50251
5
2.0417048435295153119 274.98813570621962299 167.7688921462945757 2000
13.966402276579245267 1406.1098710987980667 486.51746080599923516 2000
17.677104597160507637 1247.851115744313347 314.0204886013842156 2000
103.04400824145649551 1392.1879911869286843 703.05493554939903333 2000
0 2605.8201113725017422 1191.302551316581912 2000
# Layered model 51656: value=0.502705
5
2.0252150917739397684 274.98813570621962299 167.7688921462945757 2000
14.548961729470551774 1187.2875198725116661 476.93114479560750851 2000
16.074973202429589492 1364.7563877923034852 307.83304440876798935 2000
109.63182454954801415 1767.7093296800874214 689.20197583511321682 2000
0 2289.6366722949333052 1167.8291847040309221 2000
# Layered model 58773: value=0.502761
5
2.033443252727728634 274.98813570621962299 167.7688921462945757 2000
13.199365926718552799 1434.3726795078839586 481.70045624356362168 2000
17.126219652474770072 925.80934075693903651 310.91137485285565845 2000
115.69912385568193258 1568.7522751185776997 710.08548490489306459 2000
0 2907.2310153621906466 1239.6742120232661364 2000
# Layered model 53298: value=0.502815
5
2.0500000000000193623 274.98813570621962299 167.7688921462945757 2000
12.445060143990719581 1298.518874926506669 496.29646176819989023 2000
18.300124449699026741 944.41810850615354411 320.33230042227205558 2000
106.68229268620639516 1434.3726795078839586 710.08548490489306459 2000
0 2052.2556538764915786 1239.6742120232661364 2000
# Layered model 58656: value=0.503093
5
2.0500000000000193623 274.98813570621962299 167.7688921462945757 2000
14.198301748168759673 1420.1709698097861292 476.93114479560750851 2000
16.988917394614020395 1163.8932652411642721 314.0204886013842156 2000
99.470814682988276445 1247.851115744313347 710.08548490489306459 2000
0 2504.1419082869974773 1290.0099561250008264 2000
# Layered model 59960: value=0.503331
5
2.0500000000000193623 274.98813570621962299 167.7688921462945757 2000
14.037774855047700839 1434.3726795078839586 472.20905425307677206 2000
16.343541685664739305 1129.6633364824106138 307.83304440876798935 2000
101.60379762331632492 1298.518874926506669 696.09399559346434216 2000
0 2178.5107307747271079 1277.2375803217830708 2000
# Layered model 59032: value=0.503425
5
2.0500000000000193623 274.98813570621962299 167.7688921462945757 2000
12.88330755966520158 1298.518874926506669 491.38263541405922297 2000
17.643069215774072944 854.96939340644303229 317.16069348739807765 2000
102.79908853022979542 1378.4039516702264336 717.18633975394197932 2000
0 2031.9362909668232078 1227.4002099240258303 2000
# Layered model 56560: value=0.503447
5
2.0500000000000193623 274.98813570621962299 167.7688921462945757 2000
14.689557126173262702 1463.2035703659926185 481.70045624356362168 2000
16.349659098919964606 925.80934075693903651 307.83304440876798935 2000
113.50301415867207311 1420.1709698097861292 717.18633975394197932 2000
0 2093.5059925194091193 1264.591663684933792 2000
# Layered model 57917: value=0.503503
5
2.0417048435295153119 274.98813570621962299 167.7688921462945757 2000
14.69785228264376542 1285.6622524024817267 476.93114479560750851 2000
15.260442873826718824 1448.7164063029629233 295.82150505913193683 2000
108.8722520526951314 2031.9362909668232078 689.20197583511321682 2000
0 2156.9413175987397153 1144.8183361474666526 2000
# Layered model 57637: value=0.503522
5
2.0417048435295153119 274.98813570621962299 167.7688921462945757 2000
12.817651980304013648 1337.86529535565478 481.70045624356362168 2000
18.601108859087169378 1129.6633364824106138 320.33230042227205558 2000
111.68035647922317821 1324.6191043125295437 710.08548490489306459 2000
0 2965.6663587709708736 1315.9391562431133025 2000
# Layered model 55469: value=0.503575
5
2.0500000000000193623 274.98813570621962299 167.7688921462945757 2000
14.606661721921312846 1492.6139621303491367 476.93114479560750851 2000
17.40648631459369966 1247.851115744313347 317.16069348739807765 2000
101.31231726915405034 1324.6191043125295437 710.08548490489306459 2000
0 2504.1419082869974773 1215.2477325980453315 2000
# Layered model 59459: value=0.503633
5
2.0500000000000193623 274.98813570621962299 167.7688921462945757 2000
14.198301748168759673 1420.1709698097861292 472.20905425307677206 2000
17.587578681929208813 1152.3695695457072361 317.16069348739807765 2000
104.26063172821504565 1311.5040636757717039 703.05493554939903333 2000
0 2289.6366722949333052 1290.0099561250008264 2000
