# 60032 2_reports/tar1_lr50_tr0.report
# Layered model 58458: value=0.465416
5
2.0500000000000193623 277.73801706328180217 169.44658106775753481 2000
14.198301748168759673 1311.5040636757717039 472.20905425307677206 2000
18.351091501033572229 1311.5040636757717039 323.53562342649479433 2000
110.54142891294152662 1492.6139621303491367 710.08548490489306459 2000
0 2821.7297812602246267 1227.4002099240258303 2000
# Layered model 59635: value=0.46816
5
2.0500000000000193623 277.73801706328180217 169.44658106775753481 2000
14.606661721921312846 1311.5040636757717039 472.20905425307677206 2000
18.175127468727652058 1420.1709698097861292 320.33230042227205558 2000
120.77881728326207167 1750.2072571089975099 710.08548490489306459 2000
0 2766.1305570632530362 1252.0709541434987386 2000
# Layered model 59809: value=0.469055
5
2.0500000000000193623 277.73801706328180217 169.44658106775753481 2000
14.198301748168759673 1406.1098710987980667 472.20905425307677206 2000
18.273971262623945222 1324.6191043125295437 320.33230042227205558 2000
109.18151130816158911 1378.4039516702264336 717.18633975394197932 2000
0 2965.6663587709708736 1264.591663684933792 2000
# Layered model 56186: value=0.470217
5
2.0500000000000193623 277.73801706328180217 169.44658106775753481 2000
14.198301748168759673 1285.6622524024817267 472.20905425307677206 2000
18.817444332502198279 1492.6139621303491367 326.77097966075973545 2000
115.96837547595282558 1522.6155027691690975 710.08548490489306459 2000
0 2529.1833273698675839 1264.591663684933792 2000
# Layered model 59079: value=0.470504
5
2.0500000000000193623 277.73801706328180217 169.44658106775753481 2000
14.198301748168759673 1285.6622524024817267 476.93114479560750851 2000
18.739284618016014861 1378.4039516702264336 323.53562342649479433 2000
111.60464401758054009 1448.7164063029629233 710.08548490489306459 2000
0 2711.6268572328722257 1264.591663684933792 2000
# Layered model 56649: value=0.470792
5
2.0500000000000193623 277.73801706328180217 169.44658106775753481 2000
14.117839073339919054 1298.518874926506669 476.93114479560750851 2000
18.586311880497522253 1406.1098710987980667 320.33230042227205558 2000
119.31575644607445952 1507.5401017516526281 717.18633975394197932 2000
0 2658.1970956110890256 1315.9391562431133025 2000
# Layered model 55291: value=0.470901
5
2.0500000000000193623 277.73801706328180217 169.44658106775753481 2000
16.99583036485226728 1492.6139621303491367 462.90467037846951825 2000
14.639381352416982907 1163.8932652411642721 295.82150505913193683 2000
125.05316794676740244 2052.2556538764915786 717.18633975394197932 2000
0 2266.9670022722111753 1239.6742120232661364 2000
# Layered model 58607: value=0.472118
5
2.0500000000000193623 277.73801706328180217 169.44658106775753481 2000
14.198301748168759673 1311.5040636757717039 476.93114479560750851 2000
19.052972655621964293 1463.2035703659926185 326.77097966075973545 2000
112.75687828381224165 1600.2841958484607403 710.08548490489306459 2000
0 2580.0199122500016529 1215.2477325980453315 2000
# Layered model 59914: value=0.472238
5
2.0500000000000193623 277.73801706328180217 169.44658106775753481 2000
13.411370801861334456 1272.9329231707740746 476.93114479560750851 2000
19.839903601929385957 1463.2035703659926185 330.03868945736735441 2000
111.29095597997458356 1492.6139621303491367 710.08548490489306459 2000
0 2335.6583694080618443 1264.591663684933792 2000
# Layered model 58924: value=0.472331
5
2.0500000000000193623 277.73801706328180217 169.44658106775753481 2000
13.258618480007442031 1406.1098710987980667 472.20905425307677206 2000
19.835461918247624169 1364.7563877923034852 333.33907635194100294 2000
111.44814998551024132 1392.1879911869286843 710.08548490489306459 2000
0 2244.5217844279318342 1302.9100556862508711 2000
# Layered model 59352: value=0.472352
5
2.0500000000000193623 277.73801706328180217 169.44658106775753481 2000
15.195665246954128236 1364.7563877923034852 467.53371708225427028 2000
17.741921119230646298 1463.2035703659926185 320.33230042227205558 2000
117.55687640600524446 1876.459073860799208 710.08548490489306459 2000
0 2289.6366722949333052 1227.4002099240258303 2000
# Layered model 58995: value=0.472745
5
2.0500000000000193623 277.73801706328180217 169.44658106775753481 2000
15.629091429994158347 1378.4039516702264336 467.53371708225427028 2000
16.232375887582303875 1074.8359032103708159 307.83304440876798935 2000
114.14668537002650339 1337.86529535565478 724.35820315148146165 2000
0 2658.1970956110890256 1383.0652785316265181 2000
# Layered model 59007: value=0.473197
5
2.0500000000000193623 277.73801706328180217 169.44658106775753481 2000
14.037774855047700839 1285.6622524024817267 476.93114479560750851 2000
18.434498155745004055 1199.160395071236735 323.53562342649479433 2000
112.06995737297259552 1337.86529535565478 717.18633975394197932 2000
0 2454.8004198480516607 1315.9391562431133025 2000
# Layered model 59656: value=0.473425
5
2.0500000000000193623 277.73801706328180217 169.44658106775753481 2000
13.878833905111012115 1324.6191043125295437 472.20905425307677206 2000
19.058752461073762419 1392.1879911869286843 326.77097966075973545 2000
119.0823210337271405 1507.5401017516526281 717.18633975394197932 2000
0 2684.7790665672000614 1315.9391562431133025 2000
# Layered model 56964: value=0.473515
5
2.0500000000000193623 277.73801706328180217 169.44658106775753481 2000
13.721463229857700838 1434.3726795078839586 472.20905425307677206 2000
19.68770828380648652 1272.9329231707740746 330.03868945736735441 2000
112.5989811739387676 1477.8356060696526129 717.18633975394197932 2000
0 2684.7790665672000614 1239.6742120232661364 2000
# Layered model 58569: value=0.474088
5
2.0500000000000193623 277.73801706328180217 169.44658106775753481 2000
14.360430409318482248 1311.5040636757717039 467.53371708225427028 2000
18.655315671352475704 1477.8356060696526129 326.77097966075973545 2000
117.47871669151905394 1648.7744072668654098 710.08548490489306459 2000
0 2658.1970956110890256 1252.0709541434987386 2000
# Layered model 55448: value=0.474176
5
2.0500000000000193623 277.73801706328180217 169.44658106775753481 2000
13.799953256365427023 1311.5040636757717039 472.20905425307677206 2000
18.904197697472014283 1260.3296269017564555 326.77097966075973545 2000
111.83807942992785911 1364.7563877923034852 717.18633975394197932 2000
0 2554.4751606435661415 1342.3895332836000307 2000
# Layered model 59389: value=0.474242
5
2.0500000000000193623 277.73801706328180217 169.44658106775753481 2000
14.856587627401587781 1364.7563877923034852 472.20905425307677206 2000
18.15915845326937017 1378.4039516702264336 323.53562342649479433 2000
115.96837547595282558 1392.1879911869286843 717.18633975394197932 2000
0 2793.7918626338855574 1329.0985478055445128 2000
# Layered model 58801: value=0.474444
5
2.0500000000000193623 277.73801706328180217 169.44658106775753481 2000
13.64336189120044196 1420.1709698097861292 472.20905425307677206 2000
19.216238974414906693 1378.4039516702264336 323.53562342649479433 2000
113.14855182198760986 1392.1879911869286843 717.18633975394197932 2000
0 2878.446549863554992 1277.2375803217830708 2000
# Layered model 58650: value=0.474607
5
2.0500000000000193623 277.73801706328180217 169.44658106775753481 2000
13.565647315585465549 1311.5040636757717039 472.20905425307677206 2000
19.922737399367257183 1298.518874926506669 333.33907635194100294 2000
111.05384566881258479 1351.2439483092114187 717.18633975394197932 2000
0 2335.6583694080618443 1355.8134286164361129 2000
# Layered model 58518: value=0.474607
5
2.0500000000000193623 277.73801706328180217 169.44658106775753481 2000
13.721463229857700838 1351.2439483092114187 472.20905425307677206 2000
19.76692148509501834 1285.6622524024817267 330.03868945736735441 2000
117.00607805723728916 1448.7164063029629233 724.35820315148146165 2000
0 2658.1970956110890256 1290.0099561250008264 2000
# Layered model 57519: value=0.474749
5
2.0500000000000193623 277.73801706328180217 169.44658106775753481 2000
15.195665246954128236 1337.86529535565478 472.20905425307677206 2000
17.820080833716829716 1285.6622524024817267 320.33230042227205558 2000
111.52648430309434957 1364.7563877923034852 717.18633975394197932 2000
0 2504.1419082869974773 1315.9391562431133025 2000
# Layered model 58141: value=0.474865
5
2.0500000000000193623 277.73801706328180217 169.44658106775753481 2000
13.799953256365427023 1337.86529535565478 476.93114479560750851 2000
19.451321147425296942 1298.518874926506669 330.03868945736735441 2000
112.75687828381224165 1337.86529535565478 717.18633975394197932 2000
0 2504.1419082869974773 1355.8134286164361129 2000
# Layered model 56360: value=0.475056
5
2.0500000000000193623 277.73801706328180217 169.44658106775753481 2000
13.799953256365427023 1364.7563877923034852 472.20905425307677206 2000
19.372636452622252534 1378.4039516702264336 330.03868945736735441 2000
108.48119460996662156 1492.6139621303491367 710.08548490489306459 2000
0 2878.446549863554992 1191.302551316581912 2000
# Layered model 58674: value=0.475391
5
2.0500000000000193623 277.73801706328180217 169.44658106775753481 2000
13.488317587736371905 1477.8356060696526129 472.20905425307677206 2000
19.293471602912592999 1364.7563877923034852 326.77097966075973545 2000
113.22636349695400781 1392.1879911869286843 717.18633975394197932 2000
0 2821.7297812602246267 1264.591663684933792 2000
# Layered model 59718: value=0.475629
5
2.0500000000000193623 277.73801706328180217 169.44658106775753481 2000
13.032314957404992128 1406.1098710987980667 472.20905425307677206 2000
20.140274751582687429 1235.4961542022904268 333.33907635194100294 2000
114.31614450549130879 1392.1879911869286843 717.18633975394197932 2000
0 2711.6268572328722257 1315.9391562431133025 2000
# Layered model 57887: value=0.475848
5
2.0500000000000193623 277.73801706328180217 169.44658106775753481 2000
13.258618480007442031 1272.9329231707740746 481.70045624356362168 2000
18.754529556507570476 1324.6191043125295437 320.33230042227205558 2000
112.52908234725029502 1420.1709698097861292 710.08548490489306459 2000
0 2529.1833273698675839 1277.2375803217830708 2000
# Layered model 58821: value=0.476114
5
2.0500000000000193623 277.73801706328180217 169.44658106775753481 2000
13.488317587736371905 1311.5040636757717039 476.93114479560750851 2000
19.138368180859824719 1420.1709698097861292 326.77097966075973545 2000
113.38146691900676899 1463.2035703659926185 710.08548490489306459 2000
0 2289.6366722949333052 1252.0709541434987386 2000
# Layered model 58315: value=0.476423
5
2.0500000000000193623 277.73801706328180217 169.44658106775753481 2000
13.565647315585465549 1477.8356060696526129 467.53371708225427028 2000
19.764487558873945261 1392.1879911869286843 330.03868945736735441 2000
114.15859934001957754 1477.8356060696526129 717.18633975394197932 2000
0 2821.7297812602246267 1277.2375803217830708 2000
# Layered model 57908: value=0.476434
5
2.0500000000000193623 277.73801706328180217 169.44658106775753481 2000
14.037774855047700839 1448.7164063029629233 472.20905425307677206 2000
19.134814853939978718 1285.6622524024817267 330.03868945736735441 2000
114.31614450549130879 1420.1709698097861292 717.18633975394197932 2000
0 2878.446549863554992 1277.2375803217830708 2000
# Layered model 48862: value=0.476467
5
2.0500000000000193623 277.73801706328180217 169.44658106775753481 2000
17.090615972782977394 1492.6139621303491367 462.90467037846951825 2000
14.770851344793484827 1337.86529535565478 298.77972010972325734 2000
117.12265423904732131 1972.1773452290383375 710.08548490489306459 2000
0 2135.5854629690493312 1167.8291847040309221 2000
# Layered model 56218: value=0.476576
5
2.0500000000000193623 277.73801706328180217 169.44658106775753481 2000
13.334805061606139986 1324.6191043125295437 476.93114479560750851 2000
19.759275336648926213 1175.5321978935758125 330.03868945736735441 2000
112.91407228934789941 1406.1098710987980667 724.35820315148146165 2000
0 2936.303325515812503 1264.591663684933792 2000
# Layered model 59621: value=0.476615
5
2.0500000000000193623 277.73801706328180217 169.44658106775753481 2000
13.565647315585465549 1272.9329231707740746 472.20905425307677206 2000
19.685627088205258417 1448.7164063029629233 330.03868945736735441 2000
111.29095597997458356 1477.8356060696526129 710.08548490489306459 2000
0 2406.4311536594955214 1239.6742120232661364 2000
# Layered model 59619: value=0.476662
5
2.0500000000000193623 277.73801706328180217 169.44658106775753481 2000
13.411370801861334456 1392.1879911869286843 476.93114479560750851 2000
19.526215564323436524 1298.518874926506669 326.77097966075973545 2000
113.07056632141819819 1434.3726795078839586 717.18633975394197932 2000
0 2878.446549863554992 1290.0099561250008264 2000
# Layered model 59125: value=0.476696
5
2.0500000000000193623 277.73801706328180217 169.44658106775753481 2000
13.258618480007442031 1298.518874926506669 481.70045624356362168 2000
19.059929361753425781 1260.3296269017564555 323.53562342649479433 2000
112.22368254200443971 1406.1098710987980667 710.08548490489306459 2000
0 2430.4954651960906631 1315.9391562431133025 2000
# Layered model 58041: value=0.476981
5
2.0500000000000193623 277.73801706328180217 169.44658106775753481 2000
14.360430409318482248 1337.86529535565478 476.93114479560750851 2000
18.421358781330482657 1140.9599698472347882 320.33230042227205558 2000
114.70694502383003055 1406.1098710987980667 724.35820315148146165 2000
0 2684.7790665672000614 1315.9391562431133025 2000
# Layered model 59597: value=0.477623
5
2.0500000000000193623 277.73801706328180217 169.44658106775753481 2000
14.524176821244473956 1285.6622524024817267 476.93114479560750851 2000
17.565065801995380923 1463.2035703659926185 317.16069348739807765 2000
113.91891006436310363 1600.2841958484607403 710.08548490489306459 2000
0 2266.9670022722111753 1203.2155768297477607 2000
# Layered model 59662: value=0.477751
5
2.0500000000000193623 277.73801706328180217 169.44658106775753481 2000
14.689557126173262702 1298.518874926506669 472.20905425307677206 2000
18.248029240011511831 1118.4785509726837063 323.53562342649479433 2000
114.55114784829422092 1420.1709698097861292 724.35820315148146165 2000
0 2995.323022358680646 1315.9391562431133025 2000
# Layered model 58639: value=0.477953
5
2.0500000000000193623 277.73801706328180217 169.44658106775753481 2000
13.488317587736371905 1324.6191043125295437 476.93114479560750851 2000
19.215833366101069402 1260.3296269017564555 323.53562342649479433 2000
110.38667120830641011 1311.5040636757717039 724.35820315148146165 2000
0 2711.6268572328722257 1342.3895332836000307 2000
# Layered model 59859: value=0.478058
5
2.0500000000000193623 277.73801706328180217 169.44658106775753481 2000
15.110263561505423269 1272.9329231707740746 472.20905425307677206 2000
17.208284280255444543 1392.1879911869286843 310.91137485285565845 2000
121.24205863215016166 1991.8991186813284457 710.08548490489306459 2000
0 2936.303325515812503 1239.6742120232661364 2000
# Layered model 58210: value=0.478077
5
2.0500000000000193623 277.73801706328180217 169.44658106775753481 2000
13.411370801861334456 1272.9329231707740746 481.70045624356362168 2000
18.223840915407912178 1118.4785509726837063 317.16069348739807765 2000
111.45561044487460833 1351.2439483092114187 717.18633975394197932 2000
0 2936.303325515812503 1290.0099561250008264 2000
# Layered model 59555: value=0.478147
5
2.0500000000000193623 277.73801706328180217 169.44658106775753481 2000
14.856587627401587781 1285.6622524024817267 476.93114479560750851 2000
17.847563326435853526 1163.8932652411642721 317.16069348739807765 2000
113.3040017337655172 1351.2439483092114187 731.60178518299630923 2000
0 2430.4954651960906631 1302.9100556862508711 2000
# Layered model 57671: value=0.478539
5
2.0500000000000193623 277.73801706328180217 169.44658106775753481 2000
15.281491951975016974 1477.8356060696526129 472.20905425307677206 2000
17.422659001862424333 1298.518874926506669 310.91137485285565845 2000
117.79031181835256348 1324.6191043125295437 731.60178518299630923 2000
0 2605.8201113725017422 1369.3715629026005445 2000
# Layered model 58905: value=0.478583
5
2.0500000000000193623 277.73801706328180217 169.44658106775753481 2000
14.524176821244473956 1337.86529535565478 472.20905425307677206 2000
18.025216427957857945 1463.2035703659926185 314.0204886013842156 2000
119.47051415070957603 1600.2841958484607403 717.18633975394197932 2000
0 2504.1419082869974773 1252.0709541434987386 2000
# Layered model 58561: value=0.478691
5
2.0500000000000193623 277.73801706328180217 169.44658106775753481 2000
14.442100391301643469 1298.518874926506669 472.20905425307677206 2000
17.64714223193821141 1129.6633364824106138 320.33230042227205558 2000
116.89487893338392155 1406.1098710987980667 724.35820315148146165 2000
0 2684.7790665672000614 1302.9100556862508711 2000
# Layered model 59323: value=0.478817
5
2.0500000000000193623 277.73801706328180217 169.44658106775753481 2000
14.360430409318482248 1364.7563877923034852 467.53371708225427028 2000
18.655315671352475704 1378.4039516702264336 326.77097966075973545 2000
112.99240660693200766 1537.8416577968605452 717.18633975394197932 2000
0 2684.7790665672000614 1227.4002099240258303 2000
# Layered model 59534: value=0.47886
5
2.0500000000000193623 277.73801706328180217 169.44658106775753481 2000
13.799953256365427023 1324.6191043125295437 476.93114479560750851 2000
19.294127141889639176 1351.2439483092114187 323.53562342649479433 2000
114.39465381622392215 1434.3726795078839586 717.18633975394197932 2000
0 2849.9470790728269094 1277.2375803217830708 2000
# Layered model 59271: value=0.479042
5
2.0500000000000193623 277.73801706328180217 169.44658106775753481 2000
14.360430409318482248 1378.4039516702264336 476.93114479560750851 2000
18.266255359277714376 1285.6622524024817267 317.16069348739807765 2000
117.86777700359381527 1364.7563877923034852 731.60178518299630923 2000
0 2711.6268572328722257 1342.3895332836000307 2000
# Layered model 59875: value=0.479051
5
2.0500000000000193623 277.73801706328180217 169.44658106775753481 2000
15.805496784123644005 1311.5040636757717039 472.20905425307677206 2000
16.821188984472552619 1118.4785509726837063 314.0204886013842156 2000
114.86204844588279173 1420.1709698097861292 724.35820315148146165 2000
0 2658.1970956110890256 1302.9100556862508711 2000
# Layered model 58945: value=0.479154
5
2.0500000000000193623 277.73801706328180217 169.44658106775753481 2000
14.198301748168759673 1434.3726795078839586 467.53371708225427028 2000
18.817444332502198279 1285.6622524024817267 326.77097966075973545 2000
110.07507608147290057 1337.86529535565478 717.18633975394197932 2000
0 2849.9470790728269094 1264.591663684933792 2000
# Layered model 57200: value=0.479581
5
2.0500000000000193623 277.73801706328180217 169.44658106775753481 2000
14.037774855047700839 1392.1879911869286843 476.93114479560750851 2000
18.744014335601264065 1364.7563877923034852 320.33230042227205558 2000
117.71267358154105409 1448.7164063029629233 724.35820315148146165 2000
0 2684.7790665672000614 1315.9391562431133025 2000
# Layered model 57617: value=0.479604
5
2.0500000000000193623 277.73801706328180217 169.44658106775753481 2000
14.524176821244473956 1311.5040636757717039 472.20905425307677206 2000
17.871147848117537649 1378.4039516702264336 320.33230042227205558 2000
118.09913810282799318 1477.8356060696526129 717.18633975394197932 2000
0 2684.7790665672000614 1329.0985478055445128 2000
# Layered model 55321: value=0.47972
5
2.0500000000000193623 277.73801706328180217 169.44658106775753481 2000
12.88330755966520158 1272.9329231707740746 476.93114479560750851 2000
20.923703483043961882 1420.1709698097861292 340.03919178661499245 2000
112.20114164489379505 1463.2035703659926185 710.08548490489306459 2000
0 2554.4751606435661415 1264.591663684933792 2000
# Layered model 58984: value=0.479945
5
2.0500000000000193623 277.73801706328180217 169.44658106775753481 2000
15.541543389155901167 1406.1098710987980667 467.53371708225427028 2000
16.47160464735911134 1324.6191043125295437 314.0204886013842156 2000
118.48131473567499938 1895.2236645994071296 710.08548490489306459 2000
0 2244.5217844279318342 1203.2155768297477607 2000
# Layered model 58530: value=0.480043
5
2.0500000000000193623 277.73801706328180217 169.44658106775753481 2000
13.64336189120044196 1378.4039516702264336 467.53371708225427028 2000
20.003980491168952938 1337.86529535565478 333.33907635194100294 2000
116.84712038982061699 1568.7522751185776997 717.18633975394197932 2000
0 2684.7790665672000614 1277.2375803217830708 2000
# Layered model 59900: value=0.480341
5
2.0500000000000193623 277.73801706328180217 169.44658106775753481 2000
12.957626326993469945 1311.5040636757717039 476.93114479560750851 2000
20.451545186670720966 1337.86529535565478 336.67246711546039251 2000
112.5989811739387676 1364.7563877923034852 717.18633975394197932 2000
0 2406.4311536594955214 1355.8134286164361129 2000
# Layered model 59243: value=0.480382
5
2.0500000000000193623 277.73801706328180217 169.44658106775753481 2000
13.64336189120044196 1477.8356060696526129 472.20905425307677206 2000
19.607912512590282006 1260.3296269017564555 326.77097966075973545 2000
114.23745981068826438 1537.8416577968605452 717.18633975394197932 2000
0 2631.878312486226605 1227.4002099240258303 2000
# Layered model 57058: value=0.480439
5
2.0500000000000193623 277.73801706328180217 169.44658106775753481 2000
13.799953256365427023 1378.4039516702264336 472.20905425307677206 2000
20.247900849073587892 1260.3296269017564555 336.67246711546039251 2000
114.93626745118476151 1420.1709698097861292 724.35820315148146165 2000
0 2907.2310153621906466 1290.0099561250008264 2000
# Layered model 57897: value=0.480657
5
2.0500000000000193623 277.73801706328180217 169.44658106775753481 2000
13.258618480007442031 1260.3296269017564555 476.93114479560750851 2000
20.468469159989041373 1247.851115744313347 336.67246711546039251 2000
109.36373452214738222 1285.6622524024817267 724.35820315148146165 2000
0 2766.1305570632530362 1329.0985478055445128 2000
# Layered model 59163: value=0.48067
5
2.0500000000000193623 277.73801706328180217 169.44658106775753481 2000
13.721463229857700838 1324.6191043125295437 472.20905425307677206 2000
20.165649758612843812 1364.7563877923034852 336.67246711546039251 2000
113.60162122600843304 1568.7522751185776997 717.18633975394197932 2000
0 2738.743125805201089 1215.2477325980453315 2000
# Layered model 57513: value=0.480842
5
2.0500000000000193623 277.73801706328180217 169.44658106775753481 2000
13.721463229857700838 1311.5040636757717039 476.93114479560750851 2000
18.905222538738492233 1002.5188527717638181 323.53562342649479433 2000
113.38146691900676899 1337.86529535565478 731.60178518299630923 2000
0 2793.7918626338855574 1329.0985478055445128 2000
# Layered model 58951: value=0.480846
5
2.0500000000000193623 277.73801706328180217 169.44658106775753481 2000
14.279164862537559344 1477.8356060696526129 472.20905425307677206 2000
19.28861001021425281 1420.1709698097861292 330.03868945736735441 2000
113.9209593417271833 1448.7164063029629233 717.18633975394197932 2000
0 2965.6663587709708736 1290.0099561250008264 2000
# Layered model 58547: value=0.480985
5
2.0500000000000193623 277.73801706328180217 169.44658106775753481 2000
15.195665246954128236 1337.86529535565478 472.20905425307677206 2000
16.969841952763793813 1364.7563877923034852 317.16069348739807765 2000
110.92531496242594358 1463.2035703659926185 710.08548490489306459 2000
0 2454.8004198480516607 1264.591663684933792 2000
# Layered model 51402: value=0.481038
5
2.0500000000000193623 277.73801706328180217 169.44658106775753481 2000
13.565647315585465549 1434.3726795078839586 472.20905425307677206 2000
20.002127557166346605 1272.9329231707740746 336.67246711546039251 2000
113.9209593417271833 1434.3726795078839586 717.18633975394197932 2000
0 2793.7918626338855574 1290.0099561250008264 2000
# Layered model 56642: value=0.481053
5
2.0500000000000193623 277.73801706328180217 169.44658106775753481 2000
13.182809179446262959 1272.9329231707740746 481.70045624356362168 2000
19.676791686169085693 1420.1709698097861292 326.77097966075973545 2000
114.62913334886363259 1568.7522751185776997 710.08548490489306459 2000
0 2907.2310153621906466 1215.2477325980453315 2000
# Layered model 55124: value=0.481138
5
2.0500000000000193623 277.73801706328180217 169.44658106775753481 2000
13.182809179446262959 1463.2035703659926185 476.93114479560750851 2000
19.989780529541416598 1187.2875198725116661 330.03868945736735441 2000
115.81153184763610398 1420.1709698097861292 724.35820315148146165 2000
0 2878.446549863554992 1315.9391562431133025 2000
# Layered model 59294: value=0.481283
5
2.0500000000000193623 277.73801706328180217 169.44658106775753481 2000
13.565647315585465549 1463.2035703659926185 476.93114479560750851 2000
19.685627088205258417 1235.4961542022904268 330.03868945736735441 2000
114.23745981068826438 1568.7522751185776997 717.18633975394197932 2000
0 2479.3484240465322728 1239.6742120232661364 2000
# Layered model 57674: value=0.481283
5
2.0500000000000193623 277.73801706328180217 169.44658106775753481 2000
13.411370801861334456 1311.5040636757717039 481.70045624356362168 2000
19.448230063754010644 1364.7563877923034852 326.77097966075973545 2000
114.62913334886363259 1477.8356060696526129 717.18633975394197932 2000
0 2907.2310153621906466 1277.2375803217830708 2000
# Layered model 57155: value=0.481292
5
2.0500000000000193623 277.73801706328180217 169.44658106775753481 2000
13.107375291601723433 1351.2439483092114187 472.20905425307677206 2000
20.619712348394759971 1324.6191043125295437 336.67246711546039251 2000
115.25703391662730724 1463.2035703659926185 717.18633975394197932 2000
0 2766.1305570632530362 1264.591663684933792 2000
# Layered model 59117: value=0.4813
5
2.0500000000000193623 277.73801706328180217 169.44658106775753481 2000
13.565647315585465549 1285.6622524024817267 476.93114479560750851 2000
19.843524198078725362 1392.1879911869286843 330.03868945736735441 2000
112.5989811739387676 1463.2035703659926185 717.18633975394197932 2000
0 2529.1833273698675839 1227.4002099240258303 2000
# Layered model 59210: value=0.481304
5
2.0500000000000193623 277.73801706328180217 169.44658106775753481 2000
14.772865076958293429 1235.4961542022904268 472.20905425307677206 2000
18.715519637994429303 1448.7164063029629233 326.77097966075973545 2000
108.16539960400157838 1477.8356060696526129 710.08548490489306459 2000
0 2072.7782104152565807 1239.6742120232661364 2000
# Layered model 58479: value=0.481312
5
2.0500000000000193623 277.73801706328180217 169.44658106775753481 2000
14.117839073339919054 1337.86529535565478 476.93114479560750851 2000
18.81974729284485548 1175.5321978935758125 323.53562342649479433 2000
116.04653519043901611 1378.4039516702264336 731.60178518299630923 2000
0 2907.2310153621906466 1290.0099561250008264 2000
# Layered model 57290: value=0.481494
5
2.0500000000000193623 277.73801706328180217 169.44658106775753481 2000
14.524176821244473956 1298.518874926506669 472.20905425307677206 2000
17.186285200594880962 1211.1519990219492229 320.33230042227205558 2000
109.9433222971149462 1378.4039516702264336 703.05493554939903333 2000
0 2406.4311536594955214 1290.0099561250008264 2000
# Layered model 57170: value=0.481658
5
2.0500000000000193623 277.73801706328180217 169.44658106775753481 2000
12.662552165618933486 1392.1879911869286843 472.20905425307677206 2000
20.746619348045257425 1285.6622524024817267 336.67246711546039251 2000
115.57495004295958552 1648.7744072668654098 710.08548490489306459 2000
0 2738.743125805201089 1252.0709541434987386 2000
# Layered model 59338: value=0.481719
5
2.0500000000000193623 277.73801706328180217 169.44658106775753481 2000
13.799953256365427023 1337.86529535565478 476.93114479560750851 2000
19.530181618093983786 1247.851115744313347 326.77097966075973545 2000
114.15859934001957754 1600.2841958484607403 717.18633975394197932 2000
0 2995.323022358680646 1215.2477325980453315 2000
# Layered model 59742: value=0.48172
5
2.0500000000000193623 277.73801706328180217 169.44658106775753481 2000
13.032314957404992128 1364.7563877923034852 481.70045624356362168 2000
19.671835996432449178 1298.518874926506669 326.77097966075973545 2000
110.38667120830641011 1311.5040636757717039 717.18633975394197932 2000
0 2430.4954651960906631 1369.3715629026005445 2000
# Layered model 60001: value=0.481754
5
2.0500000000000193623 277.73801706328180217 169.44658106775753481 2000
12.662552165618933486 1285.6622524024817267 481.70045624356362168 2000
20.825832549333789245 1434.3726795078839586 336.67246711546039251 2000
109.60243744719113579 1463.2035703659926185 710.08548490489306459 2000
0 2580.0199122500016529 1252.0709541434987386 2000
# Layered model 60008: value=0.481767
5
2.0500000000000193623 277.73801706328180217 169.44658106775753481 2000
13.878833905111012115 1392.1879911869286843 476.93114479560750851 2000
18.439713936649855697 1364.7563877923034852 317.16069348739807765 2000
116.66557371486291572 1378.4039516702264336 724.35820315148146165 2000
0 2580.0199122500016529 1355.8134286164361129 2000
# Layered model 59274: value=0.481778
5
2.0500000000000193623 277.73801706328180217 169.44658106775753481 2000
13.258618480007442031 1298.518874926506669 476.93114479560750851 2000
19.368067288588754593 1448.7164063029629233 330.03868945736735441 2000
114.86204844588279173 1600.2841958484607403 703.05493554939903333 2000
0 2244.5217844279318342 1290.0099561250008264 2000
# Layered model 59366: value=0.482004
5
2.0500000000000193623 277.73801706328180217 169.44658106775753481 2000
13.411370801861334456 1351.2439483092114187 476.93114479560750851 2000
20.395640240847825453 1420.1709698097861292 336.67246711546039251 2000
115.17711051391461297 1463.2035703659926185 717.18633975394197932 2000
0 2849.9470790728269094 1277.2375803217830708 2000
# Layered model 55665: value=0.482025
5
2.0500000000000193623 277.73801706328180217 169.44658106775753481 2000
13.107375291601723433 1337.86529535565478 476.93114479560750851 2000
19.596775662235717874 1140.9599698472347882 326.77097966075973545 2000
114.78458326064153994 1324.6191043125295437 731.60178518299630923 2000
0 2907.2310153621906466 1355.8134286164361129 2000
# Layered model 58244: value=0.482082
5
2.0500000000000193623 277.73801706328180217 169.44658106775753481 2000
12.80935682383351093 1463.2035703659926185 472.20905425307677206 2000
20.28472357442155527 1285.6622524024817267 333.33907635194100294 2000
112.91407228934789941 1420.1709698097861292 710.08548490489306459 2000
0 2684.7790665672000614 1277.2375803217830708 2000
# Layered model 53286: value=0.482146
5
2.0500000000000193623 277.73801706328180217 169.44658106775753481 2000
12.957626326993469945 1285.6622524024817267 476.93114479560750851 2000
20.136454071261596255 1378.4039516702264336 333.33907635194100294 2000
111.44814998551024132 1420.1709698097861292 717.18633975394197932 2000
0 2504.1419082869974773 1277.2375803217830708 2000
# Layered model 58971: value=0.482176
5
2.0500000000000193623 277.73801706328180217 169.44658106775753481 2000
13.878833905111012115 1420.1709698097861292 472.20905425307677206 2000
20.008279083359536088 1260.3296269017564555 333.33907635194100294 2000
113.60162122600843304 1477.8356060696526129 724.35820315148146165 2000
0 2554.4751606435661415 1239.6742120232661364 2000
# Layered model 59949: value=0.482264
5
2.0500000000000193623 277.73801706328180217 169.44658106775753481 2000
14.037774855047700839 1298.518874926506669 472.20905425307677206 2000
18.204167290646218191 1420.1709698097861292 317.16069348739807765 2000
124.4464375183427336 1895.2236645994071296 710.08548490489306459 2000
0 2711.6268572328722257 1264.591663684933792 2000
# Layered model 59061: value=0.482371
5
2.0500000000000193623 277.73801706328180217 169.44658106775753481 2000
14.524176821244473956 1351.2439483092114187 476.93114479560750851 2000
18.179974132592967351 1163.8932652411642721 317.16069348739807765 2000
119.31575644607445952 1420.1709698097861292 724.35820315148146165 2000
0 2504.1419082869974773 1369.3715629026005445 2000
# Layered model 58681: value=0.482487
5
2.0500000000000193623 277.73801706328180217 169.44658106775753481 2000
14.360430409318482248 1298.518874926506669 476.93114479560750851 2000
18.577155956866292286 1152.3695695457072361 320.33230042227205558 2000
114.55114784829422092 1406.1098710987980667 724.35820315148146165 2000
0 2936.303325515812503 1302.9100556862508711 2000
# Layered model 57453: value=0.482695
5
2.0500000000000193623 277.73801706328180217 169.44658106775753481 2000
13.334805061606139986 1285.6622524024817267 472.20905425307677206 2000
19.916469342184583979 1406.1098710987980667 330.03868945736735441 2000
114.23745981068826438 1507.5401017516526281 710.08548490489306459 2000
0 2406.4311536594955214 1264.591663684933792 2000
# Layered model 54108: value=0.4828
5
2.0500000000000193623 277.73801706328180217 169.44658106775753481 2000
14.117839073339919054 1378.4039516702264336 472.20905425307677206 2000
19.291332440324271857 1285.6622524024817267 330.03868945736735441 2000
123.27920815037245461 1584.4397978697634244 717.18633975394197932 2000
0 2504.1419082869974773 1315.9391562431133025 2000
# Layered model 56618: value=0.482827
5
2.0500000000000193623 277.73801706328180217 169.44658106775753481 2000
14.279164862537559344 1351.2439483092114187 472.20905425307677206 2000
19.130006651126631567 1378.4039516702264336 323.53562342649479433 2000
114.07956270081479033 1568.7522751185776997 717.18633975394197932 2000
0 2793.7918626338855574 1227.4002099240258303 2000
# Layered model 60005: value=0.482841
5
2.0500000000000193623 277.73801706328180217 169.44658106775753481 2000
13.182809179446262959 1260.3296269017564555 476.93114479560750851 2000
20.226362334217927952 1378.4039516702264336 333.33907635194100294 2000
114.07956270081479033 1568.7522751185776997 717.18633975394197932 2000
0 2631.878312486226605 1252.0709541434987386 2000
# Layered model 59189: value=0.482888
5
2.0500000000000193623 277.73801706328180217 169.44658106775753481 2000
12.80935682383351093 1235.4961542022904268 476.93114479560750851 2000
19.585967845528500675 1247.851115744313347 330.03868945736735441 2000
109.2584596495922824 1537.8416577968605452 703.05493554939903333 2000
0 2093.5059925194091193 1252.0709541434987386 2000
# Layered model 57688: value=0.483068
5
2.0500000000000193623 277.73801706328180217 169.44658106775753481 2000
14.037774855047700839 1364.7563877923034852 476.93114479560750851 2000
19.213499548743023126 1351.2439483092114187 326.77097966075973545 2000
115.73284715283305957 1392.1879911869286843 717.18633975394197932 2000
0 2738.743125805201089 1302.9100556862508711 2000
# Layered model 58019: value=0.483085
5
2.0500000000000193623 277.73801706328180217 169.44658106775753481 2000
13.721463229857700838 1311.5040636757717039 472.20905425307677206 2000
19.138137635757644262 1420.1709698097861292 323.53562342649479433 2000
119.16030653429655217 1537.8416577968605452 717.18633975394197932 2000
0 2529.1833273698675839 1264.591663684933792 2000
# Layered model 59461: value=0.483097
5
2.0500000000000193623 277.73801706328180217 169.44658106775753481 2000
13.032314957404992128 1420.1709698097861292 472.20905425307677206 2000
19.983431123265965823 1378.4039516702264336 333.33907635194100294 2000
112.99240660693200766 1406.1098710987980667 717.18633975394197932 2000
0 2907.2310153621906466 1277.2375803217830708 2000
# Layered model 58893: value=0.483225
5
2.0500000000000193623 277.73801706328180217 169.44658106775753481 2000
13.799953256365427023 1351.2439483092114187 476.93114479560750851 2000
19.688431458587295708 1406.1098710987980667 326.77097966075973545 2000
112.51976797265024288 1568.7522751185776997 717.18633975394197932 2000
0 2738.743125805201089 1215.2477325980453315 2000
# Layered model 57255: value=0.483366
5
2.0500000000000193623 277.73801706328180217 169.44658106775753481 2000
12.88330755966520158 1324.6191043125295437 472.20905425307677206 2000
20.132438521005756371 1107.4045059135482916 333.33907635194100294 2000
112.99240660693200766 1378.4039516702264336 724.35820315148146165 2000
0 2631.878312486226605 1302.9100556862508711 2000
# Layered model 58963: value=0.483433
5
2.0500000000000193623 277.73801706328180217 169.44658106775753481 2000
12.735772296981860308 1420.1709698097861292 472.20905425307677206 2000
20.91157008538753459 1463.2035703659926185 336.67246711546039251 2000
121.46937015628074619 1537.8416577968605452 717.18633975394197932 2000
0 2335.6583694080618443 1329.0985478055445128 2000
# Layered model 59477: value=0.483442
5
2.0500000000000193623 277.73801706328180217 169.44658106775753481 2000
13.878833905111012115 1311.5040636757717039 476.93114479560750851 2000
18.439713936649855697 1311.5040636757717039 320.33230042227205558 2000
121.24205863215016166 1477.8356060696526129 717.18633975394197932 2000
0 2849.9470790728269094 1302.9100556862508711 2000
# Layered model 58543: value=0.483556
5
2.0500000000000193623 277.73801706328180217 169.44658106775753481 2000
14.117839073339919054 1285.6622524024817267 472.20905425307677206 2000
19.212295801119491756 1364.7563877923034852 330.03868945736735441 2000
117.16432789773060108 1406.1098710987980667 717.18633975394197932 2000
0 2631.878312486226605 1315.9391562431133025 2000
