# 60020 2_reports/tar1_lr20_tr2.report
# Layered model 51536: value=0.351303
8
1.5750532137959154522 374.34888504545665455 183.48636655497335823 2000
1.3289824360681834481 525.05313096299641984 192.84601530560954075 2000
5.0979183441964686097 805.41984334671917622 458.3214558202668627 2000
12.721010263932193141 944.41810850615354411 506.27202064974062523 2000
13.799308752799962718 1175.5321978935758125 292.89257926646723718 2000
75.971820233077323792 1324.6191043125295437 717.18633975394197932 2000
83.495834593189442785 2222.2987964632989133 919.74270848975561421 2000
0 2878.446549863554992 1355.8134286164361129 2000
# Layered model 56489: value=0.419261
8
1.3666700000000000514 335.53778429258915139 150.37523709241045822 2000
2.3575582320563852612 863.51908734050743988 235.30878711955796234 2000
3.7680831172679174479 944.41810850615354411 501.25942638588190903 2000
7.6650639422774391463 1337.86529535565478 605.57599951097461144 2000
16.914110372981713937 1129.6633364824106138 304.78519248392871077 2000
89.955561445955311228 1616.287037806945591 696.09399559346434216 2000
52.382124089118150323 1857.8802711493058268 840.95738642646472272 2000
0 2793.7918626338855574 1239.6742120232661364 2000
# Layered model 33934: value=0.459842
8
1.6073103496072904672 291.90544722835448965 174.58098192069164156 2000
1.4753820107871209455 673.34493423092078501 244.86326746484840555 2000
6.1202996825309980977 1223.2635190121686719 440.43791049802592852 2000
6.5684711869323120226 1324.6191043125295437 599.58019753561836751 2000
16.877686793816359057 1064.193963574624604 298.77972010972325734 2000
81.833060099263633447 1187.2875198725116661 724.35820315148146165 2000
24.741479009161423619 2312.5330390178828566 800.14209792423037015 2000
0 2382.6051026331638241 1252.0709541434987386 2000
# Layered model 56464: value=0.508288
8
2.0252150917739397684 322.44521553649320822 174.58098192069164156 2000
0.9078609145888001386 504.56573866460144018 267.80334944767633942 2000
6.8959227500538666789 1032.8961765296010071 458.3214558202668627 2000
6.5001661061209716763 1074.8359032103708159 559.23927548634185314 2000
20.583243910943874511 1085.5842622424745514 336.67246711546039251 2000
61.729722106456300423 1223.2635190121686719 724.35820315148146165 2000
47.730188774510253324 1406.1098710987980667 731.60178518299630923 2000
0 2289.6366722949333052 1383.0652785316265181 2000
# Layered model 55749: value=0.511767
8
1.8374245177707866361 342.28209375687021065 166.10781400623224613 2000
1.8134217052038090756 982.76527082811844593 265.15183113631320566 2000
2.6528126559914149141 1378.4039516702264336 481.70045624356362168 2000
10.435898247207269662 1392.1879911869286843 532.096981787312302 2000
15.619471705747770329 1022.6694817124763404 298.77972010972325734 2000
58.236128323414689589 1420.1709698097861292 689.20197583511321682 2000
80.569713629677423228 2031.9362909668232078 800.14209792423037015 2000
0 2936.303325515812503 1191.302551316581912 2000
# Layered model 44174: value=0.524945
8
1.9605771605258315304 409.41986242002684548 189.04618694795561851 2000
1.1529421234725241163 789.54989054673001192 217.30371700757382314 2000
4.256536213287006376 821.60878219798814825 414.91243500998399441 2000
11.025289017271509451 935.06743416450854056 481.70045624356362168 2000
17.783149562468533844 1351.2439483092114187 346.87397954152595503 2000
85.84855303351336886 1392.1879911869286843 682.37819389615174259 2000
37.749906664101530396 2312.5330390178828566 1122.2608922139659171 2000
0 2335.6583694080618443 1215.2477325980453315 2000
# Layered model 56292: value=0.527408
8
2.0170202253970175299 359.7419205077410993 181.66966985640925714 2000
0.80160816559173131424 557.35447865336664108 223.88823693662030223 2000
4.4311661651284168784 736.42743800497760276 436.07713910695628101 2000
14.527897777595374151 898.58142499807229342 511.33474085623817018 2000
14.562622520347570543 1163.8932652411642721 310.91137485285565845 2000
71.827908514041766352 1406.1098710987980667 776.61003718741471857 2000
54.637181484170241674 2156.9413175987397153 800.14209792423037015 2000
0 2631.878312486226605 1277.2375803217830708 2000
# Layered model 36278: value=0.529746
8
1.3666700000000000514 283.32055120625375366 158.04588547029371171 2000
1.9056700586624280014 443.343043438852078 247.31190013949688478 2000
5.9306519842629814576 1260.3296269017564555 516.44808826480050357 2000
5.2920681010653307652 1285.6622524024817267 532.096981787312302 2000
20.336729046658241771 1085.5842622424745514 343.43958370448115147 2000
65.931378289053100161 1223.2635190121686719 724.35820315148146165 2000
44.695876267961253347 2244.5217844279318342 824.38720363343270492 2000
0 2382.6051026331638241 1203.2155768297477607 2000
# Layered model 58183: value=0.536039
8
2.0417048435295153119 335.53778429258915139 190.93664881743518436 2000
0.64012335661049890589 385.69203061121908149 194.77447545866564838 2000
4.688227297145347805 829.82487001996798881 481.70045624356362168 2000
11.301303095673047139 889.68457920601224487 542.79213112123727569 2000
18.488982100201251768 1324.6191043125295437 317.16069348739807765 2000
86.609741449988291606 1337.86529535565478 776.61003718741471857 2000
76.386703374870918992 2266.9670022722111753 901.62014360332864271 2000
0 2312.5330390178828566 1315.9391562431133025 2000
# Layered model 59609: value=0.54422
8
1.9134562072253982201 397.37888483076966395 185.32123022052309125 2000
1.2626448143813244762 653.5419593215194709 219.47675417764958183 2000
3.5563458818827493602 766.32934506200615488 423.25217495368474374 2000
15.927549782256392064 1022.6694817124763404 501.25942638588190903 2000
11.025215031523405429 1364.7563877923034852 273.1861967715746573 2000
81.611731577486381184 1420.1709698097861292 717.18633975394197932 2000
31.99438634020957295 2093.5059925194091193 746.30698106517456836 2000
0 2312.5330390178828566 1144.8183361474666526 2000
# Layered model 52225: value=0.545354
8
1.6008065004138014586 325.66966769185813746 174.58098192069164156 2000
1.107839981727612777 349.16196384138328312 198.68944241538483197 2000
7.5330505886833361018 838.12311872016766756 501.25942638588190903 2000
8.5225834919938865397 982.76527082811844593 559.23927548634185314 2000
13.667035977893821297 925.80934075693903651 292.89257926646723718 2000
92.219597580542526316 1311.5040636757717039 717.18633975394197932 2000
22.64041551371023786 2359.0149531021424991 746.30698106517456836 2000
0 2711.6268572328722257 1329.0985478055445128 2000
# Layered model 56173: value=0.546246
8
1.5878776474093179161 356.18011931459511743 150.37523709241045822 2000
2.0629685755652777956 666.67815270388200588 257.35375500588003206 2000
3.9657489812121360373 805.41984334671917622 462.90467037846951825 2000
10.23890157993693073 863.51908734050743988 526.82869483892307017 2000
14.575819756588796139 872.15427821391256202 301.76751731082049446 2000
54.389976861434917055 1211.1519990219492229 717.18633975394197932 2000
105.95825307543969984 1857.8802711493058268 928.94013557465291342 2000
0 2406.4311536594955214 1290.0099561250008264 2000
# Layered model 56386: value=0.546715
8
2.0417048435295153119 306.79555871593584015 185.32123022052309125 2000
0.48469863418275060951 405.36620041586814978 204.70993121001342274 2000
3.7256138667048044333 821.60878219798814825 496.29646176819989023 2000
10.48753978175621171 863.51908734050743988 526.82869483892307017 2000
17.096323303924705783 1187.2875198725116661 320.33230042227205558 2000
94.401495296148951297 1351.2439483092114187 731.60178518299630923 2000
70.670550921292743851 2266.9670022722111753 919.74270848975561421 2000
0 2312.5330390178828566 1315.9391562431133025 2000
# Layered model 53458: value=0.552883
8
1.7220076447283114707 443.343043438852078 161.22260776824660411 2000
1.4540933768784112257 470.61757423911592468 244.86326746484840555 2000
4.9585908743435389567 781.73256489775235423 419.06155936008383378 2000
8.4394849252942307771 889.68457920601224487 516.44808826480050357 2000
19.123165561124920941 1260.3296269017564555 350.34271933694122936 2000
54.897814772966327723 1492.6139621303491367 682.37819389615174259 2000
88.235604928241727407 2266.9670022722111753 824.38720363343270492 2000
0 2430.4954651960906631 1302.9100556862508711 2000
# Layered model 51886: value=0.570663
8
1.8078645926751237827 289.01529428549946488 176.32679173989856736 2000
1.0961710571889751176 660.07737891473470881 249.78501914089181923 2000
4.40564206002850689 854.96939340644303229 444.84228960300612243 2000
8.4617855199651152986 889.68457920601224487 501.25942638588190903 2000
20.650033235405963694 1140.9599698472347882 340.03919178661499245 2000
88.229417655991298375 1351.2439483092114187 784.37613755928884984 2000
51.955215443943799869 2222.2987964632989133 800.14209792423037015 2000
0 2406.4311536594955214 1453.6155076810953233 2000
# Layered model 60005: value=0.574088
8
1.9765406158674583281 352.65358347979713471 189.04618694795561851 2000
1.1369786681308973186 426.04395060792825234 228.38839049904632361 2000
4.8884347100622118631 813.47404178018632592 476.93114479560750851 2000
9.9424044508658333541 872.15427821391256202 526.82869483892307017 2000
16.655034804275949512 1211.1519990219492229 320.33230042227205558 2000
90.938621448840564199 1568.7522751185776997 724.35820315148146165 2000
87.546843652440784922 2244.5217844279318342 910.63634503936191322 2000
0 2289.6366722949333052 1302.9100556862508711 2000
# Layered model 56710: value=0.577323
8
1.4582705096515389265 393.44444042650462734 169.44658106775753481 2000
1.6863839671868001702 484.87775735613541883 221.671521719426039 2000
4.6622427567163970963 766.32934506200615488 440.43791049802592852 2000
10.864461359403673413 813.47404178018632592 486.51746080599923516 2000
15.697189248802477124 953.86228959121501703 326.77097966075973545 2000
93.868827884486051971 1351.2439483092114187 731.60178518299630923 2000
60.956150828935363961 2529.1833273698675839 1067.7927314845246656 2000
0 2878.446549863554992 1482.8331793854854368 2000
# Layered model 58042: value=0.578953
8
2.033443252727728634 297.77274671764445202 178.09005965729755872 2000
1.2716202065213235706 854.96939340644303229 284.27865183714970954 2000
3.6525941617074315637 953.86228959121501703 449.29071249903614671 2000
10.546771271103230205 992.59292353639978046 516.44808826480050357 2000
18.272658747936787904 1074.8359032103708159 343.43958370448115147 2000
78.705122482941220596 1298.518874926506669 724.35820315148146165 2000
68.88223824533704942 2266.9670022722111753 816.22495409250768716 2000
0 2711.6268572328722257 1482.8331793854854368 2000
# Layered model 57909: value=0.585977
8
1.4641952553816659499 385.69203061121908149 162.83483384592906873 2000
1.5879753984741868944 714.7692159912274974 210.91284683560803614 2000
5.9264879554874099199 846.50434990736948748 410.80439109899407413 2000
8.0966261815603672858 1096.4401048648992401 537.41795160518540797 2000
16.836182526672850202 944.41810850615354411 330.03868945736735441 2000
69.018344011220520429 1632.4499081850153743 753.77005087582631404 2000
75.900950754780467378 2135.5854629690493312 776.61003718741471857 2000
0 2312.5330390178828566 1302.9100556862508711 2000
# Layered model 43203: value=0.586674
8
2.0088585188731933329 342.28209375687021065 179.87096025387054965 2000
0.67296968126682088496 551.83611747858083163 189.04618694795561851 2000
4.1062285761652974614 821.60878219798814825 449.29071249903614671 2000
10.543435175669724657 846.50434990736948748 462.90467037846951825 2000
16.884015247742905075 1337.86529535565478 350.34271933694122936 2000
82.728338286594208739 1392.1879911869286843 696.09399559346434216 2000
67.571870816503121659 2312.5330390178828566 901.62014360332864271 2000
0 2335.6583694080618443 1424.9735395364134547 2000
# Layered model 51407: value=0.589108
8
1.9765406158674583281 421.82569367121607229 185.32123022052309125 2000
1.3615734779740842342 686.87916740896230294 226.12711930598649701 2000
6.4908846625750635795 1235.4961542022904268 423.25217495368474374 2000
6.8276629655047251788 1247.851115744313347 581.94663262058213604 2000
15.992488301752750601 729.13607723265113236 307.83304440876798935 2000
74.754714488102308678 1235.4961542022904268 724.35820315148146165 2000
115.22433853317139096 2312.5330390178828566 1005.9090549340709231 2000
0 2382.6051026331638241 1277.2375803217830708 2000
# Layered model 44250: value=0.590163
8
1.8374245177707866361 465.95799429615436793 181.66966985640925714 2000
1.1249822486555807188 540.96276588430623633 202.68310020793407489 2000
7.5351809857987728236 1129.6633364824106138 440.43791049802592852 2000
10.122755003507020177 1260.3296269017564555 453.78361962402658492 2000
15.638971436690894734 758.74192580396641006 343.43958370448115147 2000
87.510767950724897446 1434.3726795078839586 776.61003718741471857 2000
46.326822014398359784 2135.5854629690493312 976.32541843021692785 2000
0 2406.4311536594955214 1100.1479190412371736 2000
# Layered model 57073: value=0.592233
8
1.4290044566512294377 332.21562801246449226 156.48107472306307386 2000
1.8760590025978227668 551.83611747858083163 240.0384937406610959 2000
4.6968905348115157494 1152.3695695457072361 440.43791049802592852 2000
6.2788292590922818448 1235.4961542022904268 611.63175950608433595 2000
20.628817612462519548 1085.5842622424745514 336.67246711546039251 2000
76.370843401344245649 1247.851115744313347 724.35820315148146165 2000
27.943244865139533317 2156.9413175987397153 808.1435189034727955 2000
0 2454.8004198480516607 1264.591663684933792 2000
# Layered model 55271: value=0.596131
8
1.7572744115763709871 322.44521553649320822 185.32123022052309125 2000
1.1180084100712517348 504.56573866460144018 190.93664881743518436 2000
5.8845107375683554096 805.41984334671917622 481.70045624356362168 2000
10.380822413567017293 880.87582099605185704 516.44808826480050357 2000
17.362243457478918174 1285.6622524024817267 343.43958370448115147 2000
77.170374743229018577 1311.5040636757717039 703.05493554939903333 2000
44.116114096854573745 2072.7782104152565807 832.63107566976702856 2000
0 2793.7918626338855574 1264.591663684933792 2000
# Layered model 49941: value=0.597404
8
1.3833955274083828968 579.98530547815289538 164.46318218438835856 2000
1.4634191474902533692 1053.6573896778461403 190.93664881743518436 2000
7.2277634197731384091 1211.1519990219492229 431.75954367025371994 2000
5.5410692209137089037 1492.6139621303491367 623.92555787215667351 2000
17.621571827197314519 1032.8961765296010071 310.91137485285565845 2000
59.964545874407498616 1235.4961542022904268 717.18633975394197932 2000
122.56723292815158288 1767.7093296800874214 910.63634503936191322 2000
0 2504.1419082869974773 1227.4002099240258303 2000
# Layered model 56654: value=0.600683
8
1.6535832146378517393 335.53778429258915139 181.66966985640925714 2000
1.1650451763508971048 374.34888504545665455 210.91284683560803614 2000
3.4850304879772617817 854.96939340644303229 472.20905425307677206 2000
8.3360357462679601781 907.56723924805316983 496.29646176819989023 2000
18.59752451754882685 1152.3695695457072361 336.67246711546039251 2000
82.059724151972858408 1285.6622524024817267 703.05493554939903333 2000
39.557260885983268395 2382.6051026331638241 840.95738642646472272 2000
0 2965.6663587709708736 1302.9100556862508711 2000
# Layered model 48253: value=0.603913
8
1.640228112502017277 312.96214944612614772 179.87096025387054965 2000
1.322178653924350078 480.0769874813221918 221.671521719426039 2000
5.9426958784079797482 1337.86529535565478 427.48469670322151615 2000
7.6690741764101453271 1351.2439483092114187 506.27202064974062523 2000
20.091954221827435845 1096.4401048648992401 357.3846079956137487 2000
81.948140995035970491 1187.2875198725116661 724.35820315148146165 2000
45.213319196771251995 2135.5854629690493312 892.69321148844414893 2000
0 2711.6268572328722257 1410.8648906301123134 2000
# Layered model 53689: value=0.604761
8
1.620397427995579509 316.09177094058742341 190.93664881743518436 2000
1.1426928484368770178 494.62380027899376955 202.68310020793407489 2000
3.9693566270570155297 813.47404178018632592 476.93114479560750851 2000
10.427816658015970575 872.15427821391256202 532.096981787312302 2000
16.225620492998306332 982.76527082811844593 320.33230042227205558 2000
78.686507443572097031 1199.160395071236735 717.18633975394197932 2000
48.70773429380226105 2711.6268572328722257 986.08867261451916875 2000
0 2766.1305570632530362 1342.3895332836000307 2000
# Layered model 26512: value=0.606722
8
1.8980022507182634506 306.79555871593584015 164.46318218438835856 2000
1.2780987708884592458 821.60878219798814825 262.52656548149820992 2000
5.4407545341900913627 1140.9599698472347882 427.48469670322151615 2000
6.1689167411850647227 1285.6622524024817267 642.83112620124086334 2000
18.97468972485749461 1022.6694817124763404 323.53562342649479433 2000
70.639599315412127112 1420.1709698097861292 724.35820315148146165 2000
70.009109862405423996 1895.2236645994071296 784.37613755928884984 2000
0 2580.0199122500016529 1315.9391562431133025 2000
# Layered model 41372: value=0.60746
8
1.9605771605258315304 316.09177094058742341 172.8524573472194561 2000
0.61660702708845072095 366.97273310994671647 206.75703052211355271 2000
5.6924474912426301643 925.80934075693903651 511.33474085623817018 2000
9.3219117102990072254 935.06743416450854056 532.096981787312302 2000
18.105798993213493731 1085.5842622424745514 310.91137485285565845 2000
70.947564530891327195 1285.6622524024817267 731.60178518299630923 2000
53.132046861379564007 2312.5330390178828566 761.30775138458454876 2000
0 2605.8201113725017422 1369.3715629026005445 2000
# Layered model 56396: value=0.616402
8
1.778780218636503152 413.51406104422710541 172.8524573472194561 2000
1.4935598400259249008 1032.8961765296010071 232.97899714807718397 2000
8.0319235514966287326 1107.4045059135482916 458.3214558202668627 2000
5.5186014667992555616 1260.3296269017564555 649.2594374632533345 2000
16.71234884429412304 1477.8356060696526129 301.76751731082049446 2000
81.761729373503214902 1767.7093296800874214 689.20197583511321682 2000
71.543039236246428914 2312.5330390178828566 832.63107566976702856 2000
0 2936.303325515812503 1396.8959313169427787 2000
# Layered model 39428: value=0.617212
8
1.6603014881169446681 325.66966769185813746 185.32123022052309125 2000
1.5157995334897780282 525.05313096299641984 221.671521719426039 2000
3.6680249639189970168 854.96939340644303229 501.25942638588190903 2000
13.370787542870255393 863.51908734050743988 511.33474085623817018 2000
13.696553789180505589 1074.8359032103708159 307.83304440876798935 2000
76.582625926293573571 1223.2635190121686719 746.30698106517456836 2000
75.180119318653936489 2359.0149531021424991 866.43923619257304836 2000
0 2580.0199122500016529 1315.9391562431133025 2000
# Layered model 41572: value=0.618301
8
1.6535832146378517393 465.95799429615436793 178.09005965729755872 2000
1.2504524352262471609 480.0769874813221918 196.72222021325231367 2000
7.2537582524551993401 797.44538945219721882 444.84228960300612243 2000
5.3035768995420564664 982.76527082811844593 511.33474085623817018 2000
22.792729189739873163 653.5419593215194709 383.16467253100307744 2000
89.077100419971884548 1600.2841958484607403 883.85466484004371068 2000
15.42206340090550043 1821.2726900787238264 947.61183229970356479 2000
0 1952.6508368604338557 1057.2205262223017144 2000
# Layered model 54153: value=0.618667
8
1.9926340492133050031 345.70491469443891219 190.93664881743518436 2000
0.8826487724343177188 653.5419593215194709 230.67227440403681271 2000
4.1398449080143606693 693.74795908305191006 398.72269472609860941 2000
10.060157061241646659 916.6429116405337254 548.22005243244962003 2000
15.356031749808828124 889.68457920601224487 317.16069348739807765 2000
74.213590372548281948 1199.160395071236735 703.05493554939903333 2000
54.13521887861736559 2849.9470790728269094 1026.1278269382457893 2000
0 2995.323022358680646 1215.2477325980453315 2000
# Layered model 22771: value=0.621793
8
1.9605771605258315304 494.62380027899376955 174.58098192069164156 2000
1.0613739819057057545 530.30366227262641132 219.47675417764958183 2000
5.0460988268764941367 1140.9599698472347882 453.78361962402658492 2000
7.3167550922981288153 1285.6622524024817267 481.70045624356362168 2000
17.337280780428152127 854.96939340644303229 353.8461465303106479 2000
54.717086859254003173 1235.4961542022904268 655.75203183788585193 2000
98.235039861235676995 1972.1773452290383375 919.74270848975561421 2000
0 2711.6268572328722257 1203.2155768297477607 2000
# Layered model 36767: value=0.628757
8
1.6138406230152744225 294.82450170063805217 161.22260776824660411 2000
1.2901950268488244777 551.83611747858083163 232.97899714807718397 2000
4.7754724738994696054 1211.1519990219492229 406.73702089009316296 2000
8.0919551060941525833 1463.2035703659926185 642.83112620124086334 2000
16.58756560206332864 1129.6633364824106138 289.99265273907644769 2000
96.790971168078613118 1211.1519990219492229 731.60178518299630923 2000
28.639348270345834635 1876.459073860799208 986.08867261451916875 2000
0 2430.4954651960906631 1342.3895332836000307 2000
# Layered model 57211: value=0.630454
8
2.0252150917739397684 300.75047418482091643 167.7688921462945757 2000
0.65661310836607444941 574.24287671104241326 252.28286933230072009 2000
8.346881083995894457 982.76527082811844593 467.53371708225427028 2000
6.6503821458582681458 1199.160395071236735 481.70045624356362168 2000
15.856122491258258123 1152.3695695457072361 314.0204886013842156 2000
75.402808000004270639 1463.2035703659926185 682.37819389615174259 2000
41.145103247549968728 1522.6155027691690975 792.21989893488171219 2000
0 2359.0149531021424991 1302.9100556862508711 2000
# Layered model 59349: value=0.631459
8
2.0417048435295153119 309.86351430309520083 185.32123022052309125 2000
0.56125118596090972645 363.33933971281851427 196.72222021325231367 2000
4.1851007468148866408 880.87582099605185704 501.25942638588190903 2000
12.931261554464615671 898.58142499807229342 526.82869483892307017 2000
13.222554022853923783 1211.1519990219492229 301.76751731082049446 2000
87.36668661861409646 1584.4397978697634244 689.20197583511321682 2000
50.856311812775217618 1876.459073860799208 875.10362855449875497 2000
0 2244.5217844279318342 1342.3895332836000307 2000
# Layered model 58148: value=0.633852
8
1.6943045110757335436 325.66966769185813746 162.83483384592906873 2000
2.2590388026892567197 863.51908734050743988 259.92729255593883408 2000
2.9473150114949504541 925.80934075693903651 444.84228960300612243 2000
7.6665395549922665808 992.59292353639978046 553.70225295677414579 2000
18.081952143421872847 821.60878219798814825 340.03919178661499245 2000
94.682050387899039379 1568.7522751185776997 731.60178518299630923 2000
29.473636508110161003 2821.7297812602246267 738.91780303482630643 2000
0 2995.323022358680646 1227.4002099240258303 2000
# Layered model 59570: value=0.633969
8
1.9765406158674583281 328.92636436877671713 176.32679173989856736 2000
0.73210586627395590753 743.79171238502738106 189.04618694795561851 2000
6.1964561626929324234 797.44538945219721882 481.70045624356362168 2000
9.6737941340611115493 813.47404178018632592 496.29646176819989023 2000
16.020496470306891723 1199.160395071236735 310.91137485285565845 2000
89.170688893945595055 1364.7563877923034852 768.9208288984302726 2000
42.121175781930745075 2430.4954651960906631 792.21989893488171219 2000
0 2605.8201113725017422 1468.1516627579062515 2000
# Layered model 47100: value=0.634304
8
1.4941820169675747998 352.65358347979713471 172.8524573472194561 2000
1.8439320768739677625 686.87916740896230294 223.88823693662030223 2000
8.5380845120005197657 1152.3695695457072361 419.06155936008383378 2000
5.8028928241521136044 1406.1098710987980667 521.6125691474485393 2000
15.042994412040133767 829.82487001996798881 320.33230042227205558 2000
95.515289884212620564 1337.86529535565478 689.20197583511321682 2000
6.6968126803397467484 2382.6051026331638241 832.63107566976702856 2000
0 2554.4751606435661415 1239.6742120232661364 2000
# Layered model 52549: value=0.634575
8
2.0252150917739397684 366.97273310994671647 167.7688921462945757 2000
0.52645242071544862128 456.77678099809264722 202.68310020793407489 2000
5.0025301743293315582 751.22962950887767875 453.78361962402658492 2000
9.1024640351026100404 880.87582099605185704 526.82869483892307017 2000
17.788662947440698758 1107.4045059135482916 350.34271933694122936 2000
69.95473666788947753 1434.3726795078839586 682.37819389615174259 2000
73.314903532833440636 2200.2958380824743472 824.38720363343270492 2000
0 2359.0149531021424991 1396.8959313169427787 2000
# Layered model 43010: value=0.636386
8
1.6943045110757335436 289.01529428549946488 176.32679173989856736 2000
1.014341971065680692 863.51908734050743988 202.68310020793407489 2000
5.2277530154627882553 953.86228959121501703 423.25217495368474374 2000
8.8031576285690782413 1043.2251382948970786 496.29646176819989023 2000
22.640495340267058566 1211.1519990219492229 360.95845407556987539 2000
80.928506505797599857 1406.1098710987980667 710.08548490489306459 2000
21.554009681739429993 2011.8181098681418462 816.22495409250768716 2000
0 2580.0199122500016529 1252.0709541434987386 2000
# Layered model 40760: value=0.63877
8
2.0252150917739397684 291.90544722835448965 178.09005965729755872 2000
0.35477126673455749994 551.83611747858083163 244.86326746484840555 2000
4.0282387869523423873 813.47404178018632592 467.53371708225427028 2000
11.715185538583074987 846.50434990736948748 491.38263541405922297 2000
18.216904170016196218 1285.6622524024817267 330.03868945736735441 2000
89.197699843982803714 1324.6191043125295437 776.61003718741471857 2000
47.782947376043253485 2266.9670022722111753 800.14209792423037015 2000
0 2382.6051026331638241 1424.9735395364134547 2000
# Layered model 58725: value=0.639406
8
1.8674677695354939821 306.79555871593584015 176.32679173989856736 2000
1.5717945194635412065 530.30366227262641132 259.92729255593883408 2000
3.1833278567934599756 854.96939340644303229 501.25942638588190903 2000
13.1948655483874564 889.68457920601224487 532.096981787312302 2000
12.831694329494130358 992.59292353639978046 267.80334944767633942 2000
74.754714488102308678 1272.9329231707740746 776.61003718741471857 2000
84.172852663559439179 2031.9362909668232078 849.36696029072936653 2000
0 2504.1419082869974773 1369.3715629026005445 2000
# Layered model 57294: value=0.640458
8
1.640228112502017277 352.65358347979713471 172.8524573472194561 2000
1.6978859813395252853 640.66460084454411117 242.43887867806770942 2000
3.7933818800036380736 1211.1519990219492229 410.80439109899407413 2000
8.2533090877609787128 1492.6139621303491367 587.76609894678790624 2000
19.060519607755871618 1434.3726795078839586 320.33230042227205558 2000
67.757144465772967123 1448.7164063029629233 710.08548490489306459 2000
72.206702064521934403 1477.8356060696526129 875.10362855449875497 2000
0 2631.878312486226605 1369.3715629026005445 2000
# Layered model 49124: value=0.641776
8
1.7430818514200134839 332.21562801246449226 167.7688921462945757 2000
1.1609537984440854164 438.95350835529916367 228.38839049904632361 2000
4.2274603239810817357 821.60878219798814825 481.70045624356362168 2000
13.083417554550795359 880.87582099605185704 496.29646176819989023 2000
14.929166869859109568 781.73256489775235423 343.43958370448115147 2000
90.3939342997878299 1406.1098710987980667 731.60178518299630923 2000
45.626856086970249748 2312.5330390178828566 857.86062989363665565 2000
0 2529.1833273698675839 1453.6155076810953233 2000
# Layered model 56401: value=0.642716
8
1.829989530513397078 280.51539723391459802 171.14104687843510533 2000
0.64663381789584306603 579.98530547815289538 215.15219505700380864 2000
3.6733766515907602113 758.74192580396641006 449.29071249903614671 2000
12.428896778895458297 935.06743416450854056 516.44808826480050357 2000
18.998369967790868174 1272.9329231707740746 326.77097966075973545 2000
78.540207914563495706 1285.6622524024817267 761.30775138458454876 2000
44.662651130628276519 2289.6366722949333052 768.9208288984302726 2000
0 2504.1419082869974773 1383.0652785316265181 2000
# Layered model 58305: value=0.644992
8
1.5002526660456916296 374.34888504545665455 151.87898946333456252 2000
2.0786574633284833347 707.69229306062129581 237.66187499075354594 2000
2.8822468238562350962 854.96939340644303229 410.80439109899407413 2000
8.9236481083757510646 944.41810850615354411 532.096981787312302 2000
16.830131370160998472 838.12311872016766756 317.16069348739807765 2000
57.104383057695088155 1933.3176602578553229 703.05493554939903333 2000
59.827376561084875561 2244.5217844279318342 800.14209792423037015 2000
0 2849.9470790728269094 1036.3891052076282904 2000
# Layered model 57022: value=0.64796
8
1.7080999152772291527 385.69203061121908149 169.44658106775753481 2000
0.94717553040595325875 421.82569367121607229 190.93664881743518436 2000
4.5351265380833911678 846.50434990736948748 444.84228960300612243 2000
8.1182164962408869258 1085.5842622424745514 542.79213112123727569 2000
21.439422023855655652 1298.518874926506669 360.95845407556987539 2000
64.732226121243314765 1839.4854169795112284 717.18633975394197932 2000
85.359715905895640731 2072.7782104152565807 761.30775138458454876 2000
0 2222.2987964632989133 1355.8134286164361129 2000
# Layered model 58398: value=0.648546
8
1.9926340492133050031 303.75797892666912503 174.58098192069164156 2000
0.99939678487732597212 666.67815270388200588 247.31190013949688478 2000
4.9443686635135719598 805.41984334671917622 467.53371708225427028 2000
11.395205200606543627 838.12311872016766756 476.93114479560750851 2000
17.911749484030103474 1298.518874926506669 330.03868945736735441 2000
86.526727960907095394 1351.2439483092114187 761.30775138458454876 2000
40.057509091731205331 2359.0149531021424991 816.22495409250768716 2000
0 2454.8004198480516607 1439.223274931777496 2000
# Layered model 50739: value=0.64934
8
2.033443252727728634 417.64920165466935487 158.04588547029371171 2000
0.84183956891989408788 773.9926385126260584 304.78519248392871077 2000
4.8676578811132422686 1032.8961765296010071 379.37096290198320503 2000
7.9504211884395949994 1187.2875198725116661 537.41795160518540797 2000
17.028723950833850154 854.96939340644303229 330.03868945736735441 2000
95.515289884212620564 1406.1098710987980667 717.18633975394197932 2000
32.542750065631167899 1507.5401017516526281 761.30775138458454876 2000
0 2936.303325515812503 1497.661511179340323 2000
# Layered model 48805: value=0.65331
8
1.9605771605258315304 277.73801706328180217 167.7688921462945757 2000
0.2814776484771086551 700.68543867388245872 273.1861967715746573 2000
4.5460019673023719378 838.12311872016766756 444.84228960300612243 2000
9.8686049456160205295 863.51908734050743988 526.82869483892307017 2000
19.441192383517702069 1085.5842622424745514 330.03868945736735441 2000
75.182590161520579386 1285.6622524024817267 761.30775138458454876 2000
87.627482380580076438 2178.5107307747271079 938.22953693039960399 2000
0 2529.1833273698675839 1482.8331793854854368 2000
# Layered model 40216: value=0.653539
8
1.8152096894560079132 484.87775735613541883 171.14104687843510533 2000
1.0034187015327409309 525.05313096299641984 200.67633683953869195 2000
5.0527536529874836901 1002.5188527717638181 423.25217495368474374 2000
9.7201613451796866627 1043.2251382948970786 537.41795160518540797 2000
15.943670532096515302 1053.6573896778461403 317.16069348739807765 2000
90.234868221895510487 1698.7339205814587331 675.62197415460570937 2000
32.056386189058386549 1715.7212597872733113 832.63107566976702856 2000
0 2605.8201113725017422 1342.3895332836000307 2000
# Layered model 59211: value=0.654808
8
1.6943045110757335436 475.32374998150709189 161.22260776824660411 2000
1.4192147729226221031 821.60878219798814825 228.38839049904632361 2000
7.2980689636539750609 925.80934075693903651 423.25217495368474374 2000
4.1556096325998765906 1107.4045059135482916 486.51746080599923516 2000
18.301248762369340284 736.42743800497760276 353.8461465303106479 2000
86.589965126687431507 2052.2556538764915786 703.05493554939903333 2000
10.502466539267373946 2135.5854629690493312 746.30698106517456836 2000
0 2479.3484240465322728 1036.3891052076282904 2000
# Layered model 47051: value=0.657577
8
1.6535832146378517393 494.62380027899376955 162.83483384592906873 2000
1.7856790743611834493 821.60878219798814825 228.38839049904632361 2000
6.1501434057896826602 829.82487001996798881 440.43791049802592852 2000
8.4442566498126350183 1043.2251382948970786 605.57599951097461144 2000
14.834784298020196047 1272.9329231707740746 281.46401171995017876 2000
79.203944855454295748 1616.287037806945591 717.18633975394197932 2000
43.754076834130486873 2529.1833273698675839 784.37613755928884984 2000
0 2995.323022358680646 1290.0099561250008264 2000
# Layered model 55756: value=0.657935
8
2.0252150917739397684 447.77647387324060446 171.14104687843510533 2000
0.45140825663530037559 634.3213869747961553 198.68944241538483197 2000
5.459776149194962791 781.73256489775235423 379.37096290198320503 2000
12.581829944396524468 1272.9329231707740746 542.79213112123727569 2000
14.391371423614639724 1064.193963574624604 284.27865183714970954 2000
87.117446244923399945 1298.518874926506669 717.18633975394197932 2000
69.549670064797055602 1698.7339205814587331 995.94955934066422287 2000
0 2312.5330390178828566 1383.0652785316265181 2000
# Layered model 37143: value=0.65917
8
1.8826731075049070174 289.01529428549946488 176.32679173989856736 2000
1.6962370218692679469 653.5419593215194709 333.33907635194100294 2000
5.399748479969088244 1074.8359032103708159 491.38263541405922297 2000
8.0120682315028979303 1096.4401048648992401 496.29646176819989023 2000
19.187767236179244179 1163.8932652411642721 340.03919178661499245 2000
63.872641559531601274 1199.160395071236735 696.09399559346434216 2000
42.702128175921615139 1665.2621513395340571 840.95738642646472272 2000
0 2266.9670022722111753 1329.0985478055445128 2000
# Layered model 42588: value=0.65925
8
1.8374245177707866361 328.92636436877671713 189.04618694795561851 2000
1.2147461360850662082 889.68457920601224487 232.97899714807718397 2000
7.5321269570793170089 1032.8961765296010071 414.91243500998399441 2000
5.7448672516024075207 1199.160395071236735 655.75203183788585193 2000
17.658058198107564607 773.9926385126260584 336.67246711546039251 2000
82.130251600604680107 1272.9329231707740746 746.30698106517456836 2000
24.859956240370237879 1750.2072571089975099 824.38720363343270492 2000
0 2479.3484240465322728 1264.591663684933792 2000
# Layered model 55012: value=0.659835
8
1.8078645926751237827 316.09177094058742341 185.32123022052309125 2000
1.7710455366990511816 721.91690815113975077 270.48138294215311817 2000
8.5940174787689258551 925.80934075693903651 449.29071249903614671 2000
3.6770256482223437899 1129.6633364824106138 617.74807710114521342 2000
16.87213258566886509 1074.8359032103708159 310.91137485285565845 2000
52.876516637105048346 1568.7522751185776997 710.08548490489306459 2000
70.227865853066973045 2766.1305570632530362 746.30698106517456836 2000
0 2878.446549863554992 1144.8183361474666526 2000
# Layered model 57549: value=0.660288
8
1.5686798904506438213 335.53778429258915139 166.10781400623224613 2000
1.5448393935477118255 714.7692159912274974 215.15219505700380864 2000
4.0768826997682179325 1199.160395071236735 398.72269472609860941 2000
8.2709688180947811276 1364.7563877923034852 587.76609894678790624 2000
18.148758339831985609 1187.2875198725116661 307.83304440876798935 2000
84.165968185802967128 1235.4961542022904268 731.60178518299630923 2000
15.479526497287380948 2222.2987964632989133 746.30698106517456836 2000
0 2504.1419082869974773 1227.4002099240258303 2000
# Layered model 49326: value=0.663724
8
1.6603014881169446681 385.69203061121908149 159.62634432499663717 2000
1.7449086990108129136 729.13607723265113236 228.38839049904632361 2000
6.2634038012741335422 953.86228959121501703 476.93114479560750851 2000
5.6400044916055698252 1002.5188527717638181 576.18478477285361805 2000
16.762867184575995338 1012.5440412994812505 304.78519248392871077 2000
65.873601444113688785 1648.7744072668654098 689.20197583511321682 2000
59.844261161648361735 2965.6663587709708736 703.05493554939903333 2000
0 2995.323022358680646 1191.302551316581912 2000
# Layered model 42170: value=0.664803
8
1.7430818514200134839 409.41986242002684548 190.93664881743518436 2000
1.3090888024358393604 1002.5188527717638181 200.67633683953869195 2000
7.7965775758661326478 1285.6622524024817267 431.75954367025371994 2000
4.7668990858634980867 1392.1879911869286843 581.94663262058213604 2000
19.606942393402214009 863.51908734050743988 353.8461465303106479 2000
30.155873697028923175 1406.1098710987980667 649.2594374632533345 2000
79.17300273139709077 2266.9670022722111753 738.91780303482630643 2000
0 2631.878312486226605 1078.4706587993698577 2000
# Layered model 54094: value=0.665818
8
1.6738200321420535488 289.01529428549946488 174.58098192069164156 2000
1.2885867342843138061 647.07124685298958866 208.82460082733467743 2000
3.4458183790344723008 953.86228959121501703 476.93114479560750851 2000
11.715185538583074987 1002.5188527717638181 491.38263541405922297 2000
14.307905856668543976 1211.1519990219492229 301.76751731082049446 2000
82.865626754043191227 1351.2439483092114187 689.20197583511321682 2000
97.787915055728049651 1972.1773452290383375 1133.4835011361055876 2000
0 2406.4311536594955214 1264.591663684933792 2000
# Layered model 51143: value=0.666778
8
1.829989530513397078 456.77678099809264722 179.87096025387054965 2000
1.2527028298810143347 530.30366227262641132 228.38839049904632361 2000
4.4096189889298909037 953.86228959121501703 379.37096290198320503 2000
10.186780080669873172 1272.9329231707740746 511.33474085623817018 2000
16.38405660652085416 1285.6622524024817267 323.53562342649479433 2000
48.553530604806482529 1351.2439483092114187 696.09399559346434216 2000
47.344199667254841302 2200.2958380824743472 724.35820315148146165 2000
0 2266.9670022722111753 1046.7529962597045596 2000
# Layered model 52098: value=0.667744
8
1.5309778844549053467 286.15375671831628779 159.62634432499663717 2000
1.4909732579766319382 797.44538945219721882 219.47675417764958183 2000
5.8101981312377590783 821.60878219798814825 458.3214558202668627 2000
7.9074078525039848131 944.41810850615354411 511.33474085623817018 2000
19.763302304088632866 925.80934075693903651 333.33907635194100294 2000
92.647140569737757687 1434.3726795078839586 761.30775138458454876 2000
49.680762083577803878 2289.6366722949333052 857.86062989363665565 2000
0 2335.6583694080618443 1369.3715629026005445 2000
# Layered model 45279: value=0.667745
8
1.844889712324226716 316.09177094058742341 181.66966985640925714 2000
1.3950509398167911801 603.53503462164098892 247.31190013949688478 2000
6.8346374425307576672 821.60878219798814825 462.90467037846951825 2000
7.7809186894518873601 1043.2251382948970786 581.94663262058213604 2000
18.24235732131537091 1247.851115744313347 333.33907635194100294 2000
66.831957223357960629 1665.2621513395340571 689.20197583511321682 2000
27.031066979779353687 2936.303325515812503 703.05493554939903333 2000
0 2995.323022358680646 1167.8291847040309221 2000
# Layered model 50777: value=0.667946
8
1.9447426334260016212 356.18011931459511743 174.58098192069164156 2000
0.98833337293673828583 963.40091248712724337 208.82460082733467743 2000
9.041219755457520435 982.76527082811844593 462.90467037846951825 2000
3.3343227181872006071 1463.2035703659926185 642.83112620124086334 2000
19.290774769194889871 1096.4401048648992401 333.33907635194100294 2000
90.051520872052634559 1507.5401017516526281 689.20197583511321682 2000
49.758257078401939566 2114.4410524446034287 808.1435189034727955 2000
0 2907.2310153621906466 1482.8331793854854368 2000
# Layered model 40291: value=0.668005
8
1.9765406158674583281 397.37888483076966395 174.58098192069164156 2000
0.89874220578016439376 854.96939340644303229 223.88823693662030223 2000
3.2747171783523776334 1053.6573896778461403 379.37096290198320503 2000
13.181604698210746207 1235.4961542022904268 501.25942638588190903 2000
14.731543338304284418 1129.6633364824106138 317.16069348739807765 2000
68.139321098619959116 1406.1098710987980667 703.05493554939903333 2000
61.625122099744160664 1933.3176602578553229 724.35820315148146165 2000
0 2995.323022358680646 1290.0099561250008264 2000
# Layered model 46559: value=0.66891
8
1.7860071497411575958 430.30439011400761729 166.10781400623224613 2000
1.2966852106532538169 591.64301011826387366 223.88823693662030223 2000
3.7614336251313083004 743.79171238502738106 406.73702089009316296 2000
12.487478712685026849 1260.3296269017564555 526.82869483892307017 2000
15.036943143550139723 1096.4401048648992401 333.33907635194100294 2000
53.070624859527427475 1223.2635190121686719 682.37819389615174259 2000
91.391589382289154742 1732.8784723851460967 824.38720363343270492 2000
0 2936.303325515812503 1497.661511179340323 2000
# Layered model 53345: value=0.669257
8
1.7080999152772291527 345.70491469443891219 187.17444252272832728 2000
1.8002915457306867264 781.73256489775235423 242.43887867806770942 2000
4.1082037431788158699 889.68457920601224487 449.29071249903614671 2000
8.3122387009242988398 963.40091248712724337 542.79213112123727569 2000
17.531631777809668193 925.80934075693903651 317.16069348739807765 2000
73.943398828855691818 1553.2200743748294371 746.30698106517456836 2000
38.055179235886953393 2965.6663587709708736 761.30775138458454876 2000
0 2995.323022358680646 1179.5074765510712496 2000
# Layered model 47759: value=0.671487
8
1.7011882293921174458 306.79555871593584015 181.66966985640925714 2000
1.4749127922146052505 686.87916740896230294 244.86326746484840555 2000
7.1501922561679442936 880.87582099605185704 423.25217495368474374 2000
11.129464813752154129 1477.8356060696526129 476.93114479560750851 2000
14.241584290842592253 880.87582099605185704 314.0204886013842156 2000
58.835717174619190928 1420.1709698097861292 761.30775138458454876 2000
73.44786019241894337 1803.2402872066572854 800.14209792423037015 2000
0 2965.6663587709708736 1290.0099561250008264 2000
# Layered model 50579: value=0.675517
8
1.8980022507182634506 309.86351430309520083 185.32123022052309125 2000
1.9010829688024553086 1022.6694817124763404 259.92729255593883408 2000
2.4529321248963515956 1096.4401048648992401 431.75954367025371994 2000
9.2093534574442834639 1211.1519990219492229 516.44808826480050357 2000
21.616141434943642707 1364.7563877923034852 350.34271933694122936 2000
65.852299091991994828 1392.1879911869286843 703.05493554939903333 2000
46.216884721750119525 1857.8802711493058268 710.08548490489306459 2000
0 2479.3484240465322728 1277.2375803217830708 2000
# Layered model 50763: value=0.676974
8
1.7715825307144412726 319.25268864999327434 176.32679173989856736 2000
1.7020723811745841481 494.62380027899376955 267.80334944767633942 2000
7.1980687794039459604 1235.4961542022904268 472.20905425307677206 2000
7.095351480903751451 1420.1709698097861292 486.51746080599923516 2000
18.573239681863388029 889.68457920601224487 343.43958370448115147 2000
72.597707067196594721 1235.4961542022904268 731.60178518299630923 2000
29.416994491586535787 1767.7093296800874214 883.85466484004371068 2000
0 2244.5217844279318342 1290.0099561250008264 2000
# Layered model 50496: value=0.676994
8
1.7080999152772291527 854.96939340644303229 171.14104687843510533 2000
1.37459244511718226 880.87582099605185704 202.68310020793407489 2000
5.8959662489488522397 973.03492161199847033 414.91243500998399441 2000
9.0550037352580901029 1448.7164063029629233 481.70045624356362168 2000
16.411662324760676768 597.55944021944651467 357.3846079956137487 2000
48.171353971959483431 1553.2200743748294371 710.08548490489306459 2000
82.239516852780852219 1648.7744072668654098 824.38720363343270492 2000
0 2878.446549863554992 1329.0985478055445128 2000
# Layered model 56451: value=0.677607
8
1.5686798904506438213 289.01529428549946488 169.44658106775753481 2000
1.8028153443293142288 729.13607723265113236 270.48138294215311817 2000
3.9985602625054039727 963.40091248712724337 431.75954367025371994 2000
8.7977835760545755051 982.76527082811844593 496.29646176819989023 2000
22.429235521629326655 1223.2635190121686719 346.87397954152595503 2000
90.552925405030407546 1298.518874926506669 784.37613755928884984 2000
44.170962074086503435 2312.5330390178828566 800.14209792423037015 2000
0 2605.8201113725017422 1329.0985478055445128 2000
# Layered model 46620: value=0.679449
8
2.033443252727728634 345.70491469443891219 166.10781400623224613 2000
0.81337142217090763197 621.82274970571131689 254.80569802562376935 2000
3.5614104705622033897 1364.7563877923034852 379.37096290198320503 2000
9.5206087596501909331 1378.4039516702264336 506.27202064974062523 2000
17.086628187194765616 1096.4401048648992401 314.0204886013842156 2000
53.805831309841579468 1298.518874926506669 682.37819389615174259 2000
80.111525673793806845 1933.3176602578553229 784.37613755928884984 2000
0 2793.7918626338855574 1215.2477325980453315 2000
# Layered model 43539: value=0.680985
8
1.640228112502017277 338.89316213551506962 176.32679173989856736 2000
1.3518027215886136982 461.34454880807362542 235.30878711955796234 2000
6.3636221533730985556 813.47404178018632592 440.43791049802592852 2000
7.2185238337807628994 1351.2439483092114187 605.57599951097461144 2000
16.588958297986145851 660.07737891473470881 310.91137485285565845 2000
94.168065292342475914 1477.8356060696526129 792.21989893488171219 2000
34.458395890988782639 2072.7782104152565807 928.94013557465291342 2000
0 2359.0149531021424991 1144.8183361474666526 2000
# Layered model 57384: value=0.68159
8
1.4582705096515389265 316.09177094058742341 156.48107472306307386 2000
1.7495915221712512455 447.77647387324060446 223.88823693662030223 2000
6.4607519565791005078 963.40091248712724337 521.6125691474485393 2000
4.7546656502125319577 1211.1519990219492229 599.58019753561836751 2000
19.111934282638010529 935.06743416450854056 323.53562342649479433 2000
73.109692992008305623 1175.5321978935758125 717.18633975394197932 2000
40.646422721704482228 1537.8416577968605452 800.14209792423037015 2000
0 2430.4954651960906631 1191.302551316581912 2000
# Layered model 56824: value=0.682853
8
1.5434434469329254558 401.35267367907738389 176.32679173989856736 2000
1.138384753207088762 535.60669889535267885 202.68310020793407489 2000
5.6561104661298582386 821.60878219798814825 390.86628244887617711 2000
10.148954175637685537 973.03492161199847033 486.51746080599923516 2000
14.898991212596190081 1175.5321978935758125 304.78519248392871077 2000
95.764115945495916549 1298.518874926506669 738.91780303482630643 2000
38.830919749407883046 1876.459073860799208 849.36696029072936653 2000
0 2793.7918626338855574 1453.6155076810953233 2000
# Layered model 49553: value=0.68294
8
1.844889712324226716 291.90544722835448965 164.46318218438835856 2000
3.1748072707051608887 766.32934506200615488 368.21371900248880138 2000
2.9822570110311801272 1074.8359032103708159 476.93114479560750851 2000
7.769509235797153579 1085.5842622424745514 548.22005243244962003 2000
20.89466781321420541 805.41984334671917622 343.43958370448115147 2000
75.406260455003916832 1285.6622524024817267 776.61003718741471857 2000
51.755199736803305655 1507.5401017516526281 892.69321148844414893 2000
0 2878.446549863554992 1439.223274931777496 2000
# Layered model 51983: value=0.683393
8
1.4641952553816659499 283.32055120625375366 156.48107472306307386 2000
2.1866509675929295398 805.41984334671917622 267.80334944767633942 2000
5.3278123863686674966 880.87582099605185704 444.84228960300612243 2000
9.8790063691956468972 1406.1098710987980667 521.6125691474485393 2000
14.978215451559076854 829.82487001996798881 304.78519248392871077 2000
74.332342938003890254 1434.3726795078839586 792.21989893488171219 2000
79.84484850869327488 1839.4854169795112284 808.1435189034727955 2000
0 2965.6663587709708736 1290.0099561250008264 2000
# Layered model 58436: value=0.684109
8
2.0170202253970175299 342.28209375687021065 192.84601530560954075 2000
0.9750106086936134453 721.91690815113975077 206.75703052211355271 2000
4.0230968955713528601 872.15427821391256202 506.27202064974062523 2000
10.145135831843457908 1211.1519990219492229 564.83166824120530691 2000
15.855198530800354462 1022.6694817124763404 287.12143835552120663 2000
79.854512671330653006 1952.6508368604338557 710.08548490489306459 2000
38.155458966399308451 2878.446549863554992 784.37613755928884984 2000
0 2907.2310153621906466 1167.8291847040309221 2000
# Layered model 58873: value=0.685064
8
1.778780218636503152 283.32055120625375366 172.8524573472194561 2000
0.92986626350491108361 609.57038496785742154 247.31190013949688478 2000
3.9139436636510809286 789.54989054673001192 462.90467037846951825 2000
11.956306633102963488 797.44538945219721882 481.70045624356362168 2000
18.251236165516356635 1311.5040636757717039 326.77097966075973545 2000
86.065341522946695818 1392.1879911869286843 753.77005087582631404 2000
44.037344608582671412 2244.5217844279318342 824.38720363343270492 2000
0 2406.4311536594955214 1410.8648906301123134 2000
# Layered model 52437: value=0.686083
8
1.6943045110757335436 434.60743401514764628 156.48107472306307386 2000
2.2985722358269065069 447.77647387324060446 270.48138294215311817 2000
3.5613209399160803414 944.41810850615354411 506.27202064974062523 2000
6.5154762778028905146 1285.6622524024817267 532.096981787312302 2000
22.760458979790204381 640.66460084454411117 383.16467253100307744 2000
76.843101229079110226 1568.7522751185776997 808.1435189034727955 2000
75.520292381691376704 1821.2726900787238264 866.43923619257304836 2000
0 2335.6583694080618443 1396.8959313169427787 2000
# Layered model 48569: value=0.68613
8
2.0170202253970175299 397.37888483076966395 169.44658106775753481 2000
0.69162625674439670576 640.66460084454411117 240.0384937406610959 2000
3.6470804893857198259 838.12311872016766756 379.37096290198320503 2000
9.4942262848383123242 1064.193963574624604 548.22005243244962003 2000
17.091919097258404747 789.54989054673001192 333.33907635194100294 2000
91.70904176763113469 1698.7339205814587331 746.30698106517456836 2000
23.565195569787377394 2335.6583694080618443 995.94955934066422287 2000
0 2684.7790665672000614 1057.2205262223017144 2000
# Layered model 56299: value=0.687354
8
1.5814524310477200419 615.66608881753597871 164.46318218438835856 2000
1.0215035984427049964 653.5419593215194709 176.32679173989856736 2000
6.4498661151142346881 789.54989054673001192 410.80439109899407413 2000
11.876919812514751484 1235.4961542022904268 496.29646176819989023 2000
12.680387184573930881 973.03492161199847033 281.46401171995017876 2000
91.040784979561635737 1434.3726795078839586 761.30775138458454876 2000
79.299691584701250235 2114.4410524446034287 995.94955934066422287 2000
0 2312.5330390178828566 1383.0652785316265181 2000
# Layered model 52391: value=0.68742
8
1.7220076447283114707 338.89316213551506962 164.46318218438835856 2000
1.422646832110027626 591.64301011826387366 228.38839049904632361 2000
3.5877924266511329598 898.58142499807229342 444.84228960300612243 2000
8.3498680539155394342 1043.2251382948970786 521.6125691474485393 2000
19.13319224231292992 766.32934506200615488 353.8461465303106479 2000
92.215921285400099805 1681.9147728529294454 724.35820315148146165 2000
55.788935173349926799 2200.2958380824743472 995.94955934066422287 2000
0 2878.446549863554992 1005.9090549340709231 2000
# Layered model 51367: value=0.688542
8
1.6738200321420535488 300.75047418482091643 171.14104687843510533 2000
0.82756954975127916541 700.68543867388245872 215.15219505700380864 2000
6.4037130629410139449 1152.3695695457072361 390.86628244887617711 2000
5.8074495207846066336 1406.1098710987980667 649.2594374632533345 2000
17.574350083033785097 1085.5842622424745514 320.33230042227205558 2000
72.113159088598763446 1507.5401017516526281 703.05493554939903333 2000
62.532757738689682014 1648.7744072668654098 824.38720363343270492 2000
0 2312.5330390178828566 1355.8134286164361129 2000
# Layered model 38448: value=0.691762
8
1.778780218636503152 447.77647387324060446 159.62634432499663717 2000
2.096666613796582368 660.07737891473470881 257.35375500588003206 2000
2.9686791530926344151 1140.9599698472347882 511.33474085623817018 2000
8.6941916022106706663 1175.5321978935758125 655.75203183788585193 2000
17.477144504569405825 813.47404178018632592 307.83304440876798935 2000
55.045987156924383044 1324.6191043125295437 753.77005087582631404 2000
103.51526792610565053 1876.459073860799208 840.95738642646472272 2000
0 2793.7918626338855574 1369.3715629026005445 2000
# Layered model 56448: value=0.692019
8
1.6603014881169446681 509.61139605124753871 166.10781400623224613 2000
1.5475605437058455038 551.83611747858083163 228.38839049904632361 2000
7.2897257204023500066 863.51908734050743988 467.53371708225427028 2000
6.4089998751764660767 1140.9599698472347882 553.70225295677414579 2000
17.770098141194608843 1187.2875198725116661 317.16069348739807765 2000
78.996548404894710416 1211.1519990219492229 689.20197583511321682 2000
38.300424475282909498 1600.2841958484607403 910.63634503936191322 2000
0 2454.8004198480516607 1383.0652785316265181 2000
# Layered model 47280: value=0.692861
8
1.8078645926751237827 335.53778429258915139 161.22260776824660411 2000
0.84741085300805862879 363.33933971281851427 210.91284683560803614 2000
6.8555708544746405408 889.68457920601224487 532.096981787312302 2000
5.8739587614483372846 907.56723924805316983 548.22005243244962003 2000
16.974223770314893045 1199.160395071236735 304.78519248392871077 2000
78.921415435038554165 1260.3296269017564555 703.05493554939903333 2000
20.317496111399449887 2312.5330390178828566 875.10362855449875497 2000
0 2821.7297812602246267 1133.4835011361055876 2000
# Layered model 59388: value=0.693411
8
1.9605771605258315304 325.66966769185813746 187.17444252272832728 2000
0.64237886896459350794 434.60743401514764628 196.72222021325231367 2000
6.5246422396500189933 907.56723924805316983 486.51746080599923516 2000
8.2038936828345914165 963.40091248712724337 542.79213112123727569 2000
16.353719765294233213 1175.5321978935758125 301.76751731082049446 2000
84.090885610227047664 1272.9329231707740746 761.30775138458454876 2000
87.455028101169702381 2114.4410524446034287 892.69321148844414893 2000
0 2335.6583694080618443 1369.3715629026005445 2000
# Layered model 59132: value=0.69406
8
1.778780218636503152 312.96214944612614772 174.58098192069164156 2000
0.90304798150351106578 499.57003828178363847 217.30371700757382314 2000
4.5085737836265593614 805.41984334671917622 440.43791049802592852 2000
10.141089968208461869 846.50434990736948748 486.51746080599923516 2000
18.048642922484393836 1272.9329231707740746 343.43958370448115147 2000
83.234137163648469482 1378.4039516702264336 724.35820315148146165 2000
85.336333667848336404 2289.6366722949333052 866.43923619257304836 2000
0 2406.4311536594955214 1342.3895332836000307 2000
# Layered model 52853: value=0.696862
8
1.6874486471596097381 366.97273310994671647 169.44658106775753481 2000
1.3952437132348016746 452.25423861197299402 217.30371700757382314 2000
5.186939318462501447 1140.9599698472347882 491.38263541405922297 2000
5.7303683211430875843 1434.3726795078839586 655.75203183788585193 2000
21.459171513664209385 1140.9599698472347882 333.33907635194100294 2000
82.316925813832114045 1211.1519990219492229 689.20197583511321682 2000
51.259503676882204104 2406.4311536594955214 1015.9681454834116039 2000
0 2529.1833273698675839 1383.0652785316265181 2000
# Layered model 55161: value=0.697823
8
1.9368733922361829336 291.90544722835448965 171.14104687843510533 2000
0.85384778696059804304 714.7692159912274974 247.31190013949688478 2000
8.0580270505252045155 963.40091248712724337 467.53371708225427028 2000
4.9227150001357351528 1002.5188527717638181 481.70045624356362168 2000
23.084858786676960563 1064.193963574624604 379.37096290198320503 2000
84.913760126613254897 1632.4499081850153743 731.60178518299630923 2000
7.8278582352111101272 1698.7339205814587331 1036.3891052076282904 2000
0 2135.5854629690493312 1067.7927314845246656 2000
# Layered model 51803: value=0.698203
8
1.5814524310477200419 366.97273310994671647 171.14104687843510533 2000
1.3225832188163788583 430.30439011400761729 202.68310020793407489 2000
3.884021126441212779 813.47404178018632592 462.90467037846951825 2000
14.350526147353836137 982.76527082811844593 516.44808826480050357 2000
11.365182811310479138 982.76527082811844593 289.99265273907644769 2000
88.660990665174693959 1247.851115744313347 717.18633975394197932 2000
36.624591870201186339 2289.6366722949333052 768.9208288984302726 2000
0 2878.446549863554992 1329.0985478055445128 2000
# Layered model 41262: value=0.698658
8
1.5309778844549053467 385.69203061121908149 162.83483384592906873 2000
1.5825413995434503001 781.73256489775235423 219.47675417764958183 2000
5.0211726119519060063 838.12311872016766756 427.48469670322151615 2000
5.8653081040497383469 880.87582099605185704 537.41795160518540797 2000
18.941872353623850245 781.73256489775235423 320.33230042227205558 2000
69.98793897517315088 1803.2402872066572854 746.30698106517456836 2000
39.823452483681620606 2382.6051026331638241 776.61003718741471857 2000
0 2580.0199122500016529 1078.4706587993698577 2000
# Layered model 52064: value=0.702848
8
1.8523852369016660102 297.77274671764445202 162.83483384592906873 2000
0.64900434499166670399 461.34454880807362542 228.38839049904632361 2000
4.0131363947490683586 863.51908734050743988 467.53371708225427028 2000
11.252549195554321315 880.87582099605185704 491.38263541405922297 2000
17.4555145367909752 1260.3296269017564555 330.03868945736735441 2000
91.208838776130335191 1272.9329231707740746 738.91780303482630643 2000
65.145288690217796557 2382.6051026331638241 883.85466484004371068 2000
0 2504.1419082869974773 1482.8331793854854368 2000
# Layered model 42948: value=0.704837
8
1.8005492172245267657 289.01529428549946488 172.8524573472194561 2000
0.7766349703897554857 489.7265349296968111 267.80334944767633942 2000
3.7264746913517283744 1378.4039516702264336 390.86628244887617711 2000
9.7044482411427495094 1406.1098710987980667 548.22005243244962003 2000
18.901493745506606103 1043.2251382948970786 317.16069348739807765 2000
64.434534422521608121 2052.2556538764915786 717.18633975394197932 2000
113.74072306234673135 2312.5330390178828566 808.1435189034727955 2000
0 2995.323022358680646 1215.2477325980453315 2000
