# 60020 2_reports/tar1_lr15_tr1.report
# Layered model 57126: value=0.572294
11
1.6535832146378517393 409.41986242002684548 187.17444252272832728 2000
1.5581869932398553225 509.61139605124753871 210.91284683560803614 2000
1.9132297921222929382 953.86228959121501703 476.93114479560750851 2000
4.6125000000000007105 1163.8932652411642721 486.51746080599923516 2000
4.4725638612429143848 1247.851115744313347 587.76609894678790624 2000
19.250401821677783687 1012.5440412994812505 343.43958370448115147 2000
30.784884915380644088 1298.518874926506669 655.75203183788585193 2000
30.887587278022621717 1785.3864229768882979 703.05493554939903333 2000
18.889482246798280585 1972.1773452290383375 849.36696029072936653 2000
98.705719638075962052 2793.7918626338855574 875.10362855449875497 2000
0 2849.9470790728269094 1239.6742120232661364 2000
# Layered model 47928: value=0.597838
11
1.7430818514200134839 349.16196384138328312 171.14104687843510533 2000
1.5280892847436715609 789.54989054673001192 259.92729255593883408 2000
3.4827800603868950269 838.12311872016766756 390.86628244887617711 2000
3.8316127644753725789 1064.193963574624604 491.38263541405922297 2000
6.5746996004794890922 1364.7563877923034852 526.82869483892307017 2000
15.855198530800354462 898.58142499807229342 317.16069348739807765 2000
23.089652346737274513 1187.2875198725116661 655.75203183788585193 2000
19.157671948157236841 1632.4499081850153743 717.18633975394197932 2000
67.702797842213144008 2052.2556538764915786 761.30775138458454876 2000
42.728296732902862232 2072.7782104152565807 919.74270848975561421 2000
0 2244.5217844279318342 1252.0709541434987386 2000
# Layered model 30740: value=0.618162
11
1.5309778844549053467 421.82569367121607229 171.14104687843510533 2000
1.142991703551460958 514.70751001176006412 190.93664881743518436 2000
2.5506716954474080161 693.74795908305191006 419.06155936008383378 2000
7.8896713902748114577 973.03492161199847033 453.78361962402658492 2000
3.7085524032297261243 1247.851115744313347 724.35820315148146165 2000
18.164721289226481105 736.42743800497760276 353.8461465303106479 2000
8.7459052797349201569 1129.6633364824106138 675.62197415460570937 2000
25.974102054391096317 1434.3726795078839586 761.30775138458454876 2000
66.248949804560879784 1584.4397978697634244 768.9208288984302726 2000
23.950468675591537249 1785.3864229768882979 776.61003718741471857 2000
0 2907.2310153621906466 1468.1516627579062515 2000
# Layered model 52414: value=0.625667
11
1.7150396823593236917 389.54895091733129675 174.58098192069164156 2000
0.63700117904479558462 452.25423861197299402 183.48636655497335823 2000
2.906242837241793886 963.40091248712724337 343.43958370448115147 2000
8.1936021577337054822 1223.2635190121686719 467.53371708225427028 2000
3.2047758655417126761 1311.5040636757717039 746.30698106517456836 2000
18.252939143694035806 813.47404178018632592 314.0204886013842156 2000
9.9858559140297487033 1223.2635190121686719 696.09399559346434216 2000
31.335316698844749794 1537.8416577968605452 738.91780303482630643 2000
60.296493685339683566 1568.7522751185776997 761.30775138458454876 2000
36.966516419150366346 1616.287037806945591 776.61003718741471857 2000
0 2936.303325515812503 1302.9100556862508711 2000
# Layered model 43696: value=0.638829
11
1.5814524310477200419 300.75047418482091643 179.87096025387054965 2000
0.97277440280348614898 585.78515853293447435 202.68310020793407489 2000
3.9445661372766882558 729.13607723265113236 414.91243500998399441 2000
5.2195055893594943797 889.68457920601224487 476.93114479560750851 2000
5.7861303315723251472 973.03492161199847033 553.70225295677414579 2000
18.593425213379319416 1223.2635190121686719 346.87397954152595503 2000
9.9904403251072295689 1364.7563877923034852 649.2594374632533345 2000
53.608462663721304864 1522.6155027691690975 724.35820315148146165 2000
48.761734907396018457 1715.7212597872733113 832.63107566976702856 2000
28.208018728103866124 2156.9413175987397153 986.08867261451916875 2000
0 2821.7297812602246267 1203.2155768297477607 2000
# Layered model 58766: value=0.641641
11
1.5371980299106413614 294.82450170063805217 153.39777935796792008 2000
2.2159376661394682984 721.91690815113975077 278.67723932668332054 2000
2.5809299203804614287 813.47404178018632592 458.3214558202668627 2000
3.5100767900751463912 829.82487001996798881 462.90467037846951825 2000
5.4644760735017428033 916.6429116405337254 501.25942638588190903 2000
17.195147254962165562 660.07737891473470881 360.95845407556987539 2000
13.786393745058603599 1821.2726900787238264 655.75203183788585193 2000
36.015657087228426292 1839.4854169795112284 738.91780303482630643 2000
40.646676031250748906 1857.8802711493058268 761.30775138458454876 2000
34.082773734874052707 1933.3176602578553229 875.10362855449875497 2000
0 2072.7782104152565807 1179.5074765510712496 2000
# Layered model 52363: value=0.643021
11
1.8826731075049070174 480.0769874813221918 174.58098192069164156 2000
0.86582007356154266908 628.0409772027684312 210.91284683560803614 2000
3.8766506334845782789 880.87582099605185704 383.16467253100307744 2000
6.2532441959436644296 935.06743416450854056 486.51746080599923516 2000
5.6085048314128655988 1337.86529535565478 587.76609894678790624 2000
16.500693524277235014 846.50434990736948748 323.53562342649479433 2000
11.708959570076309831 1351.2439483092114187 649.2594374632533345 2000
53.000211158006464984 1492.6139621303491367 724.35820315148146165 2000
48.761734907396018457 1600.2841958484607403 866.43923619257304836 2000
25.82309125111359549 2222.2987964632989133 901.62014360332864271 2000
0 2965.6663587709708736 1315.9391562431133025 2000
# Layered model 49575: value=0.647164
11
1.8078645926751237827 342.28209375687021065 174.58098192069164156 2000
1.4039056152025832791 736.42743800497760276 232.97899714807718397 2000
4.1299171485663173087 1272.9329231707740746 458.3214558202668627 2000
4.8098888637819419145 1285.6622524024817267 467.53371708225427028 2000
4.5879809059473153354 1351.2439483092114187 496.29646176819989023 2000
16.128889516448268182 743.79171238502738106 336.67246711546039251 2000
24.226098048218425163 1406.1098710987980667 689.20197583511321682 2000
10.277542432854964716 1434.3726795078839586 703.05493554939903333 2000
80.465805231328971558 1632.4499081850153743 832.63107566976702856 2000
36.181010204577347622 1698.7339205814587331 947.61183229970356479 2000
0 2995.323022358680646 1227.4002099240258303 2000
# Layered model 43810: value=0.653662
11
1.4881359322718874516 514.70751001176006412 151.87898946333456252 2000
1.5798083277978256511 1043.2251382948970786 210.91284683560803614 2000
2.1566970233840612181 1140.9599698472347882 402.70992167335958811 2000
5.1704898524002729232 1211.1519990219492229 436.07713910695628101 2000
6.68015365504958325 1392.1879911869286843 481.70045624356362168 2000
16.987863245611400487 805.41984334671917622 326.77097966075973545 2000
22.782415159799327853 1235.4961542022904268 753.77005087582631404 2000
27.951459954906113126 1406.1098710987980667 761.30775138458454876 2000
66.170028800890676735 1434.3726795078839586 808.1435189034727955 2000
9.6660651572574067814 1492.6139621303491367 866.43923619257304836 2000
0 2711.6268572328722257 1179.5074765510712496 2000
# Layered model 47538: value=0.656151
11
1.8980022507182634506 389.54895091733129675 162.83483384592906873 2000
2.6099807378554316095 621.82274970571131689 298.77972010972325734 2000
1.9492308088327927607 729.13607723265113236 427.48469670322151615 2000
6.1436602862983500373 925.80934075693903651 537.41795160518540797 2000
4.4744107071987926361 1392.1879911869286843 611.63175950608433595 2000
16.087850328327007787 854.96939340644303229 336.67246711546039251 2000
25.192770836264358536 1074.8359032103708159 649.2594374632533345 2000
12.852316895875908642 1272.9329231707740746 753.77005087582631404 2000
40.450805090492067961 1732.8784723851460967 849.36696029072936653 2000
64.208902603931250042 2178.5107307747271079 892.69321148844414893 2000
0 2244.5217844279318342 1277.2375803217830708 2000
# Layered model 47010: value=0.669306
11
1.5623323562343409687 421.82569367121607229 181.66966985640925714 2000
0.83320894308755710789 494.62380027899376955 196.72222021325231367 2000
2.8627423993240150857 729.13607723265113236 320.33230042227205558 2000
8.3409234907005398441 944.41810850615354411 506.27202064974062523 2000
1.2601496344870763977 1260.3296269017564555 581.94663262058213604 2000
20.441917579957213036 821.60878219798814825 375.61481475443883937 2000
12.635962732767076488 1163.8932652411642721 655.75203183788585193 2000
18.863303781768216538 1477.8356060696526129 731.60178518299630923 2000
82.281155907278375139 1648.7744072668654098 768.9208288984302726 2000
18.236544775990040534 1839.4854169795112284 792.21989893488171219 2000
0 2382.6051026331638241 1410.8648906301123134 2000
# Layered model 54707: value=0.684498
11
1.5623323562343409687 297.77274671764445202 164.46318218438835856 2000
1.1610916651391651744 568.55730367429941907 204.70993121001342274 2000
6.1772309572385948329 863.51908734050743988 453.78361962402658492 2000
2.9030452139583786675 953.86228959121501703 486.51746080599923516 2000
3.9677630372872414455 1223.2635190121686719 623.92555787215667351 2000
16.515439018795014192 700.68543867388245872 320.33230042227205558 2000
31.678283169334029878 1175.5321978935758125 717.18633975394197932 2000
25.660141323023403004 1392.1879911869286843 800.14209792423037015 2000
13.491010324073698712 1698.7339205814587331 928.94013557465291342 2000
75.967737286952925047 1803.2402872066572854 966.65883012892766146 2000
0 2711.6268572328722257 1277.2375803217830708 2000
# Layered model 50161: value=0.685573
11
1.7860071497411575958 381.87329763487036871 171.14104687843510533 2000
1.2819371103285555069 540.96276588430623633 219.47675417764958183 2000
3.0660713660740288589 1152.3695695457072361 453.78361962402658492 2000
5.0035244490451047383 1448.7164063029629233 467.53371708225427028 2000
6.8068183697375541641 1463.2035703659926185 537.41795160518540797 2000
17.43577642953302842 1298.518874926506669 323.53562342649479433 2000
20.23671307342722514 1351.2439483092114187 630.16481345087822774 2000
20.6139255306032112 1492.6139621303491367 682.37819389615174259 2000
37.791646644632379548 1767.7093296800874214 784.37613755928884984 2000
90.206263250711671731 2738.743125805201089 910.63634503936191322 2000
0 2849.9470790728269094 1111.1493982316494566 2000
# Layered model 49462: value=0.692929
11
2.0170202253970175299 579.98530547815289538 172.8524573472194561 2000
0.83407855404011854716 700.68543867388245872 221.671521719426039 2000
6.7621990781159482253 829.82487001996798881 383.16467253100307744 2000
1.6462174757792311652 1085.5842622424745514 481.70045624356362168 2000
6.6848431115940858405 1448.7164063029629233 532.096981787312302 2000
14.559407290043225203 916.6429116405337254 292.89257926646723718 2000
21.910925609998820107 1129.6633364824106138 675.62197415460570937 2000
13.533832140078871475 1507.5401017516526281 710.08548490489306459 2000
82.387442310707982074 1522.6155027691690975 808.1435189034727955 2000
18.505241311908065427 2011.8181098681418462 947.61183229970356479 2000
0 2605.8201113725017422 1342.3895332836000307 2000
# Layered model 50714: value=0.693072
11
1.6073103496072904672 385.69203061121908149 158.04588547029371171 2000
1.6340242520652974445 585.78515853293447435 226.12711930598649701 2000
4.8943941837745779111 797.44538945219721882 453.78361962402658492 2000
2.7223162888008367588 838.12311872016766756 472.20905425307677206 2000
8.9594106199319494266 889.68457920601224487 496.29646176819989023 2000
13.345679425050686717 880.87582099605185704 336.67246711546039251 2000
30.5231068804450274 1448.7164063029629233 623.92555787215667351 2000
32.670241539002255138 1507.5401017516526281 689.20197583511321682 2000
22.543851529653409216 1876.459073860799208 849.36696029072936653 2000
94.793759523059989647 2382.6051026331638241 910.63634503936191322 2000
0 2479.3484240465322728 1468.1516627579062515 2000
# Layered model 59377: value=0.695904
11
1.9447426334260016212 597.55944021944651467 166.10781400623224613 2000
0.70483752873874916389 660.07737891473470881 194.77447545866564838 2000
2.7454534876782443753 686.87916740896230294 398.72269472609860941 2000
5.1139420868089953132 872.15427821391256202 462.90467037846951825 2000
4.3503810871815389305 1064.193963574624604 532.096981787312302 2000
17.862729018200781184 736.42743800497760276 371.89585619251369053 2000
20.983820360907515123 1187.2875198725116661 623.92555787215667351 2000
39.026353230396303218 1272.9329231707740746 768.9208288984302726 2000
8.2467405666618702753 1448.7164063029629233 875.10362855449875497 2000
126.70820035007740501 2289.6366722949333052 938.22953693039960399 2000
0 2878.446549863554992 1329.0985478055445128 2000
# Layered model 56303: value=0.704781
11
1.7932634428392972836 319.25268864999327434 171.14104687843510533 2000
0.60227785648260079299 673.34493423092078501 200.67633683953869195 2000
3.5067367118563681494 992.59292353639978046 357.3846079956137487 2000
6.0740971737729836377 1085.5842622424745514 581.94663262058213604 2000
2.0932987796703610428 1247.851115744313347 636.4664615853870373 2000
21.468710750331130299 1002.5188527717638181 343.43958370448115147 2000
27.044195020684462349 1311.5040636757717039 675.62197415460570937 2000
32.550358140686761033 1434.3726795078839586 753.77005087582631404 2000
40.255267760367487995 1507.5401017516526281 792.21989893488171219 2000
66.083471915519396589 1933.3176602578553229 816.22495409250768716 2000
0 2312.5330390178828566 1410.8648906301123134 2000
# Layered model 48480: value=0.72296
11
1.6269808723422114483 438.95350835529916367 159.62634432499663717 2000
1.8290663347863347354 597.55944021944651467 247.31190013949688478 2000
5.9135787665797243662 889.68457920601224487 440.43791049802592852 2000
1.5279133747959736667 1032.8961765296010071 449.29071249903614671 2000
5.5128910608142565053 1364.7563877923034852 623.92555787215667351 2000
16.311655432715809866 935.06743416450854056 307.83304440876798935 2000
26.146133099371745345 1337.86529535565478 617.74807710114521342 2000
23.087736332782824888 1681.9147728529294454 784.37613755928884984 2000
48.422938217499392977 2052.2556538764915786 816.22495409250768716 2000
86.239462564107896014 2244.5217844279318342 832.63107566976702856 2000
0 2580.0199122500016529 1315.9391562431133025 2000
# Layered model 36115: value=0.730799
11
1.7572744115763709871 475.32374998150709189 162.83483384592906873 2000
0.4894399525133241724 562.92802343990035752 190.93664881743518436 2000
3.5429988748050993408 1118.4785509726837063 330.03868945736735441 2000
6.4504222919028091354 1260.3296269017564555 449.29071249903614671 2000
2.7674907961958847835 1420.1709698097861292 553.70225295677414579 2000
17.641523696680593503 1096.4401048648992401 343.43958370448115147 2000
29.933429711963121633 1199.160395071236735 649.2594374632533345 2000
5.0771116925760892968 1537.8416577968605452 724.35820315148146165 2000
57.370376488362524015 1952.6508368604338557 753.77005087582631404 2000
111.06082978847440756 1972.1773452290383375 995.94955934066422287 2000
0 2156.9413175987397153 1111.1493982316494566 2000
# Layered model 58834: value=0.733099
11
1.6943045110757335436 535.60669889535267885 159.62634432499663717 2000
1.8580628100943905601 540.96276588430623633 247.31190013949688478 2000
3.6956765642755597945 1022.6694817124763404 423.25217495368474374 2000
6.4006280845984768746 1364.7563877923034852 511.33474085623817018 2000
1.1371003269377180089 1492.6139621303491367 521.6125691474485393 2000
21.071238745727303154 660.07737891473470881 357.3846079956137487 2000
26.180930705454784402 1337.86529535565478 703.05493554939903333 2000
19.918013526024914484 1420.1709698097861292 800.14209792423037015 2000
31.589817991732232372 1434.3726795078839586 808.1435189034727955 2000
50.024884548369797699 1568.7522751185776997 832.63107566976702856 2000
0 2135.5854629690493312 1215.2477325980453315 2000
# Layered model 43701: value=0.742473
11
2.0170202253970175299 489.7265349296968111 169.44658106775753481 2000
1.0509240346726955728 751.22962950887767875 237.66187499075354594 2000
2.2582755527633606718 1187.2875198725116661 386.9963192563130292 2000
8.0283395283023377687 1223.2635190121686719 491.38263541405922297 2000
3.5520282862661947121 1298.518874926506669 576.18478477285361805 2000
15.164898037181849588 1074.8359032103708159 295.82150505913193683 2000
22.105910659493190451 1285.6622524024817267 703.05493554939903333 2000
19.813833857573619923 1698.7339205814587331 724.35820315148146165 2000
35.353392634274726447 1972.1773452290383375 768.9208288984302726 2000
118.34257753415241154 2052.2556538764915786 957.08795062270064591 2000
0 2178.5107307747271079 1239.6742120232661364 2000
# Layered model 56038: value=0.742963
11
1.7430818514200134839 294.82450170063805217 164.46318218438835856 2000
0.52431355268980639472 1223.2635190121686719 198.68944241538483197 2000
4.5300457122293957823 1285.6622524024817267 368.21371900248880138 2000
5.2224960765900574344 1477.8356060696526129 581.94663262058213604 2000
3.5957101226562109275 1492.6139621303491367 738.91780303482630643 2000
16.888118419384142044 1163.8932652411642721 289.99265273907644769 2000
13.584528695576636892 1406.1098710987980667 675.62197415460570937 2000
33.121781056734270976 1632.4499081850153743 696.09399559346434216 2000
37.225760739979321556 2738.743125805201089 776.61003718741471857 2000
40.59943010612160208 2793.7918626338855574 800.14209792423037015 2000
0 2965.6663587709708736 1067.7927314845246656 2000
# Layered model 57847: value=0.749723
11
1.6874486471596097381 489.7265349296968111 172.8524573472194561 2000
0.89028988369040762407 499.57003828178363847 183.48636655497335823 2000
4.8112232853810512623 907.56723924805316983 402.70992167335958811 2000
5.0302332700481660055 992.59292353639978046 423.25217495368474374 2000
2.1480027939729726683 1337.86529535565478 553.70225295677414579 2000
17.504287784331246769 707.69229306062129581 353.8461465303106479 2000
21.167033658601148716 1235.4961542022904268 581.94663262058213604 2000
19.193433116551830153 1364.7563877923034852 808.1435189034727955 2000
46.468382628594895323 1492.6139621303491367 857.86062989363665565 2000
47.661583042136598465 1632.4499081850153743 938.22953693039960399 2000
0 2684.7790665672000614 1156.2665195089414283 2000
# Layered model 46532: value=0.75088
11
1.7430818514200134839 434.60743401514764628 172.8524573472194561 2000
1.1874771156594536858 736.42743800497760276 226.12711930598649701 2000
2.6047810318699160526 973.03492161199847033 346.87397954152595503 2000
5.5618360042960324208 1272.9329231707740746 472.20905425307677206 2000
6.4072528888142983305 1298.518874926506669 511.33474085623817018 2000
15.364017750561835385 805.41984334671917622 307.83304440876798935 2000
25.999772298784506575 1285.6622524024817267 696.09399559346434216 2000
14.808493159424557462 1477.8356060696526129 717.18633975394197932 2000
65.157508541600876129 1584.4397978697634244 784.37613755928884984 2000
30.773659739977603067 1839.4854169795112284 875.10362855449875497 2000
0 2878.446549863554992 1036.3891052076282904 2000
# Layered model 56982: value=0.751156
11
1.5814524310477200419 557.35447865336664108 158.04588547029371171 2000
1.4033065291116837425 729.13607723265113236 230.67227440403681271 2000
3.1492566659843381771 821.60878219798814825 386.9963192563130292 2000
5.125499707188573062 1118.4785509726837063 440.43791049802592852 2000
3.1637643052821076139 1140.9599698472347882 649.2594374632533345 2000
19.945268203146461872 1107.4045059135482916 323.53562342649479433 2000
10.526908937884229545 1129.6633364824106138 682.37819389615174259 2000
32.645359967925188016 1632.4499081850153743 731.60178518299630923 2000
52.838076744117969952 1648.7744072668654098 738.91780303482630643 2000
36.183024618779654702 1803.2402872066572854 784.37613755928884984 2000
0 2995.323022358680646 1342.3895332836000307 2000
# Layered model 46572: value=0.751838
11
1.6603014881169446681 686.87916740896230294 162.83483384592906873 2000
0.75729080543590487906 721.91690815113975077 185.32123022052309125 2000
4.9713695226782190772 729.13607723265113236 360.95845407556987539 2000
2.6719819484154072597 1074.8359032103708159 506.27202064974062523 2000
5.7105194652112452047 1406.1098710987980667 511.33474085623817018 2000
21.638474683046915459 660.07737891473470881 398.72269472609860941 2000
10.737262574785269464 1434.3726795078839586 623.92555787215667351 2000
19.512490940523385063 1492.6139621303491367 761.30775138458454876 2000
59.483057391612859988 2114.4410524446034287 808.1435189034727955 2000
53.571386100106508366 2335.6583694080618443 976.32541843021692785 2000
0 2406.4311536594955214 1156.2665195089414283 2000
# Layered model 54015: value=0.753204
11
1.5750532137959154522 389.54895091733129675 164.46318218438835856 2000
1.3022899734312416431 736.42743800497760276 198.68944241538483197 2000
6.2547873457109135487 813.47404178018632592 453.78361962402658492 2000
2.7145035919799056501 973.03492161199847033 532.096981787312302 2000
5.4848578270570591542 1260.3296269017564555 689.20197583511321682 2000
16.960450193718902057 963.40091248712724337 310.91137485285565845 2000
11.796352284852325454 1285.6622524024817267 696.09399559346434216 2000
54.461469277462391858 1448.7164063029629233 768.9208288984302726 2000
47.288128647015255979 1537.8416577968605452 840.95738642646472272 2000
62.971417136144737015 1732.8784723851460967 1057.2205262223017144 2000
0 2011.8181098681418462 1100.1479190412371736 2000
# Layered model 28062: value=0.753462
11
1.620397427995579509 461.34454880807362542 145.95272361417724483 2000
1.4195639412616141151 707.69229306062129581 259.92729255593883408 2000
3.4588316018707008226 736.42743800497760276 346.87397954152595503 2000
5.2195055893594943797 916.6429116405337254 553.70225295677414579 2000
2.5624846926654605284 1492.6139621303491367 776.61003718741471857 2000
18.661089100471002666 944.41810850615354411 343.43958370448115147 2000
29.64070738201335331 1324.6191043125295437 636.4664615853870373 2000
11.094132365193409839 1463.2035703659926185 824.38720363343270492 2000
67.50344349594014659 1600.2841958484607403 840.95738642646472272 2000
90.670821383270009619 1991.8991186813284457 986.08867261451916875 2000
0 2936.303325515812503 1383.0652785316265181 2000
# Layered model 59164: value=0.760462
11
1.8005492172245267657 693.74795908305191006 167.7688921462945757 2000
1.0245445311306939917 781.73256489775235423 202.68310020793407489 2000
3.5908068982198080299 1140.9599698472347882 423.25217495368474374 2000
5.6040365463542443081 1175.5321978935758125 501.25942638588190903 2000
5.4844916991304408782 1351.2439483092114187 511.33474085623817018 2000
14.999336842909912093 1074.8359032103708159 289.99265273907644769 2000
18.014622259845836538 1420.1709698097861292 675.62197415460570937 2000
29.029826915540091647 1492.6139621303491367 682.37819389615174259 2000
22.280351663098642234 2031.9362909668232078 768.9208288984302726 2000
106.13490126649244871 2178.5107307747271079 966.65883012892766146 2000
0 2289.6366722949333052 1026.1278269382457893 2000
# Layered model 29346: value=0.761293
11
1.5623323562343409687 557.35447865336664108 158.04588547029371171 2000
1.6494378516433660931 781.73256489775235423 213.02197530396412617 2000
5.029070783650359644 1163.8932652411642721 444.84228960300612243 2000
1.6033014149776505519 1378.4039516702264336 501.25942638588190903 2000
6.5662880028127830201 1420.1709698097861292 576.18478477285361805 2000
16.165946366120792277 707.69229306062129581 307.83304440876798935 2000
25.271674705039870901 1235.4961542022904268 642.83112620124086334 2000
29.515581312506178335 1463.2035703659926185 824.38720363343270492 2000
47.458610793004609718 1568.7522751185776997 883.85466484004371068 2000
79.842192038261515563 2738.743125805201089 947.61183229970356479 2000
0 2907.2310153621906466 1239.6742120232661364 2000
# Layered model 39889: value=0.762166
11
1.5309778844549053467 370.6424604410461825 196.72222021325231367 2000
1.622470051720158235 1064.193963574624604 204.70993121001342274 2000
5.4109482713339600579 1152.3695695457072361 394.77494527336500596 2000
2.2150891985464404854 1311.5040636757717039 491.38263541405922297 2000
6.5520065459195713231 1337.86529535565478 506.27202064974062523 2000
16.579975365601445247 1187.2875198725116661 314.0204886013842156 2000
31.466868999670708718 1364.7563877923034852 642.83112620124086334 2000
5.2257967500705433395 1477.8356060696526129 689.20197583511321682 2000
61.423591370535447709 1492.6139621303491367 808.1435189034727955 2000
82.636711186398287055 1991.8991186813284457 883.85466484004371068 2000
0 2658.1970956110890256 1383.0652785316265181 2000
# Layered model 53102: value=0.764079
11
1.4523697379179385525 322.44521553649320822 166.10781400623224613 2000
1.8793009326127518843 1107.4045059135482916 228.38839049904632361 2000
4.9622345945289199065 1199.160395071236735 419.06155936008383378 2000
1.5502371414461073584 1311.5040636757717039 427.48469670322151615 2000
6.8125193154156136188 1378.4039516702264336 532.096981787312302 2000
17.865611288871392048 898.58142499807229342 360.95845407556987539 2000
25.910029092512189663 1175.5321978935758125 682.37819389615174259 2000
19.11591280705064122 1420.1709698097861292 731.60178518299630923 2000
48.664223938629206145 1568.7522751185776997 768.9208288984302726 2000
97.420998925908861565 1876.459073860799208 947.61183229970356479 2000
0 2965.6663587709708736 1453.6155076810953233 2000
# Layered model 42560: value=0.765805
11
1.6073103496072904672 413.51406104422710541 151.87898946333456252 2000
1.0666592383990758375 434.60743401514764628 219.47675417764958183 2000
4.8104563344693520577 838.12311872016766756 390.86628244887617711 2000
2.3955228614544328281 1053.6573896778461403 414.91243500998399441 2000
7.1107780569160095041 1223.2635190121686719 630.16481345087822774 2000
19.187767236179244179 1260.3296269017564555 346.87397954152595503 2000
7.1743977122596405138 1434.3726795078839586 576.18478477285361805 2000
25.177000053329642526 1492.6139621303491367 731.60178518299630923 2000
81.806073953140611366 1507.5401017516526281 738.91780303482630643 2000
26.33054493401215268 1698.7339205814587331 857.86062989363665565 2000
0 2479.3484240465322728 1468.1516627579062515 2000
# Layered model 35857: value=0.766903
11
1.9368733922361829336 397.37888483076966395 174.58098192069164156 2000
1.2456020803323819557 693.74795908305191006 249.78501914089181923 2000
3.4426683419824630761 813.47404178018632592 398.72269472609860941 2000
6.2532441959436644296 1420.1709698097861292 496.29646176819989023 2000
3.2894510628452451328 1492.6139621303491367 542.79213112123727569 2000
18.431554175862412848 1043.2251382948970786 333.33907635194100294 2000
24.785636330772803149 1199.160395071236735 662.30955215626477184 2000
15.877756807225154034 1648.7744072668654098 776.61003718741471857 2000
54.571085434529820191 1933.3176602578553229 816.22495409250768716 2000
50.063386563341509827 1991.8991186813284457 1067.7927314845246656 2000
0 2266.9670022722111753 1122.2608922139659171 2000
# Layered model 35589: value=0.76992
11
1.7715825307144412726 335.53778429258915139 166.10781400623224613 2000
0.8061560001355760896 673.34493423092078501 242.43887867806770942 2000
2.7144042126164737994 829.82487001996798881 364.56803861632556618 2000
6.3836869915031497769 880.87582099605185704 467.53371708225427028 2000
2.3938442296519699681 1448.7164063029629233 761.30775138458454876 2000
22.270640889438499954 944.41810850615354411 375.61481475443883937 2000
26.516374299405114812 1420.1709698097861292 655.75203183788585193 2000
25.254427898234766303 1434.3726795078839586 746.30698106517456836 2000
64.126065927965768765 1522.6155027691690975 840.95738642646472272 2000
73.396254795227861223 1914.1759012454012918 866.43923619257304836 2000
0 2454.8004198480516607 1482.8331793854854368 2000
# Layered model 56629: value=0.776051
11
1.6874486471596097381 345.70491469443891219 176.32679173989856736 2000
1.4372365144013716787 591.64301011826387366 232.97899714807718397 2000
2.5182740338466138574 821.60878219798814825 410.80439109899407413 2000
6.4206984548226184728 1163.8932652411642721 462.90467037846951825 2000
2.8696499094350063075 1324.6191043125295437 564.83166824120530691 2000
21.326006632757835035 714.7692159912274974 368.21371900248880138 2000
20.091538602581444195 1378.4039516702264336 689.20197583511321682 2000
28.446170356215972674 1448.7164063029629233 824.38720363343270492 2000
25.006610769371462766 1492.6139621303491367 832.63107566976702856 2000
54.509764685636284298 1698.7339205814587331 928.94013557465291342 2000
0 2504.1419082869974773 1383.0652785316265181 2000
# Layered model 28877: value=0.777044
11
1.4464928431720585067 352.65358347979713471 167.7688921462945757 2000
1.2030873189926922784 673.34493423092078501 192.84601530560954075 2000
3.4844354639789911765 680.0783835732299849 414.91243500998399441 2000
3.9635230936351240061 880.87582099605185704 419.06155936008383378 2000
7.2339532321961694805 1406.1098710987980667 675.62197415460570937 2000
20.329719666168063696 1247.851115744313347 343.43958370448115147 2000
24.106191157560523664 1351.2439483092114187 668.93264767782739 2000
29.787331808002555533 1406.1098710987980667 808.1435189034727955 2000
52.010996128053918142 1537.8416577968605452 857.86062989363665565 2000
83.092262203400366616 1785.3864229768882979 957.08795062270064591 2000
0 2580.0199122500016529 1302.9100556862508711 2000
# Layered model 58683: value=0.778078
11
1.4641952553816659499 322.44521553649320822 154.93175715154760042 2000
1.4131479318454911454 736.42743800497760276 208.82460082733467743 2000
3.2566724389165848663 766.32934506200615488 383.16467253100307744 2000
3.7818697747595342307 907.56723924805316983 496.29646176819989023 2000
6.4132794616343016258 1420.1709698097861292 511.33474085623817018 2000
17.886342337180362705 889.68457920601224487 346.87397954152595503 2000
10.484166638020298024 935.06743416450854056 542.79213112123727569 2000
48.032585595599890382 1434.3726795078839586 738.91780303482630643 2000
47.270015092666909595 1933.3176602578553229 832.63107566976702856 2000
63.303240224259042179 2052.2556538764915786 938.22953693039960399 2000
0 2995.323022358680646 1396.8959313169427787 2000
# Layered model 53968: value=0.783594
11
1.4290044566512294377 370.6424604410461825 183.48636655497335823 2000
1.4483387305759276575 773.9926385126260584 189.04618694795561851 2000
6.4323360690220079405 813.47404178018632592 410.80439109899407413 2000
2.239665252331908718 935.06743416450854056 431.75954367025371994 2000
4.861085900737426968 1337.86529535565478 696.09399559346434216 2000
19.366657230678001156 813.47404178018632592 330.03868945736735441 2000
7.5758041492885439538 1324.6191043125295437 581.94663262058213604 2000
55.498095110863452817 1351.2439483092114187 784.37613755928884984 2000
45.317409612171886124 1972.1773452290383375 832.63107566976702856 2000
32.498114217447067631 2504.1419082869974773 883.85466484004371068 2000
0 2995.323022358680646 1439.223274931777496 2000
# Layered model 52532: value=0.785749
11
1.778780218636503152 1064.193963574624604 158.04588547029371171 2000
0.61676108068539492457 1085.5842622424745514 204.70993121001342274 2000
3.2474178960856971976 1107.4045059135482916 330.03868945736735441 2000
4.2369895885225563603 1175.5321978935758125 440.43791049802592852 2000
6.2078260711175676789 1492.6139621303491367 506.27202064974062523 2000
17.975373181467311667 880.87582099605185704 360.95845407556987539 2000
21.311162450080850306 1235.4961542022904268 662.30955215626477184 2000
30.879968892631531219 1324.6191043125295437 753.77005087582631404 2000
51.999573868180121394 1378.4039516702264336 792.21989893488171219 2000
18.781413085973923671 1507.5401017516526281 840.95738642646472272 2000
0 2907.2310153621906466 1167.8291847040309221 2000
# Layered model 37574: value=0.789226
11
1.7644139676448375997 409.41986242002684548 202.68310020793407489 2000
1.360271193916143817 530.30366227262641132 204.70993121001342274 2000
5.9490181459580746548 781.73256489775235423 440.43791049802592852 2000
3.3454917787601790025 1096.4401048648992401 511.33474085623817018 2000
4.4873925411223716253 1129.6633364824106138 642.83112620124086334 2000
19.191266478037427134 1199.160395071236735 336.67246711546039251 2000
8.0195787255686923345 1272.9329231707740746 710.08548490489306459 2000
55.15553846285821038 1285.6622524024817267 724.35820315148146165 2000
42.499835843590261675 1616.287037806945591 857.86062989363665565 2000
51.649160872018910595 1681.9147728529294454 1005.9090549340709231 2000
0 1914.1759012454012918 1057.2205262223017144 2000
# Layered model 45298: value=0.791245
11
1.9685427067557867975 378.09237389591123701 174.58098192069164156 2000
0.40514872668416646029 574.24287671104241326 200.67633683953869195 2000
3.3056038022553124733 838.12311872016766756 357.3846079956137487 2000
4.8296805009567247424 907.56723924805316983 491.38263541405922297 2000
5.4991313834567705499 1043.2251382948970786 559.23927548634185314 2000
19.689235262260652348 1272.9329231707740746 317.16069348739807765 2000
11.203732722795209042 1522.6155027691690975 703.05493554939903333 2000
50.694690643284857856 1616.287037806945591 761.30775138458454876 2000
49.008699329130166689 1857.8802711493058268 792.21989893488171219 2000
9.7209595808812139239 1972.1773452290383375 892.69321148844414893 2000
0 2504.1419082869974773 1005.9090549340709231 2000
# Layered model 28985: value=0.792577
11
1.3777977311349938194 509.61139605124753871 166.10781400623224613 2000
1.4733010483021422576 562.92802343990035752 202.68310020793407489 2000
2.5439348704058590833 673.34493423092078501 406.73702089009316296 2000
8.0081006074567415709 1378.4039516702264336 440.43791049802592852 2000
6.8117792710962383751 1434.3726795078839586 587.76609894678790624 2000
13.170970526107772969 640.66460084454411117 307.83304440876798935 2000
23.459679141810610759 1477.8356060696526129 696.09399559346434216 2000
42.427408097551577271 1537.8416577968605452 832.63107566976702856 2000
12.386056647997037317 1568.7522751185776997 857.86062989363665565 2000
53.400484089826051104 1698.7339205814587331 875.10362855449875497 2000
0 2406.4311536594955214 1191.302551316581912 2000
# Layered model 45727: value=0.794832
11
1.8225846283207178811 381.87329763487036871 167.7688921462945757 2000
1.217376740936475743 546.37239354314931461 257.35375500588003206 2000
4.0243636161890705694 992.59292353639978046 371.89585619251369053 2000
4.2772484197953541951 1420.1709698097861292 506.27202064974062523 2000
2.798121271240610497 1492.6139621303491367 623.92555787215667351 2000
20.614456277355230895 907.56723924805316983 371.89585619251369053 2000
24.630878626137693743 1337.86529535565478 636.4664615853870373 2000
33.743094047562195215 1378.4039516702264336 696.09399559346434216 2000
15.304225357405684349 1507.5401017516526281 816.22495409250768716 2000
76.422145649941839451 1972.1773452290383375 1015.9681454834116039 2000
0 2479.3484240465322728 1144.8183361474666526 2000
# Layered model 39171: value=0.795885
11
1.8980022507182634506 551.83611747858083163 159.62634432499663717 2000
0.77596733728810285413 574.24287671104241326 226.12711930598649701 2000
4.4816252520865909048 653.5419593215194709 390.86628244887617711 2000
5.7696360951259180183 1032.8961765296010071 431.75954367025371994 2000
3.0036029698921549169 1211.1519990219492229 703.05493554939903333 2000
17.982633412465450107 766.32934506200615488 350.34271933694122936 2000
11.775734092663476815 1129.6633364824106138 689.20197583511321682 2000
34.200596404575200893 1600.2841958484607403 753.77005087582631404 2000
46.723457360380024284 1648.7744072668654098 768.9208288984302726 2000
34.751263956561913915 1665.2621513395340571 784.37613755928884984 2000
0 2936.303325515812503 1396.8959313169427787 2000
# Layered model 58137: value=0.798633
11
1.5623323562343409687 579.98530547815289538 154.93175715154760042 2000
1.6494378516433660931 686.87916740896230294 221.671521719426039 2000
2.252966341824740315 813.47404178018632592 379.37096290198320503 2000
4.6695302330734858032 854.96939340644303229 476.93114479560750851 2000
6.0335722905640043479 1378.4039516702264336 542.79213112123727569 2000
20.253657391923749032 1085.5842622424745514 379.37096290198320503 2000
15.212969048245014392 1199.160395071236735 576.18478477285361805 2000
16.025225914704591901 1235.4961542022904268 689.20197583511321682 2000
53.249748101746732232 1378.4039516702264336 840.95738642646472272 2000
80.562238022250824088 1952.6508368604338557 947.61183229970356479 2000
0 2093.5059925194091193 1227.4002099240258303 2000
# Layered model 30587: value=0.799314
11
1.5497142381965389735 634.3213869747961553 156.48107472306307386 2000
0.86787805535631057374 813.47404178018632592 185.32123022052309125 2000
3.0823326884163231298 1175.5321978935758125 323.53562342649479433 2000
8.0008897990596477001 1285.6622524024817267 548.22005243244962003 2000
1.4324927786363996773 1351.2439483092114187 605.57599951097461144 2000
18.303911583117578488 982.76527082811844593 323.53562342649479433 2000
10.115672646502247289 1272.9329231707740746 623.92555787215667351 2000
42.901387589942366674 1767.7093296800874214 696.09399559346434216 2000
35.672407481759208281 2312.5330390178828566 808.1435189034727955 2000
57.97057152408501679 2738.743125805201089 857.86062989363665565 2000
0 2936.303325515812503 995.94955934066422287 2000
# Layered model 28515: value=0.8067
11
1.7360286140061478299 300.75047418482091643 183.48636655497335823 2000
1.3319156460635652728 673.34493423092078501 217.30371700757382314 2000
3.2255961056260824549 829.82487001996798881 458.3214558202668627 2000
3.8407264170801376224 854.96939340644303229 491.38263541405922297 2000
9.6831889114040183841 872.15427821391256202 496.29646176819989023 2000
13.271760530913294218 789.54989054673001192 304.78519248392871077 2000
22.527631722793408642 1553.2200743748294371 642.83112620124086334 2000
32.494269103813337551 1857.8802711493058268 675.62197415460570937 2000
40.101321797284768422 1933.3176602578553229 832.63107566976702856 2000
53.322281874528187018 2052.2556538764915786 857.86062989363665565 2000
0 2312.5330390178828566 1410.8648906301123134 2000
# Layered model 48583: value=0.80727
11
1.6008065004138014586 345.70491469443891219 179.87096025387054965 2000
1.2765366868133556366 640.66460084454411117 183.48636655497335823 2000
3.9638678884017481963 821.60878219798814825 462.90467037846951825 2000
4.2559649276165103515 854.96939340644303229 476.93114479560750851 2000
3.1836072499074337117 1448.7164063029629233 521.6125691474485393 2000
20.784962827518128847 944.41810850615354411 353.8461465303106479 2000
10.223852905148817172 1074.8359032103708159 587.76609894678790624 2000
53.561387914328705051 1285.6622524024817267 738.91780303482630643 2000
45.317409612171886124 1665.2621513395340571 784.37613755928884984 2000
57.303281039890464399 2684.7790665672000614 976.32541843021692785 2000
0 2995.323022358680646 1369.3715629026005445 2000
# Layered model 50230: value=0.80853
11
1.7011882293921174458 286.15375671831628779 167.7688921462945757 2000
0.38672603442650066441 470.61757423911592468 183.48636655497335823 2000
4.0855994042564125479 854.96939340644303229 379.37096290198320503 2000
7.2783721883045879864 935.06743416450854056 548.22005243244962003 2000
3.2047758655417126761 1199.160395071236735 570.47998492361739409 2000
16.358800370384464884 973.03492161199847033 323.53562342649479433 2000
14.504591213394135707 1477.8356060696526129 605.57599951097461144 2000
43.645505164289446043 1537.8416577968605452 662.30955215626477184 2000
29.238444459908350836 1715.7212597872733113 910.63634503936191322 2000
70.406845607902653228 1972.1773452290383375 1005.9090549340709231 2000
0 2738.743125805201089 1036.3891052076282904 2000
# Layered model 51099: value=0.810588
11
1.6535832146378517393 494.62380027899376955 147.41225085031902609 2000
1.4998647215372118424 609.57038496785742154 252.28286933230072009 2000
3.0598181089049640846 838.12311872016766756 406.73702089009316296 2000
3.9948581256731010569 889.68457920601224487 427.48469670322151615 2000
7.4709672592410480974 1235.4961542022904268 501.25942638588190903 2000
14.824674304975449246 707.69229306062129581 343.43958370448115147 2000
21.910925609998820107 1392.1879911869286843 649.2594374632533345 2000
33.321887543682478849 1434.3726795078839586 761.30775138458454876 2000
49.363807740079309383 1952.6508368604338557 776.61003718741471857 2000
82.482247463424045009 2359.0149531021424991 919.74270848975561421 2000
0 2430.4954651960906631 1342.3895332836000307 2000
# Layered model 28825: value=0.813817
11
1.9605771605258315304 530.30366227262641132 167.7688921462945757 2000
1.6244897560666369252 673.34493423092078501 254.80569802562376935 2000
3.5247465419027013134 773.9926385126260584 427.48469670322151615 2000
5.0417627617307960719 1053.6573896778461403 511.33474085623817018 2000
3.9361986348217534726 1074.8359032103708159 649.2594374632533345 2000
18.05146776819215404 898.58142499807229342 346.87397954152595503 2000
31.8130573767600211 1053.6573896778461403 623.92555787215667351 2000
19.570247467975974587 1715.7212597872733113 668.93264767782739 2000
60.469068334387344521 1876.459073860799208 857.86062989363665565 2000
24.386419160808543438 2631.878312486226605 1026.1278269382457893 2000
0 2738.743125805201089 1290.0099561250008264 2000
# Layered model 43744: value=0.818675
11
1.5434434469329254558 352.65358347979713471 169.44658106775753481 2000
1.0342950839170919064 413.51406104422710541 190.93664881743518436 2000
3.065220664557577912 982.76527082811844593 390.86628244887617711 2000
7.9069624808310532416 1298.518874926506669 532.096981787312302 2000
0.94513846775209131579 1337.86529535565478 724.35820315148146165 2000
18.816408520646049851 758.74192580396641006 336.67246711546039251 2000
15.899423880247056218 1311.5040636757717039 630.16481345087822774 2000
25.413407463141098219 1537.8416577968605452 696.09399559346434216 2000
43.778997100848201285 1584.4397978697634244 761.30775138458454876 2000
37.922127549587713702 1600.2841958484607403 816.22495409250768716 2000
0 2907.2310153621906466 1439.223274931777496 2000
# Layered model 54560: value=0.818864
11
2.0007298380238482949 405.36620041586814978 172.8524573472194561 2000
1.3309408325068421419 603.53503462164098892 278.67723932668332054 2000
2.7630996215237288993 1260.3296269017564555 383.16467253100307744 2000
6.2794158173270515633 1324.6191043125295437 576.18478477285361805 2000
4.5324015180201353559 1378.4039516702264336 642.83112620124086334 2000
15.164898037181849588 1064.193963574624604 275.91805873929041582 2000
16.498404448796073041 1337.86529535565478 668.93264767782739 2000
29.634366764525438498 1600.2841958484607403 710.08548490489306459 2000
62.975898718865792603 1767.7093296800874214 738.91780303482630643 2000
24.628857808339347457 2849.9470790728269094 832.63107566976702856 2000
0 2965.6663587709708736 1302.9100556862508711 2000
# Layered model 45075: value=0.822013
11
1.8078645926751237827 342.28209375687021065 164.46318218438835856 2000
0.58767670664677429393 359.7419205077410993 204.70993121001342274 2000
4.4456697763070067708 973.03492161199847033 440.43791049802592852 2000
6.6596037053999150856 1107.4045059135482916 472.20905425307677206 2000
1.9605560208325343297 1247.851115744313347 662.30955215626477184 2000
19.918764072598072801 916.6429116405337254 364.56803861632556618 2000
7.595469308034687117 1311.5040636757717039 662.30955215626477184 2000
42.912029982885179891 1351.2439483092114187 682.37819389615174259 2000
53.529390160868786097 1681.9147728529294454 784.37613755928884984 2000
45.437470308636790151 2093.5059925194091193 1067.7927314845246656 2000
0 2200.2958380824743472 1078.4706587993698577 2000
# Layered model 56734: value=0.823877
11
2.0007298380238482949 562.92802343990035752 171.14104687843510533 2000
1.3616089118908623057 813.47404178018632592 244.86326746484840555 2000
4.2187846585155206469 1002.5188527717638181 440.43791049802592852 2000
4.2655107164877454906 1022.6694817124763404 511.33474085623817018 2000
3.9248291049397447949 1096.4401048648992401 576.18478477285361805 2000
22.482636761743506781 935.06743416450854056 368.21371900248880138 2000
22.442893391889292332 1129.6633364824106138 689.20197583511321682 2000
31.641084574618176362 1477.8356060696526129 710.08548490489306459 2000
45.337833998672266489 1665.2621513395340571 800.14209792423037015 2000
63.795765595429884343 1952.6508368604338557 1111.1493982316494566 2000
0 2684.7790665672000614 1227.4002099240258303 2000
# Layered model 37858: value=0.825046
11
1.5623323562343409687 568.55730367429941907 166.10781400623224613 2000
1.7693383142963494681 693.74795908305191006 221.671521719426039 2000
5.3992362550510835106 846.50434990736948748 423.25217495368474374 2000
2.7765810716425107785 880.87582099605185704 526.82869483892307017 2000
6.1716034327698920947 1272.9329231707740746 605.57599951097461144 2000
16.156789000103810139 1012.5440412994812505 307.83304440876798935 2000
28.746699305539216596 1298.518874926506669 776.61003718741471857 2000
19.025001417709297868 1477.8356060696526129 792.21989893488171219 2000
69.35947079876464727 1648.7744072668654098 857.86062989363665565 2000
50.504625600099700478 2031.9362909668232078 883.85466484004371068 2000
0 2605.8201113725017422 1396.8959313169427787 2000
# Layered model 31213: value=0.825987
11
1.3833955274083828968 430.30439011400761729 159.62634432499663717 2000
1.8579390742642050149 504.56573866460144018 215.15219505700380864 2000
3.133517214950725549 751.22962950887767875 423.25217495368474374 2000
5.601523368327936403 889.68457920601224487 506.27202064974062523 2000
4.8464898920070620392 973.03492161199847033 559.23927548634185314 2000
18.008924113690671476 1211.1519990219492229 314.0204886013842156 2000
8.3320465715120661798 1839.4854169795112284 662.30955215626477184 2000
51.969102114162915029 1876.459073860799208 703.05493554939903333 2000
44.869336649681073936 2244.5217844279318342 832.63107566976702856 2000
38.272291603720844932 2711.6268572328722257 986.08867261451916875 2000
0 2965.6663587709708736 1122.2608922139659171 2000
# Layered model 46273: value=0.826748
11
1.620397427995579509 316.09177094058742341 166.10781400623224613 2000
0.95734110285443785315 944.41810850615354411 200.67633683953869195 2000
3.595775137225013296 1022.6694817124763404 350.34271933694122936 2000
6.1111432536618517375 1223.2635190121686719 526.82869483892307017 2000
2.7976580356681282069 1324.6191043125295437 593.64375993625583305 2000
17.712869636284757746 982.76527082811844593 360.95845407556987539 2000
14.517640263897355624 1235.4961542022904268 559.23927548634185314 2000
36.051562243655247642 1364.7563877923034852 703.05493554939903333 2000
63.240077976337275345 1972.1773452290383375 857.86062989363665565 2000
53.956506259511911594 2031.9362909668232078 910.63634503936191322 2000
0 2454.8004198480516607 1302.9100556862508711 2000
# Layered model 32247: value=0.826981
11
1.5750532137959154522 332.21562801246449226 190.93664881743518436 2000
1.4649081554612781719 585.78515853293447435 196.72222021325231367 2000
4.1617096470738390579 766.32934506200615488 467.53371708225427028 2000
5.6300438350403938514 1096.4401048648992401 516.44808826480050357 2000
2.9397483784862945555 1223.2635190121686719 689.20197583511321682 2000
17.023721363832045483 634.3213869747961553 340.03919178661499245 2000
32.583151723557421064 1337.86529535565478 636.4664615853870373 2000
26.959741640861508927 1392.1879911869286843 832.63107566976702856 2000
12.960835377535261159 1632.4499081850153743 901.62014360332864271 2000
51.026511322816901384 1665.2621513395340571 928.94013557465291342 2000
0 2821.7297812602246267 1227.4002099240258303 2000
# Layered model 52649: value=0.829145
11
1.9526438462238520088 634.3213869747961553 158.04588547029371171 2000
0.25327261605478623707 1298.518874926506669 196.72222021325231367 2000
4.3347234184303697901 1337.86529535565478 333.33907635194100294 2000
6.9601749003198127852 1351.2439483092114187 453.78361962402658492 2000
4.0036141110308935964 1406.1098710987980667 511.33474085623817018 2000
16.482794168585428451 615.66608881753597871 350.34271933694122936 2000
30.539519831247282866 1247.851115744313347 738.91780303482630643 2000
5.4784251431576080904 1420.1709698097861292 753.77005087582631404 2000
61.470642140250518537 1839.4854169795112284 792.21989893488171219 2000
22.739283560338066081 1857.8802711493058268 1122.2608922139659171 2000
0 2821.7297812602246267 1252.0709541434987386 2000
# Layered model 51723: value=0.830856
11
1.9765406158674583281 345.70491469443891219 187.17444252272832728 2000
0.74688340550604781498 640.66460084454411117 208.82460082733467743 2000
6.3502792861455494844 781.73256489775235423 427.48469670322151615 2000
2.9462338854102174679 854.96939340644303229 481.70045624356362168 2000
3.988169927179487928 1272.9329231707740746 682.37819389615174259 2000
16.860339522512788335 557.35447865336664108 336.67246711546039251 2000
28.629596944050341278 1392.1879911869286843 724.35820315148146165 2000
25.124446175989966434 1420.1709698097861292 840.95738642646472272 2000
15.633536722636549143 1665.2621513395340571 883.85466484004371068 2000
64.305891625169522285 1698.7339205814587331 928.94013557465291342 2000
0 2995.323022358680646 1290.0099561250008264 2000
# Layered model 37708: value=0.832857
11
1.9765406158674583281 628.0409772027684312 162.83483384592906873 2000
0.8227852947456391064 653.5419593215194709 237.66187499075354594 2000
2.9533448353716087453 660.07737891473470881 402.70992167335958811 2000
5.3445052572607094632 963.40091248712724337 501.25942638588190903 2000
6.669899168951307189 1140.9599698472347882 630.16481345087822774 2000
14.376055850727720298 781.73256489775235423 307.83304440876798935 2000
13.744178663990169298 1187.2875198725116661 630.16481345087822774 2000
50.469173851763308392 1507.5401017516526281 724.35820315148146165 2000
9.3844576652388980165 1522.6155027691690975 919.74270848975561421 2000
101.28247578133577633 2479.3484240465322728 957.08795062270064591 2000
0 2711.6268572328722257 1227.4002099240258303 2000
# Layered model 47490: value=0.833618
11
1.9845710193466328253 504.56573866460144018 158.04588547029371171 2000
1.8731646536689010585 615.66608881753597871 295.82150505913193683 2000
1.7132473866477146984 666.67815270388200588 357.3846079956137487 2000
6.6247924322184825741 1420.1709698097861292 467.53371708225427028 2000
4.4608862300396001643 1463.2035703659926185 689.20197583511321682 2000
16.432554503171914462 615.66608881753597871 307.83304440876798935 2000
15.907074353190971294 1211.1519990219492229 696.09399559346434216 2000
40.248061475723019953 1507.5401017516526281 808.1435189034727955 2000
29.158945054865910151 1698.7339205814587331 840.95738642646472272 2000
46.656214922815877344 1767.7093296800874214 866.43923619257304836 2000
0 2093.5059925194091193 1239.6742120232661364 2000
# Layered model 51762: value=0.835614
11
1.7644139676448375997 297.77274671764445202 167.7688921462945757 2000
0.95901005372866854337 729.13607723265113236 235.30878711955796234 2000
2.955871214321759588 846.50434990736948748 394.77494527336500596 2000
7.821519545333554646 1012.5440412994812505 559.23927548634185314 2000
0.92246485758560226031 1324.6191043125295437 792.21989893488171219 2000
17.719851384310018716 640.66460084454411117 336.67246711546039251 2000
32.383611868967982161 1351.2439483092114187 623.92555787215667351 2000
30.606194984431539297 1463.2035703659926185 800.14209792423037015 2000
6.2699556919605186067 1648.7744072668654098 910.63634503936191322 2000
57.781295873006556008 1665.2621513395340571 938.22953693039960399 2000
0 2711.6268572328722257 1179.5074765510712496 2000
# Layered model 42352: value=0.835696
11
1.5750532137959154522 568.55730367429941907 166.10781400623224613 2000
1.0745269483688353329 1032.8961765296010071 174.58098192069164156 2000
6.137546660603950599 1096.4401048648992401 406.73702089009316296 2000
3.3204103104175732852 1406.1098710987980667 623.92555787215667351 2000
2.2443174619057941754 1477.8356060696526129 662.30955215626477184 2000
19.863652604625869458 953.86228959121501703 320.33230042227205558 2000
31.16282911752924889 1211.1519990219492229 668.93264767782739 2000
4.6268317178028439685 1698.7339205814587331 816.22495409250768716 2000
65.383037601641419201 2178.5107307747271079 840.95738642646472272 2000
98.573127256183738609 2200.2958380824743472 928.94013557465291342 2000
0 2849.9470790728269094 1191.302551316581912 2000
# Layered model 59075: value=0.836338
11
1.620397427995579509 309.86351430309520083 178.09005965729755872 2000
1.7112732425351109278 666.67815270388200588 230.67227440403681271 2000
6.2816271870223934215 781.73256489775235423 462.90467037846951825 2000
2.6268376732445197774 889.68457920601224487 467.53371708225427028 2000
8.8984473928615432925 982.76527082811844593 481.70045624356362168 2000
11.220445908261904577 889.68457920601224487 307.83304440876798935 2000
23.501418882495258345 1681.9147728529294454 630.16481345087822774 2000
35.694286869289868491 1895.2236645994071296 710.08548490489306459 2000
42.703912837453415818 2011.8181098681418462 840.95738642646472272 2000
38.450897558592174619 2135.5854629690493312 849.36696029072936653 2000
0 2289.6366722949333052 1383.0652785316265181 2000
# Layered model 52937: value=0.837361
11
2.033443252727728634 546.37239354314931461 178.09005965729755872 2000
0.79165049562749212342 557.35447865336664108 183.48636655497335823 2000
3.7155461323537868346 880.87582099605185704 449.29071249903614671 2000
5.6551356111727235643 1420.1709698097861292 496.29646176819989023 2000
2.2992846521090086753 1492.6139621303491367 593.64375993625583305 2000
20.4925262221940514 653.5419593215194709 343.43958370448115147 2000
24.397443213790360517 1247.851115744313347 710.08548490489306459 2000
23.97935752126721809 1522.6155027691690975 792.21989893488171219 2000
32.100012546484464337 1537.8416577968605452 800.14209792423037015 2000
42.283931605959352851 1600.2841958484607403 840.95738642646472272 2000
0 2312.5330390178828566 1122.2608922139659171 2000
# Layered model 57037: value=0.839371
11
1.4290044566512294377 551.83611747858083163 174.58098192069164156 2000
1.528530350458557896 640.66460084454411117 194.77447545866564838 2000
2.3007488915361258286 813.47404178018632592 444.84228960300612243 2000
6.207499481332158453 1434.3726795078839586 570.47998492361739409 2000
4.1498641356074124076 1492.6139621303491367 593.64375993625583305 2000
16.527483707338959107 973.03492161199847033 307.83304440876798935 2000
28.553862360566078848 1053.6573896778461403 611.63175950608433595 2000
25.190640781888774313 1492.6139621303491367 703.05493554939903333 2000
18.096251530088437676 1522.6155027691690975 824.38720363343270492 2000
60.329512910760485056 1732.8784723851460967 832.63107566976702856 2000
0 2266.9670022722111753 1133.4835011361055876 2000
# Layered model 58635: value=0.839553
11
1.6335910642871278586 615.66608881753597871 162.83483384592906873 2000
0.96787558909150761544 660.07737891473470881 192.84601530560954075 2000
2.9695164062846131081 693.74795908305191006 383.16467253100307744 2000
5.1694359168659627102 838.12311872016766756 496.29646176819989023 2000
4.1928885831360087622 1364.7563877923034852 593.64375993625583305 2000
22.47663035323941827 1272.9329231707740746 340.03919178661499245 2000
21.716121681455717862 1351.2439483092114187 675.62197415460570937 2000
30.118292459646880843 1463.2035703659926185 792.21989893488171219 2000
64.273647945992991026 1568.7522751185776997 849.36696029072936653 2000
52.56961541346646527 1698.7339205814587331 938.22953693039960399 2000
0 2766.1305570632530362 1290.0099561250008264 2000
# Layered model 54857: value=0.841646
11
1.6874486471596097381 363.33933971281851427 161.22260776824660411 2000
1.4087360866597431475 700.68543867388245872 242.43887867806770942 2000
5.7475239962764188562 781.73256489775235423 398.72269472609860941 2000
2.7056357784853020121 963.40091248712724337 496.29646176819989023 2000
3.5329704488239368487 1337.86529535565478 703.05493554939903333 2000
17.859557396218839642 603.53503462164098892 368.21371900248880138 2000
31.303478244677492626 1351.2439483092114187 703.05493554939903333 2000
16.325968144168612639 1406.1098710987980667 857.86062989363665565 2000
33.929749124543818084 1681.9147728529294454 910.63634503936191322 2000
57.427783479099474562 2031.9362909668232078 928.94013557465291342 2000
0 2936.303325515812503 1355.8134286164361129 2000
# Layered model 46648: value=0.841655
11
1.7430818514200134839 309.86351430309520083 172.8524573472194561 2000
1.2968795178371801402 1175.5321978935758125 219.47675417764958183 2000
4.5899782712341705704 1187.2875198725116661 406.73702089009316296 2000
5.82194621588825445 1448.7164063029629233 481.70045624356362168 2000
1.630429101025391958 1477.8356060696526129 792.21989893488171219 2000
20.774696085304171334 1420.1709698097861292 368.21371900248880138 2000
9.8301903675307755748 1507.5401017516526281 655.75203183788585193 2000
46.650876547868740829 1522.6155027691690975 696.09399559346434216 2000
45.91577528929883556 2335.6583694080618443 746.30698106517456836 2000
23.841379971646261993 2580.0199122500016529 753.77005087582631404 2000
0 2995.323022358680646 1179.5074765510712496 2000
# Layered model 53298: value=0.843358
11
1.6806205249332053508 312.96214944612614772 174.58098192069164156 2000
1.2499384421462618189 714.7692159912274974 254.80569802562376935 2000
2.2940823163743071511 797.44538945219721882 390.86628244887617711 2000
5.3994258485734931696 805.41984334671917622 467.53371708225427028 2000
6.9674762571286521506 846.50434990736948748 516.44808826480050357 2000
14.984833386283373358 673.34493423092078501 323.53562342649479433 2000
20.429976652050825692 1767.7093296800874214 642.83112620124086334 2000
33.616136335171738381 1895.2236645994071296 776.61003718741471857 2000
36.330002835845547793 1952.6508368604338557 792.21989893488171219 2000
74.006634587597318387 1972.1773452290383375 957.08795062270064591 2000
0 1991.8991186813284457 1215.2477325980453315 2000
# Layered model 55595: value=0.844179
11
1.3890160667320836652 413.51406104422710541 179.87096025387054965 2000
1.5148131084594527174 499.57003828178363847 200.67633683953869195 2000
5.0767397793632973446 729.13607723265113236 383.16467253100307744 2000
4.1710072656711316696 1337.86529535565478 537.41795160518540797 2000
4.1775886423116119772 1351.2439483092114187 581.94663262058213604 2000
17.886342337180362705 1235.4961542022904268 333.33907635194100294 2000
11.074091786101853074 1285.6622524024817267 642.83112620124086334 2000
45.875959484169584357 1311.5040636757717039 662.30955215626477184 2000
53.608033736796784297 1750.2072571089975099 808.1435189034727955 2000
25.604442756385594748 1952.6508368604338557 1089.255365387363554 2000
0 2052.2556538764915786 1111.1493982316494566 2000
# Layered model 47015: value=0.844508
11
1.8826731075049070174 797.44538945219721882 158.04588547029371171 2000
0.62517173082598787026 1002.5188527717638181 219.47675417764958183 2000
4.0749114118188138889 1434.3726795078839586 379.37096290198320503 2000
4.1187378792997613175 1448.7164063029629233 440.43791049802592852 2000
4.2318134302157499604 1492.6139621303491367 776.61003718741471857 2000
17.353594688987517003 944.41810850615354411 320.33230042227205558 2000
14.2060064424153083 1199.160395071236735 617.74807710114521342 2000
25.324572543577396289 1285.6622524024817267 630.16481345087822774 2000
77.890036528315363284 1568.7522751185776997 824.38720363343270492 2000
35.146976871924067609 1991.8991186813284457 883.85466484004371068 2000
0 2312.5330390178828566 1369.3715629026005445 2000
# Layered model 43156: value=0.845348
11
1.9447426334260016212 475.32374998150709189 167.7688921462945757 2000
2.020508220285181622 562.92802343990035752 281.46401171995017876 2000
1.6416047788146506115 1074.8359032103708159 410.80439109899407413 2000
5.8589275474522377607 1392.1879911869286843 526.82869483892307017 2000
4.8633816825595062028 1492.6139621303491367 703.05493554939903333 2000
17.056719191966170257 766.32934506200615488 310.91137485285565845 2000
19.159170497548608125 1211.1519990219492229 668.93264767782739 2000
36.699297501954880829 1378.4039516702264336 696.09399559346434216 2000
22.414675887855736391 1600.2841958484607403 768.9208288984302726 2000
46.805606113607950647 1698.7339205814587331 976.32541843021692785 2000
0 2631.878312486226605 1156.2665195089414283 2000
# Layered model 43823: value=0.846684
11
1.778780218636503152 421.82569367121607229 181.66966985640925714 2000
1.2334534933169465365 480.0769874813221918 210.91284683560803614 2000
2.313986100879624086 1187.2875198725116661 394.77494527336500596 2000
6.3072950098453475221 1285.6622524024817267 462.90467037846951825 2000
5.1060423034948598797 1448.7164063029629233 467.53371708225427028 2000
15.836819649266011822 721.91690815113975077 314.0204886013842156 2000
20.429976652050825692 1568.7522751185776997 655.75203183788585193 2000
29.299463139766537267 1584.4397978697634244 662.30955215626477184 2000
26.12653241768637713 1632.4499081850153743 784.37613755928884984 2000
61.175531397466059502 1681.9147728529294454 910.63634503936191322 2000
0 2711.6268572328722257 1089.255365387363554 2000
# Layered model 47647: value=0.847001
11
1.4641952553816659499 430.30439011400761729 187.17444252272832728 2000
1.7771393462909219618 686.87916740896230294 213.02197530396412617 2000
1.9833066817811864091 714.7692159912274974 427.48469670322151615 2000
6.7517339014974755429 773.9926385126260584 444.84228960300612243 2000
6.2372304901514521447 1448.7164063029629233 611.63175950608433595 2000
19.279903308855995903 1107.4045059135482916 357.3846079956137487 2000
27.884827333288491502 1235.4961542022904268 675.62197415460570937 2000
32.634055418764248202 1392.1879911869286843 682.37819389615174259 2000
34.569563811522385777 1406.1098710987980667 800.14209792423037015 2000
59.965693100793430403 1821.2726900787238264 966.65883012892766146 2000
0 2793.7918626338855574 1227.4002099240258303 2000
# Layered model 57767: value=0.847973
11
1.6806205249332053508 489.7265349296968111 192.84601530560954075 2000
1.4440646366277760659 640.66460084454411117 198.68944241538483197 2000
4.8558837929938523104 743.79171238502738106 444.84228960300612243 2000
4.4386261317244004587 1247.851115744313347 491.38263541405922297 2000
2.5141124733859854246 1272.9329231707740746 675.62197415460570937 2000
21.896825384746595233 634.3213869747961553 368.21371900248880138 2000
24.93726983129180752 1507.5401017516526281 668.93264767782739 2000
28.240524992899075585 2178.5107307747271079 840.95738642646472272 2000
14.41246552103351064 2406.4311536594955214 849.36696029072936653 2000
84.669321257920259427 2430.4954651960906631 866.43923619257304836 2000
0 2554.4751606435661415 1239.6742120232661364 2000
# Layered model 53810: value=0.849175
11
1.5878776474093179161 430.30439011400761729 148.88637335882222601 2000
1.5368075141516635007 615.66608881753597871 226.12711930598649701 2000
6.3659947560805072442 736.42743800497760276 444.84228960300612243 2000
2.4856952673097616469 1096.4401048648992401 491.38263541405922297 2000
4.8464898920070620392 1223.2635190121686719 696.09399559346434216 2000
18.086735788657055224 700.68543867388245872 350.34271933694122936 2000
24.735532979070967485 1406.1098710987980667 668.93264767782739 2000
36.301762555046700243 1600.2841958484607403 800.14209792423037015 2000
10.683675015340881487 2335.6583694080618443 840.95738642646472272 2000
102.27721585759664435 2382.6051026331638241 875.10362855449875497 2000
0 2631.878312486226605 1156.2665195089414283 2000
# Layered model 49465: value=0.849523
11
1.6603014881169446681 409.41986242002684548 171.14104687843510533 2000
1.732987641320699268 585.78515853293447435 247.31190013949688478 2000
3.2318546851133840292 838.12311872016766756 402.70992167335958811 2000
5.2214903103669483286 1118.4785509726837063 501.25942638588190903 2000
5.1440927159281848446 1392.1879911869286843 642.83112620124086334 2000
15.296175407806575919 935.06743416450854056 336.67246711546039251 2000
33.091434068594452356 1378.4039516702264336 605.57599951097461144 2000
21.985296475738152822 1584.4397978697634244 746.30698106517456836 2000
62.343884969975462695 2178.5107307747271079 800.14209792423037015 2000
46.361301150377528302 2711.6268572328722257 866.43923619257304836 2000
0 2965.6663587709708736 1290.0099561250008264 2000
# Layered model 46249: value=0.850074
11
1.4117275082059810298 489.7265349296968111 143.07687835915814389 2000
0.96196392523397222796 647.07124685298958866 206.75703052211355271 2000
3.3421738169131787188 707.69229306062129581 336.67246711546039251 2000
5.3813107528922836664 821.60878219798814825 491.38263541405922297 2000
4.9109311168633453804 1406.1098710987980667 668.93264767782739 2000
22.245992871492468623 973.03492161199847033 360.95845407556987539 2000
22.70874401023294098 1272.9329231707740746 696.09399559346434216 2000
13.028386179816095591 1285.6622524024817267 717.18633975394197932 2000
52.090753146829314346 1477.8356060696526129 832.63107566976702856 2000
45.069703329368010714 1876.459073860799208 957.08795062270064591 2000
0 2072.7782104152565807 1264.591663684933792 2000
# Layered model 17673: value=0.851405
11
1.6670470569859159315 494.62380027899376955 169.44658106775753481 2000
1.429137676833436954 797.44538945219721882 223.88823693662030223 2000
3.7890781438255602964 1129.6633364824106138 419.06155936008383378 2000
2.9232029189779131784 1187.2875198725116661 440.43791049802592852 2000
6.6836345946788355832 1223.2635190121686719 453.78361962402658492 2000
17.268361630537711449 700.68543867388245872 357.3846079956137487 2000
16.318279137001695744 916.6429116405337254 553.70225295677414579 2000
16.155102224816616285 1285.6622524024817267 717.18633975394197932 2000
43.110779432267307243 1553.2200743748294371 832.63107566976702856 2000
69.739451536111801033 1895.2236645994071296 986.08867261451916875 2000
0 2711.6268572328722257 1355.8134286164361129 2000
# Layered model 55503: value=0.851602
11
1.6138406230152744225 291.90544722835448965 164.46318218438835856 2000
1.370918337144129362 673.34493423092078501 223.88823693662030223 2000
2.3073837833070873771 1053.6573896778461403 414.91243500998399441 2000
5.8859082210455762052 1118.4785509726837063 458.3214558202668627 2000
6.5010404654821094539 1247.851115744313347 617.74807710114521342 2000
15.116093163695591528 693.74795908305191006 320.33230042227205558 2000
25.306239243454491827 1187.2875198725116661 649.2594374632533345 2000
25.618837003467838542 1337.86529535565478 731.60178518299630923 2000
19.396076224471769933 1378.4039516702264336 784.37613755928884984 2000
50.401662934916132031 1553.2200743748294371 866.43923619257304836 2000
0 2738.743125805201089 1191.302551316581912 2000
# Layered model 50483: value=0.852207
11
1.7932634428392972836 356.18011931459511743 174.58098192069164156 2000
2.1358201365417035511 640.66460084454411117 249.78501914089181923 2000
4.9146251507147713511 821.60878219798814825 458.3214558202668627 2000
4.2706039436328140368 1032.8961765296010071 542.79213112123727569 2000
1.6714596232532930031 1085.5842622424745514 593.64375993625583305 2000
20.515502106808863658 673.34493423092078501 368.21371900248880138 2000
23.31022829245635819 1235.4961542022904268 753.77005087582631404 2000
36.117049025526668515 1507.5401017516526281 840.95738642646472272 2000
45.861429790008244822 1584.4397978697634244 866.43923619257304836 2000
58.161908698477162716 1839.4854169795112284 1036.3891052076282904 2000
0 2878.446549863554992 1203.2155768297477607 2000
# Layered model 59577: value=0.856218
11
1.844889712324226716 366.97273310994671647 164.46318218438835856 2000
0.66295512600666817171 484.87775735613541883 206.75703052211355271 2000
3.2818684005638996126 766.32934506200615488 406.73702089009316296 2000
6.2739444113354192467 1002.5188527717638181 431.75954367025371994 2000
5.703417521966509085 1211.1519990219492229 501.25942638588190903 2000
14.376055850727720298 889.68457920601224487 336.67246711546039251 2000
16.004069464765464659 1492.6139621303491367 559.23927548634185314 2000
41.097151566317329241 1507.5401017516526281 717.18633975394197932 2000
22.414675887855736391 1732.8784723851460967 875.10362855449875497 2000
95.364389043389621747 1952.6508368604338557 883.85466484004371068 2000
0 2631.878312486226605 1100.1479190412371736 2000
# Layered model 59709: value=0.857796
11
1.8225846283207178811 640.66460084454411117 189.04618694795561851 2000
1.8963185075899999799 953.86228959121501703 230.67227440403681271 2000
4.4168256495364470737 1187.2875198725116661 436.07713910695628101 2000
2.0353996523475093028 1285.6622524024817267 449.29071249903614671 2000
7.0745368091594720283 1364.7563877923034852 516.44808826480050357 2000
17.820080833716829716 736.42743800497760276 336.67246711546039251 2000
27.243919590790362406 1337.86529535565478 682.37819389615174259 2000
10.431491101934675214 1351.2439483092114187 731.60178518299630923 2000
60.95625047871375557 1507.5401017516526281 840.95738642646472272 2000
77.111902239058878195 1767.7093296800874214 995.94955934066422287 2000
0 2684.7790665672000614 1167.8291847040309221 2000
# Layered model 34263: value=0.859611
11
1.3946594415078754636 447.77647387324060446 185.32123022052309125 2000
1.5628753656019118701 603.53503462164098892 200.67633683953869195 2000
6.352144449139377258 935.06743416450854056 436.07713910695628101 2000
1.7472789603449800921 1032.8961765296010071 444.84228960300612243 2000
4.6364036746063153061 1085.5842622424745514 472.20905425307677206 2000
17.322100201105335771 880.87582099605185704 368.21371900248880138 2000
19.990891335184322486 973.03492161199847033 526.82869483892307017 2000
27.222476935238383078 1311.5040636757717039 761.30775138458454876 2000
30.963430388180682939 1420.1709698097861292 800.14209792423037015 2000
53.121137855319034315 1600.2841958484607403 875.10362855449875497 2000
0 2658.1970956110890256 1203.2155768297477607 2000
# Layered model 51662: value=0.862921
11
1.476117058838989804 568.55730367429941907 192.84601530560954075 2000
1.3749817205981462731 805.41984334671917622 196.72222021325231367 2000
3.5648018671378927102 1002.5188527717638181 364.56803861632556618 2000
5.1334438620060449665 1032.8961765296010071 440.43791049802592852 2000
5.8684012831869356575 1107.4045059135482916 467.53371708225427028 2000
14.797190639999147521 916.6429116405337254 371.89585619251369053 2000
17.211498028506831304 1163.8932652411642721 511.33474085623817018 2000
46.520461939459046619 1378.4039516702264336 784.37613755928884984 2000
19.034828497262537894 1434.3726795078839586 792.21989893488171219 2000
57.72782008275619603 1914.1759012454012918 892.69321148844414893 2000
0 2936.303325515812503 1122.2608922139659171 2000
# Layered model 45530: value=0.866225
11
1.5002526660456916296 359.7419205077410993 190.93664881743518436 2000
1.3248410823095291278 540.96276588430623633 192.84601530560954075 2000
4.903423390111585789 880.87582099605185704 462.90467037846951825 2000
4.4672583534149250539 953.86228959121501703 537.41795160518540797 2000
3.0370336875645502772 1140.9599698472347882 599.58019753561836751 2000
17.198507361266177185 1247.851115744313347 346.87397954152595503 2000
12.464140238932657212 1260.3296269017564555 559.23927548634185314 2000
44.348895274362121199 1616.287037806945591 649.2594374632533345 2000
37.89839676581891581 1785.3864229768882979 875.10362855449875497 2000
78.944866593640540486 1933.3176602578553229 966.65883012892766146 2000
0 2479.3484240465322728 1078.4706587993698577 2000
# Layered model 35872: value=0.868355
11
1.4060150689014527803 316.09177094058742341 171.14104687843510533 2000
1.3424781121649969062 1118.4785509726837063 200.67633683953869195 2000
4.9800239574003564158 1211.1519990219492229 390.86628244887617711 2000
3.4901920667712769131 1364.7563877923034852 521.6125691474485393 2000
5.4379525166832483052 1434.3726795078839586 776.61003718741471857 2000
15.992488301752750601 1247.851115744313347 301.76751731082049446 2000
11.468282807333643802 1463.2035703659926185 516.44808826480050357 2000
37.14325505212728018 1568.7522751185776997 746.30698106517456836 2000
51.321267664398817487 2738.743125805201089 753.77005087582631404 2000
28.051161561834732083 2936.303325515812503 768.9208288984302726 2000
0 2995.323022358680646 1026.1278269382457893 2000
# Layered model 28301: value=0.870984
11
1.8152096894560079132 591.64301011826387366 161.22260776824660411 2000
2.007339361192696181 609.57038496785742154 254.80569802562376935 2000
3.5664127655823643082 693.74795908305191006 423.25217495368474374 2000
2.5991894338835805911 1085.5842622424745514 449.29071249903614671 2000
7.4295945416533601957 1175.5321978935758125 703.05493554939903333 2000
16.192383349925332681 789.54989054673001192 320.33230042227205558 2000
23.235434054621016742 1392.1879911869286843 611.63175950608433595 2000
34.709171387391819508 1507.5401017516526281 784.37613755928884984 2000
27.844724929334802255 1914.1759012454012918 832.63107566976702856 2000
82.987059584332328654 2430.4954651960906631 910.63634503936191322 2000
0 2684.7790665672000614 1290.0099561250008264 2000
# Layered model 23395: value=0.871519
11
1.9605771605258315304 700.68543867388245872 169.44658106775753481 2000
0.73800635835935501916 1022.6694817124763404 219.47675417764958183 2000
3.2417003335860208324 1260.3296269017564555 340.03919178661499245 2000
5.9926871995814501304 1351.2439483092114187 570.47998492361739409 2000
2.1367029125689533942 1448.7164063029629233 696.09399559346434216 2000
18.289354867299440599 944.41810850615354411 301.76751731082049446 2000
10.242571168078946187 1175.5321978935758125 682.37819389615174259 2000
36.94661491035555656 1537.8416577968605452 696.09399559346434216 2000
49.742913590409656877 2335.6583694080618443 808.1435189034727955 2000
28.457202752920977673 2878.446549863554992 1026.1278269382457893 2000
0 2936.303325515812503 1133.4835011361055876 2000
# Layered model 50652: value=0.871569
11
1.9526438462238520088 535.60669889535267885 181.66966985640925714 2000
1.1435408875955008767 666.67815270388200588 202.68310020793407489 2000
2.1620989648265602767 1022.6694817124763404 440.43791049802592852 2000
8.4898582461554052969 1211.1519990219492229 453.78361962402658492 2000
0.96441022081763527751 1434.3726795078839586 682.37819389615174259 2000
19.732772503743078119 1152.3695695457072361 333.33907635194100294 2000
20.447079300299968452 1298.518874926506669 623.92555787215667351 2000
12.767287458551294321 1434.3726795078839586 668.93264767782739 2000
74.113115709242904927 1857.8802711493058268 866.43923619257304836 2000
64.314808276010495547 1933.3176602578553229 957.08795062270064591 2000
0 2529.1833273698675839 1005.9090549340709231 2000
# Layered model 34791: value=0.873804
11
1.9134562072253982201 426.04395060792825234 179.87096025387054965 2000
0.50413608632745132709 597.55944021944651467 185.32123022052309125 2000
3.3721209453419449531 813.47404178018632592 357.3846079956137487 2000
5.7596312696862792535 982.76527082811844593 440.43791049802592852 2000
3.9889730791553166256 1199.160395071236735 617.74807710114521342 2000
17.996896333516044564 889.68457920601224487 394.77494527336500596 2000
13.161332015008667895 1074.8359032103708159 436.07713910695628101 2000
36.667841164981268776 1392.1879911869286843 776.61003718741471857 2000
57.815768495528388371 1584.4397978697634244 792.21989893488171219 2000
15.145269061690100898 1732.8784723851460967 928.94013557465291342 2000
0 1952.6508368604338557 1122.2608922139659171 2000
# Layered model 58981: value=0.874854
11
1.8750550255490225915 603.53503462164098892 162.83483384592906873 2000
1.028774149642513791 621.82274970571131689 223.88823693662030223 2000
4.6287903266512788747 872.15427821391256202 383.16467253100307744 2000
4.7520374198940675825 1406.1098710987980667 496.29646176819989023 2000
2.6486506379283376589 1463.2035703659926185 548.22005243244962003 2000
19.512017109696810024 660.07737891473470881 386.9963192563130292 2000
17.189140844146670872 1260.3296269017564555 605.57599951097461144 2000
32.443188253775716134 1448.7164063029629233 776.61003718741471857 2000
52.449613396545132105 1507.5401017516526281 832.63107566976702856 2000
42.556807188207244508 1803.2402872066572854 947.61183229970356479 2000
0 2335.6583694080618443 1089.255365387363554 2000
# Layered model 56214: value=0.874897
11
1.7715825307144412726 309.86351430309520083 183.48636655497335823 2000
1.5600881398162491642 1032.8961765296010071 249.78501914089181923 2000
2.5328446601207286193 1085.5842622424745514 406.73702089009316296 2000
4.1599661043250000247 1223.2635190121686719 462.90467037846951825 2000
5.0578335224285915217 1477.8356060696526129 753.77005087582631404 2000
19.905271408779782405 880.87582099605185704 326.77097966075973545 2000
19.427104978783653166 1600.2841958484607403 636.4664615853870373 2000
32.577580652257395855 1698.7339205814587331 682.37819389615174259 2000
42.298856503539369101 1767.7093296800874214 808.1435189034727955 2000
92.290192490396748326 2222.2987964632989133 866.43923619257304836 2000
0 2711.6268572328722257 1383.0652785316265181 2000
# Layered model 35250: value=0.876447
11
1.6603014881169446681 461.34454880807362542 144.50764714274973244 2000
2.8891775526861165346 854.96939340644303229 287.12143835552120663 2000
1.1663862095500707738 1163.8932652411642721 410.80439109899407413 2000
6.0024333101342568497 1211.1519990219492229 453.78361962402658492 2000
4.4495405128525487015 1272.9329231707740746 476.93114479560750851 2000
16.847623018965858677 686.87916740896230294 353.8461465303106479 2000
9.9601420901883201964 1012.5440412994812505 481.70045624356362168 2000
27.328408500613882381 1223.2635190121686719 746.30698106517456836 2000
36.326558731965917559 1553.2200743748294371 910.63634503936191322 2000
74.083563504858744864 2031.9362909668232078 947.61183229970356479 2000
0 2359.0149531021424991 1302.9100556862508711 2000
# Layered model 57665: value=0.877854
11
1.5686798904506438213 438.95350835529916367 172.8524573472194561 2000
1.308663296776513274 743.79171238502738106 208.82460082733467743 2000
2.912370051667637405 880.87582099605185704 357.3846079956137487 2000
6.2739444113354192467 935.06743416450854056 491.38263541405922297 2000
2.0760370262520151385 1351.2439483092114187 548.22005243244962003 2000
23.944062592160662462 829.82487001996798881 414.91243500998399441 2000
8.4091514224251540099 1043.2251382948970786 581.94663262058213604 2000
19.740934692589640065 1337.86529535565478 738.91780303482630643 2000
80.986043611629341399 1767.7093296800874214 761.30775138458454876 2000
7.6954658355979859152 1933.3176602578553229 832.63107566976702856 2000
0 2529.1833273698675839 1191.302551316581912 2000
# Layered model 56175: value=0.878176
11
1.9212303077221932757 475.32374998150709189 154.93175715154760042 2000
2.0805207406315169294 574.24287671104241326 284.27865183714970954 2000
1.7879621905410845173 736.42743800497760276 414.91243500998399441 2000
6.5844728704866763991 1053.6573896778461403 506.27202064974062523 2000
6.5773280321975047258 1175.5321978935758125 587.76609894678790624 2000
13.119971523004480218 880.87582099605185704 301.76751731082049446 2000
15.448567641116476068 1107.4045059135482916 576.18478477285361805 2000
41.344943488729796854 1223.2635190121686719 746.30698106517456836 2000
19.567352190513304322 1507.5401017516526281 840.95738642646472272 2000
121.32730771530476943 2382.6051026331638241 1078.4706587993698577 2000
0 2907.2310153621906466 1156.2665195089414283 2000
