# 60018 2_reports/tar1_lr15_tr0.report
# Layered model 36789: value=0.534532
11
1.3946594415078754636 426.04395060792825234 167.7688921462945757 2000
1.5628753656019118701 680.0783835732299849 210.91284683560803614 2000
2.9069805235416317224 1107.4045059135482916 368.21371900248880138 2000
4.6444604060005714175 1337.86529535565478 472.20905425307677206 2000
5.1066715789334935494 1477.8356060696526129 548.22005243244962003 2000
20.161440324411017855 1311.5040636757717039 333.33907635194100294 2000
7.3867481221645476808 1492.6139621303491367 642.83112620124086334 2000
32.420239489005474809 1665.2621513395340571 710.08548490489306459 2000
62.669777996241009532 1715.7212597872733113 776.61003718741471857 2000
23.108665884349562702 1732.8784723851460967 808.1435189034727955 2000
0 2430.4954651960906631 1227.4002099240258303 2000
# Layered model 59514: value=0.544655
11
1.7290039169376343331 621.82274970571131689 178.09005965729755872 2000
1.0194892641288153534 680.0783835732299849 185.32123022052309125 2000
6.2671567174894393659 973.03492161199847033 406.73702089009316296 2000
2.660179836413751886 982.76527082811844593 440.43791049802592852 2000
3.1835270888638884657 1199.160395071236735 496.29646176819989023 2000
20.128229542351263603 751.22962950887767875 371.89585619251369053 2000
8.9374563788632812589 1648.7744072668654098 662.30955215626477184 2000
30.382048161798081765 2156.9413175987397153 738.91780303482630643 2000
78.569159232514493851 2266.9670022722111753 792.21989893488171219 2000
34.507855228176651963 2382.6051026331638241 910.63634503936191322 2000
0 2580.0199122500016529 1203.2155768297477607 2000
# Layered model 48734: value=0.608594
11
1.7220076447283114707 421.82569367121607229 178.09005965729755872 2000
0.95196194327805483404 880.87582099605185704 189.04618694795561851 2000
4.6677177684376580657 1085.5842622424745514 394.77494527336500596 2000
5.032498752937446973 1272.9329231707740746 476.93114479560750851 2000
1.6954878552401400071 1298.518874926506669 496.29646176819989023 2000
20.996072116049365519 963.40091248712724337 343.43958370448115147 2000
17.940607346819142265 1392.1879911869286843 675.62197415460570937 2000
22.256432959710188868 1785.3864229768882979 689.20197583511321682 2000
26.140107181084175636 2244.5217844279318342 753.77005087582631404 2000
86.832084569937407537 2793.7918626338855574 832.63107566976702856 2000
0 2907.2310153621906466 1111.1493982316494566 2000
# Layered model 54969: value=0.622639
11
1.3666700000000000514 773.9926385126260584 169.44658106775753481 2000
1.3319135188851864982 992.59292353639978046 183.48636655497335823 2000
3.3184477715779179263 1235.4961542022904268 402.70992167335958811 2000
4.7233876860661068164 1260.3296269017564555 458.3214558202668627 2000
4.5681995034782492127 1492.6139621303491367 630.16481345087822774 2000
18.151847202913238277 1107.4045059135482916 317.16069348739807765 2000
28.306937092782924026 1129.6633364824106138 689.20197583511321682 2000
16.770699792159710739 1972.1773452290383375 746.30698106517456836 2000
69.920389433800252732 2266.9670022722111753 824.38720363343270492 2000
38.925613365873715566 2631.878312486226605 986.08867261451916875 2000
0 2995.323022358680646 1026.1278269382457893 2000
# Layered model 49055: value=0.628678
11
1.6138406230152744225 421.82569367121607229 153.39777935796792008 2000
1.5686348495532904668 465.95799429615436793 230.67227440403681271 2000
2.607237766326229611 781.73256489775235423 458.3214558202668627 2000
4.8343538931324729901 1043.2251382948970786 481.70045624356362168 2000
3.7277874630648017984 1324.6191043125295437 605.57599951097461144 2000
18.079461945620387553 707.69229306062129581 340.03919178661499245 2000
26.180186155534642012 1187.2875198725116661 655.75203183788585193 2000
27.276131469132195662 1568.7522751185776997 768.9208288984302726 2000
20.74293724969462005 1821.2726900787238264 816.22495409250768716 2000
51.834062640397007726 2479.3484240465322728 824.38720363343270492 2000
0 2738.743125805201089 1252.0709541434987386 2000
# Layered model 54936: value=0.67402
11
1.8750550255490225915 480.0769874813221918 158.04588547029371171 2000
1.8099277873137915584 666.67815270388200588 265.15183113631320566 2000
1.8860002468004344323 729.13607723265113236 440.43791049802592852 2000
8.2271653904315051875 973.03492161199847033 453.78361962402658492 2000
5.629664072531859631 1285.6622524024817267 537.41795160518540797 2000
12.715318500297829729 751.22962950887767875 310.91137485285565845 2000
24.207721772080056155 1260.3296269017564555 636.4664615853870373 2000
34.04130928445604809 1272.9329231707740746 753.77005087582631404 2000
36.750586740365605465 2312.5330390178828566 808.1435189034727955 2000
49.523761909941299564 2359.0149531021424991 1015.9681454834116039 2000
0 2995.323022358680646 1026.1278269382457893 2000
# Layered model 54150: value=0.675332
11
1.4232221075951467792 535.60669889535267885 179.87096025387054965 2000
1.5073368594843203905 854.96939340644303229 192.84601530560954075 2000
6.4993997319014127356 1064.193963574624604 423.25217495368474374 2000
1.8705111877287876609 1129.6633364824106138 458.3214558202668627 2000
5.4390872394636140541 1463.2035703659926185 476.93114479560750851 2000
15.403573896751161953 854.96939340644303229 350.34271933694122936 2000
28.289171080380469903 1064.193963574624604 623.92555787215667351 2000
30.345734542592076366 1311.5040636757717039 682.37819389615174259 2000
31.660478796899795384 1507.5401017516526281 866.43923619257304836 2000
41.874883163431434241 2658.1970956110890256 883.85466484004371068 2000
0 2849.9470790728269094 1133.4835011361055876 2000
# Layered model 50524: value=0.683433
11
1.9685427067557867975 356.18011931459511743 169.44658106775753481 2000
2.298292481178812352 591.64301011826387366 289.99265273907644769 2000
5.1027907857736716224 1002.5188527717638181 486.51746080599923516 2000
1.76791410148057615 1032.8961765296010071 537.41795160518540797 2000
4.1710784048186138051 1311.5040636757717039 559.23927548634185314 2000
18.754529556507570476 1211.1519990219492229 310.91137485285565845 2000
18.48190651553732522 1337.86529535565478 717.18633975394197932 2000
19.886897887684078512 1364.7563877923034852 724.35820315148146165 2000
60.706560790356931534 2011.8181098681418462 731.60178518299630923 2000
102.95238447495685818 2554.4751606435661415 1026.1278269382457893 2000
0 2878.446549863554992 1252.0709541434987386 2000
# Layered model 56092: value=0.687628
11
1.6138406230152744225 366.97273310994671647 181.66966985640925714 2000
1.185485287597823012 413.51406104422710541 196.72222021325231367 2000
5.1301834911245753901 1074.8359032103708159 414.91243500998399441 2000
5.6696977876087801818 1187.2875198725116661 521.6125691474485393 2000
0.7526474057456162825 1311.5040636757717039 587.76609894678790624 2000
19.55961272248440963 773.9926385126260584 340.03919178661499245 2000
8.6901326824235169966 2031.9362909668232078 746.30698106517456836 2000
42.557412662156330896 2072.7782104152565807 753.77005087582631404 2000
46.316797513144223331 2156.9413175987397153 792.21989893488171219 2000
86.126165384598266428 2631.878312486226605 808.1435189034727955 2000
0 2684.7790665672000614 1497.661511179340323 2000
# Layered model 46194: value=0.71659
11
1.8826731075049070174 381.87329763487036871 164.46318218438835856 2000
1.9750625655106268663 789.54989054673001192 307.83304440876798935 2000
1.3334784388816345313 925.80934075693903651 330.03868945736735441 2000
5.7857452685552344107 963.40091248712724337 496.29646176819989023 2000
5.3522054820851749923 1140.9599698472347882 623.92555787215667351 2000
16.029863969383473687 1107.4045059135482916 304.78519248392871077 2000
13.328172578318906005 1187.2875198725116661 623.92555787215667351 2000
33.522874077040576424 1463.2035703659926185 724.35820315148146165 2000
22.618491086173662552 1477.8356060696526129 776.61003718741471857 2000
137.49307794084100465 2849.9470790728269094 849.36696029072936653 2000
0 2907.2310153621906466 1482.8331793854854368 2000
# Layered model 45746: value=0.723635
11
1.3890160667320836652 551.83611747858083163 166.10781400623224613 2000
1.4620827127050524119 714.7692159912274974 187.17444252272832728 2000
5.2846300060100297458 1129.6633364824106138 402.70992167335958811 2000
3.9718083477391097347 1223.2635190121686719 440.43791049802592852 2000
4.2216277293513027047 1434.3726795078839586 605.57599951097461144 2000
16.1021516781748808 1118.4785509726837063 336.67246711546039251 2000
11.111459334203452443 1492.6139621303491367 548.22005243244962003 2000
36.005439035439643192 1648.7744072668654098 682.37819389615174259 2000
37.867230883357393623 1732.8784723851460967 768.9208288984302726 2000
42.491566386750278639 1895.2236645994071296 832.63107566976702856 2000
0 2382.6051026331638241 1203.2155768297477607 2000
# Layered model 54968: value=0.73048
11
1.8750550255490225915 289.01529428549946488 172.8524573472194561 2000
0.97604375388811348557 514.70751001176006412 284.27865183714970954 2000
3.2046772695491863026 898.58142499807229342 444.84228960300612243 2000
5.1629331562517606358 1002.5188527717638181 564.83166824120530691 2000
4.2426615966232716914 1285.6622524024817267 581.94663262058213604 2000
20.636483303577676907 880.87582099605185704 340.03919178661499245 2000
27.588387894236632292 1803.2402872066572854 682.37819389615174259 2000
11.576544387524641877 1895.2236645994071296 731.60178518299630923 2000
44.637892814530616192 2114.4410524446034287 840.95738642646472272 2000
83.404835548533156953 2266.9670022722111753 866.43923619257304836 2000
0 2793.7918626338855574 1156.2665195089414283 2000
# Layered model 40382: value=0.735223
11
2.0417048435295153119 312.96214944612614772 167.7688921462945757 2000
1.7114308525205945699 821.60878219798814825 326.77097966075973545 2000
1.6418979537928852785 1260.3296269017564555 423.25217495368474374 2000
7.5301972853758805115 1337.86529535565478 472.20905425307677206 2000
5.0191275097075251921 1492.6139621303491367 511.33474085623817018 2000
14.997513908697449381 1129.6633364824106138 326.77097966075973545 2000
30.46664266180732028 1406.1098710987980667 642.83112620124086334 2000
15.129587552432163022 1681.9147728529294454 675.62197415460570937 2000
66.235489638922828703 1750.2072571089975099 761.30775138458454876 2000
33.500973922939721206 1821.2726900787238264 776.61003718741471857 2000
0 1972.1773452290383375 1203.2155768297477607 2000
# Layered model 43827: value=0.749049
11
1.9685427067557867975 430.30439011400761729 162.83483384592906873 2000
0.70542688125057950721 872.15427821391256202 221.671521719426039 2000
4.6677177684376580657 963.40091248712724337 402.70992167335958811 2000
3.2055129746959645232 1064.193963574624604 436.07713910695628101 2000
3.947859812850751382 1285.6622524024817267 537.41795160518540797 2000
18.37338649863080775 898.58142499807229342 360.95845407556987539 2000
15.914177818865525182 1648.7744072668654098 642.83112620124086334 2000
26.801450789679449827 1821.2726900787238264 655.75203183788585193 2000
71.020389826413122591 2093.5059925194091193 738.91780303482630643 2000
43.343867061951669939 2156.9413175987397153 901.62014360332864271 2000
0 2738.743125805201089 1239.6742120232661364 2000
# Layered model 33412: value=0.751698
11
1.7932634428392972836 335.53778429258915139 161.22260776824660411 2000
0.8321497507980692987 374.34888504545665455 228.38839049904632361 2000
2.7696204562056285781 781.73256489775235423 406.73702089009316296 2000
6.537937402209662352 935.06743416450854056 516.44808826480050357 2000
2.7795811135662962243 1175.5321978935758125 682.37819389615174259 2000
19.655995676141934325 640.66460084454411117 371.89585619251369053 2000
18.637805585729232405 1163.8932652411642721 703.05493554939903333 2000
37.385808651970428684 1665.2621513395340571 816.22495409250768716 2000
20.800098671448637333 1681.9147728529294454 824.38720363343270492 2000
53.121137855319034315 2200.2958380824743472 849.36696029072936653 2000
0 2454.8004198480516607 1277.2375803217830708 2000
# Layered model 50279: value=0.753315
11
1.4406397287976311361 401.35267367907738389 169.44658106775753481 2000
1.3844540195575896213 880.87582099605185704 194.77447545866564838 2000
5.5759673354917413945 1107.4045059135482916 386.9963192563130292 2000
3.2747686511226792305 1285.6622524024817267 427.48469670322151615 2000
2.5342341262732741569 1298.518874926506669 792.21989893488171219 2000
20.621725329406068283 1107.4045059135482916 346.87397954152595503 2000
21.028658523767326471 1211.1519990219492229 623.92555787215667351 2000
32.250669337283682125 1351.2439483092114187 731.60178518299630923 2000
37.970866276779588588 1568.7522751185776997 792.21989893488171219 2000
48.199599924297601206 2266.9670022722111753 1078.4706587993698577 2000
0 2738.743125805201089 1252.0709541434987386 2000
# Layered model 34554: value=0.761231
11
1.9845710193466328253 385.69203061121908149 189.04618694795561851 2000
0.94598794773283434445 389.54895091733129675 210.91284683560803614 2000
3.526654830327020651 829.82487001996798881 458.3214558202668627 2000
7.5427862025936525114 935.06743416450854056 481.70045624356362168 2000
1.0823149574048702704 1118.4785509726837063 649.2594374632533345 2000
20.297819917054418681 628.0409772027684312 368.21371900248880138 2000
24.788630231102885659 1821.2726900787238264 776.61003718741471857 2000
21.787190168626565878 2072.7782104152565807 857.86062989363665565 2000
46.79469873044362771 2178.5107307747271079 866.43923619257304836 2000
26.164698826252504205 2359.0149531021424991 966.65883012892766146 2000
0 2878.446549863554992 1005.9090549340709231 2000
# Layered model 22138: value=0.763389
11
1.7572744115763709871 525.05313096299641984 166.10781400623224613 2000
1.8940974673980917053 647.07124685298958866 262.52656548149820992 2000
2.1012988670102434874 805.41984334671917622 371.89585619251369053 2000
5.1448686025195380367 838.12311872016766756 501.25942638588190903 2000
4.8739238813534768724 1118.4785509726837063 630.16481345087822774 2000
18.905222538738492233 758.74192580396641006 364.56803861632556618 2000
9.0568058773234980663 1406.1098710987980667 481.70045624356362168 2000
50.592392864980382683 1492.6139621303491367 808.1435189034727955 2000
43.350027445880868981 2031.9362909668232078 816.22495409250768716 2000
70.28755588316568037 2200.2958380824743472 857.86062989363665565 2000
0 2605.8201113725017422 1383.0652785316265181 2000
# Layered model 45731: value=0.764881
11
1.5878776474093179161 300.75047418482091643 181.66966985640925714 2000
1.2372161009459028413 736.42743800497760276 232.97899714807718397 2000
2.2999062516447792426 1272.9329231707740746 340.03919178661499245 2000
4.8631512501146492156 1448.7164063029629233 511.33474085623817018 2000
7.0871335407889812785 1463.2035703659926185 548.22005243244962003 2000
15.356031749808828124 907.56723924805316983 323.53562342649479433 2000
11.493726204335615648 935.06743416450854056 548.22005243244962003 2000
50.400841765852021581 1839.4854169795112284 738.91780303482630643 2000
25.073575002140884749 1914.1759012454012918 768.9208288984302726 2000
82.987059584332328654 2222.2987964632989133 824.38720363343270492 2000
0 2359.0149531021424991 1329.0985478055445128 2000
# Layered model 35687: value=0.771204
11
2.0417048435295153119 438.95350835529916367 167.7688921462945757 2000
0.37588745002333423528 579.98530547815289538 171.14104687843510533 2000
7.012366405428029914 1022.6694817124763404 402.70992167335958811 2000
3.3089166721552114581 1187.2875198725116661 436.07713910695628101 2000
1.4008193053461379662 1378.4039516702264336 501.25942638588190903 2000
19.470434465211113206 773.9926385126260584 350.34271933694122936 2000
14.747954328952516789 1785.3864229768882979 703.05493554939903333 2000
37.896195908581553624 2222.2987964632989133 724.35820315148146165 2000
54.335702132554601462 2244.5217844279318342 753.77005087582631404 2000
46.794123855755287877 2312.5330390178828566 938.22953693039960399 2000
0 2658.1970956110890256 1227.4002099240258303 2000
# Layered model 58422: value=0.776542
11
2.0007298380238482949 306.79555871593584015 176.32679173989856736 2000
0.85036894141328778218 597.55944021944651467 252.28286933230072009 2000
2.3735425040166382438 854.96939340644303229 427.48469670322151615 2000
5.3609226775721783298 1163.8932652411642721 548.22005243244962003 2000
7.5378467230179619918 1337.86529535565478 576.18478477285361805 2000
14.818461669579935602 1043.2251382948970786 295.82150505913193683 2000
24.906179126855313655 1351.2439483092114187 649.2594374632533345 2000
41.002935419669334749 1392.1879911869286843 724.35820315148146165 2000
10.493635915776494016 1568.7522751185776997 761.30775138458454876 2000
103.38351694527321456 2072.7782104152565807 832.63107566976702856 2000
0 2821.7297812602246267 1369.3715629026005445 2000
# Layered model 33691: value=0.779963
11
1.4523697379179385525 413.51406104422710541 166.10781400623224613 2000
1.296123443148511134 1096.4401048648992401 198.68944241538483197 2000
4.7841263207763651266 1272.9329231707740746 371.89585619251369053 2000
3.1300908498579609329 1311.5040636757717039 436.07713910695628101 2000
11.551754217699029326 1378.4039516702264336 449.29071249903614671 2000
11.470747147869463589 1002.5188527717638181 326.77097966075973545 2000
32.267088282730625792 1064.193963574624604 636.4664615853870373 2000
21.039971997225947575 1272.9329231707740746 753.77005087582631404 2000
17.428121292410367005 1406.1098710987980667 792.21989893488171219 2000
128.48337140034396953 2200.2958380824743472 947.61183229970356479 2000
0 2995.323022358680646 1290.0099561250008264 2000
# Layered model 52378: value=0.780571
11
1.4582705096515389265 370.6424604410461825 156.48107472306307386 2000
2.0295896647791615841 546.37239354314931461 249.78501914089181923 2000
3.0527797062783070814 805.41984334671917622 431.75954367025371994 2000
5.3923311713436499204 1272.9329231707740746 453.78361962402658492 2000
7.8844846421272940518 1420.1709698097861292 532.096981787312302 2000
16.685403736081962478 1107.4045059135482916 333.33907635194100294 2000
6.09874056973808365 1492.6139621303491367 636.4664615853870373 2000
25.05809142821329516 1553.2200743748294371 731.60178518299630923 2000
75.906039283546803631 1715.7212597872733113 792.21989893488171219 2000
43.818374655777205362 1767.7093296800874214 866.43923619257304836 2000
0 2382.6051026331638241 1203.2155768297477607 2000
# Layered model 50423: value=0.78272
11
1.8599112147296794628 297.77274671764445202 176.32679173989856736 2000
1.2362735190896734228 514.70751001176006412 292.89257926646723718 2000
2.9208465566437515903 846.50434990736948748 481.70045624356362168 2000
4.7233876860661068164 898.58142499807229342 486.51746080599923516 2000
8.0238615862894260289 1118.4785509726837063 559.23927548634185314 2000
13.957805279215673266 829.82487001996798881 323.53562342649479433 2000
12.765879936335558398 1448.7164063029629233 548.22005243244962003 2000
51.692944954641049549 1568.7522751185776997 738.91780303482630643 2000
43.409070778771095434 2156.9413175987397153 776.61003718741471857 2000
56.369145674322709283 2382.6051026331638241 800.14209792423037015 2000
0 2684.7790665672000614 1439.223274931777496 2000
# Layered model 35904: value=0.785649
11
1.3777977311349938194 514.70751001176006412 161.22260776824660411 2000
2.4799379418805402864 640.66460084454411117 232.97899714807718397 2000
2.6829042076934737082 838.12311872016766756 427.48469670322151615 2000
5.0928749419694137046 1064.193963574624604 476.93114479560750851 2000
3.5238604689233206102 1260.3296269017564555 642.83112620124086334 2000
17.491774732072340015 1187.2875198725116661 330.03868945736735441 2000
31.316035394312685014 1378.4039516702264336 630.16481345087822774 2000
14.908187991727594124 1553.2200743748294371 675.62197415460570937 2000
74.644626590285866996 1715.7212597872733113 761.30775138458454876 2000
22.349930545793995407 2479.3484240465322728 849.36696029072936653 2000
0 2995.323022358680646 1342.3895332836000307 2000
# Layered model 53963: value=0.786577
11
1.7860071497411575958 345.70491469443891219 169.44658106775753481 2000
0.8879624382652087089 378.09237389591123701 204.70993121001342274 2000
4.3451579589156530403 829.82487001996798881 501.25942638588190903 2000
3.1520008908726548924 1118.4785509726837063 553.70225295677414579 2000
4.1096548153581746732 1285.6622524024817267 655.75203183788585193 2000
19.254430668099587365 603.53503462164098892 346.87397954152595503 2000
30.710136677048907927 2031.9362909668232078 682.37819389615174259 2000
27.309383985404835471 2093.5059925194091193 776.61003718741471857 2000
45.545652045024056065 2504.1419082869974773 866.43923619257304836 2000
64.371290923480614765 2766.1305570632530362 919.74270848975561421 2000
0 2821.7297812602246267 1057.2205262223017144 2000
# Layered model 49495: value=0.78932
11
1.7644139676448375997 332.21562801246449226 161.22260776824660411 2000
1.5979247822698730008 1223.2635190121686719 265.15183113631320566 2000
5.202057457594312595 1285.6622524024817267 436.07713910695628101 2000
3.720260714227858756 1351.2439483092114187 440.43791049802592852 2000
3.7234501983718786278 1406.1098710987980667 636.4664615853870373 2000
15.991892879891238977 1378.4039516702264336 298.77972010972325734 2000
21.471702097038750878 1492.6139621303491367 587.76609894678790624 2000
24.069114650531552968 1522.6155027691690975 655.75203183788585193 2000
37.440908149425268903 1972.1773452290383375 776.61003718741471857 2000
102.6202506629032456 2156.9413175987397153 910.63634503936191322 2000
0 2580.0199122500016529 1156.2665195089414283 2000
# Layered model 59635: value=0.790311
11
2.0007298380238482949 480.0769874813221918 176.32679173989856736 2000
0.95680496908593903882 597.55944021944651467 219.47675417764958183 2000
2.2004659997409627969 736.42743800497760276 394.77494527336500596 2000
8.540315863536097396 872.15427821391256202 516.44808826480050357 2000
1.5344925090594347949 1235.4961542022904268 738.91780303482630643 2000
24.678032912084692185 1187.2875198725116661 371.89585619251369053 2000
26.041457908468920834 1272.9329231707740746 746.30698106517456836 2000
16.704871381130658392 1324.6191043125295437 776.61003718741471857 2000
27.14646253946138188 1507.5401017516526281 866.43923619257304836 2000
89.850747838618545416 1839.4854169795112284 957.08795062270064591 2000
0 2605.8201113725017422 1315.9391562431133025 2000
# Layered model 45868: value=0.790688
11
1.4641952553816659499 438.95350835529916367 153.39777935796792008 2000
2.1871766235927969646 673.34493423092078501 232.97899714807718397 2000
6.0238277514168334648 872.15427821391256202 462.90467037846951825 2000
2.6989864789901751863 916.6429116405337254 553.70225295677414579 2000
1.8358777518614441959 1247.851115744313347 731.60178518299630923 2000
19.625816568855071864 1129.6633364824106138 371.89585619251369053 2000
18.480032331208128937 1351.2439483092114187 611.63175950608433595 2000
24.567092102064854942 1378.4039516702264336 689.20197583511321682 2000
64.889802274085226941 1522.6155027691690975 792.21989893488171219 2000
36.501758992269685677 2382.6051026331638241 947.61183229970356479 2000
0 2738.743125805201089 1468.1516627579062515 2000
# Layered model 51316: value=0.795008
11
1.7860071497411575958 597.55944021944651467 156.48107472306307386 2000
0.8879624382652087089 729.13607723265113236 247.31190013949688478 2000
3.3430617024567381712 880.87582099605185704 326.77097966075973545 2000
5.120508784725742224 1032.8961765296010071 444.84228960300612243 2000
3.2857395634255759376 1175.5321978935758125 642.83112620124086334 2000
18.665936586478821368 773.9926385126260584 353.8461465303106479 2000
32.575474821891624799 1211.1519990219492229 630.16481345087822774 2000
16.29126422720401024 1272.9329231707740746 682.37819389615174259 2000
51.741451977920888794 1648.7744072668654098 919.74270848975561421 2000
86.882306522431377971 2178.5107307747271079 966.65883012892766146 2000
0 2907.2310153621906466 1342.3895332836000307 2000
# Layered model 52603: value=0.799109
11
1.640228112502017277 286.15375671831628779 161.22260776824660411 2000
1.7842962951745617861 1107.4045059135482916 304.78519248392871077 2000
2.9913762388984497242 1118.4785509726837063 360.95845407556987539 2000
7.0359852098045898572 1351.2439483092114187 526.82869483892307017 2000
2.398067399985826853 1406.1098710987980667 542.79213112123727569 2000
16.799196767308636424 925.80934075693903651 320.33230042227205558 2000
12.640448962145711675 1199.160395071236735 703.05493554939903333 2000
51.066884552858127222 1285.6622524024817267 776.61003718741471857 2000
44.823672058092839166 1648.7744072668654098 784.37613755928884984 2000
22.390502217520150907 2178.5107307747271079 816.22495409250768716 2000
0 2200.2958380824743472 1227.4002099240258303 2000
# Layered model 43929: value=0.805037
11
1.8225846283207178811 603.53503462164098892 172.8524573472194561 2000
1.0812445468708185015 693.74795908305191006 213.02197530396412617 2000
3.1132021152715680934 829.82487001996798881 390.86628244887617711 2000
7.2409057081121916966 982.76527082811844593 458.3214558202668627 2000
2.6708969065357344164 1378.4039516702264336 501.25942638588190903 2000
17.013038448512819656 700.68543867388245872 386.9963192563130292 2000
18.692593159884850706 1152.3695695457072361 623.92555787215667351 2000
32.085795327103397767 1392.1879911869286843 675.62197415460570937 2000
22.910310574461817623 1507.5401017516526281 919.74270848975561421 2000
52.553618026217122861 2529.1833273698675839 1026.1278269382457893 2000
0 2907.2310153621906466 1144.8183361474666526 2000
# Layered model 52425: value=0.80799
11
1.7572744115763709871 621.82274970571131689 158.04588547029371171 2000
1.4544957963013360747 963.40091248712724337 247.31190013949688478 2000
6.157855765830563044 973.03492161199847033 375.61481475443883937 2000
1.5279133747959736667 982.76527082811844593 472.20905425307677206 2000
6.6940040406516754246 1434.3726795078839586 511.33474085623817018 2000
16.395679671489222784 821.60878219798814825 353.8461465303106479 2000
13.950014075912676503 1107.4045059135482916 655.75203183788585193 2000
40.173879915142173047 1406.1098710987980667 668.93264767782739 2000
25.434656214221121218 1448.7164063029629233 776.61003718741471857 2000
70.473129293680145224 2580.0199122500016529 1015.9681454834116039 2000
0 2965.6663587709708736 1078.4706587993698577 2000
# Layered model 58250: value=0.810428
11
1.9212303077221932757 557.35447865336664108 164.46318218438835856 2000
1.631137013447930828 591.64301011826387366 254.80569802562376935 2000
2.9882725595388834883 736.42743800497760276 419.06155936008383378 2000
4.3174051935389945456 982.76527082811844593 496.29646176819989023 2000
4.3747641051982792959 1163.8932652411642721 630.16481345087822774 2000
17.635637463175267925 1163.8932652411642721 310.91137485285565845 2000
23.482406152382949927 1406.1098710987980667 611.63175950608433595 2000
16.081099644731935427 1600.2841958484607403 649.2594374632533345 2000
70.533631789677016855 1750.2072571089975099 784.37613755928884984 2000
50.456383780061656807 2359.0149531021424991 816.22495409250768716 2000
0 2936.303325515812503 1342.3895332836000307 2000
# Layered model 41275: value=0.811128
11
1.506347979307830931 509.61139605124753871 150.37523709241045822 2000
1.8869411501298130052 568.55730367429941907 259.92729255593883408 2000
3.4479219461912613554 1187.2875198725116661 364.56803861632556618 2000
4.9624891169415743519 1337.86529535565478 581.94663262058213604 2000
2.3359944839117492421 1378.4039516702264336 689.20197583511321682 2000
19.470434465211113206 1285.6622524024817267 330.03868945736735441 2000
11.285327637951773738 2114.4410524446034287 649.2594374632533345 2000
34.992341035170042574 2200.2958380824743472 675.62197415460570937 2000
63.077786414598293163 2335.6583694080618443 761.30775138458454876 2000
28.963267116699796588 2406.4311536594955214 919.74270848975561421 2000
0 2479.3484240465322728 1026.1278269382457893 2000
# Layered model 58983: value=0.815495
11
1.5371980299106413614 359.7419205077410993 172.8524573472194561 2000
1.1367715580957249433 397.37888483076966395 189.04618694795561851 2000
2.686546722638988971 838.12311872016766756 436.07713910695628101 2000
7.1491884621768431174 1002.5188527717638181 511.33474085623817018 2000
2.7231044066240830404 1096.4401048648992401 576.18478477285361805 2000
19.366584069756068942 609.57038496785742154 350.34271933694122936 2000
14.611499295681497301 1074.8359032103708159 605.57599951097461144 2000
21.694642088777911226 1553.2200743748294371 824.38720363343270492 2000
30.073465366338240301 1616.287037806945591 849.36696029072936653 2000
67.862207107663365946 2504.1419082869974773 892.69321148844414893 2000
0 2605.8201113725017422 1227.4002099240258303 2000
# Layered model 59917: value=0.820213
11
1.844889712324226716 461.34454880807362542 166.10781400623224613 2000
1.1950716569329669081 551.83611747858083163 219.47675417764958183 2000
6.0921691636808770198 973.03492161199847033 440.43791049802592852 2000
4.0777577655455310435 1260.3296269017564555 458.3214558202668627 2000
3.2005421108348990344 1406.1098710987980667 501.25942638588190903 2000
20.419702535093314566 838.12311872016766756 350.34271933694122936 2000
13.46795127511157375 1821.2726900787238264 636.4664615853870373 2000
29.250130690832165214 2244.5217844279318342 724.35820315148146165 2000
48.128258678766528078 2289.6366722949333052 731.60178518299630923 2000
80.286994250824562869 2479.3484240465322728 1046.7529962597045596 2000
0 2580.0199122500016529 1215.2477325980453315 2000
# Layered model 48500: value=0.820336
11
1.6874486471596097381 332.21562801246449226 176.32679173989856736 2000
1.5538859545129781736 430.30439011400761729 240.0384937406610959 2000
2.0508081417939032498 1032.8961765296010071 491.38263541405922297 2000
6.2572017651145825923 1074.8359032103708159 564.83166824120530691 2000
3.3100123152524556502 1175.5321978935758125 642.83112620124086334 2000
18.452111840803262055 609.57038496785742154 320.33230042227205558 2000
32.066867652610397954 1972.1773452290383375 710.08548490489306459 2000
29.350215404526579732 2052.2556538764915786 724.35820315148146165 2000
26.180887808186255938 2135.5854629690493312 840.95738642646472272 2000
70.76784191608297192 2312.5330390178828566 928.94013557465291342 2000
0 2965.6663587709708736 1179.5074765510712496 2000
# Layered model 51125: value=0.822874
11
1.4117275082059810298 359.7419205077410993 196.72222021325231367 2000
2.1082384723765512646 480.0769874813221918 221.671521719426039 2000
4.563710541925465769 898.58142499807229342 501.25942638588190903 2000
5.0783372113908704648 1032.8961765296010071 564.83166824120530691 2000
1.3330464100918710812 1211.1519990219492229 576.18478477285361805 2000
21.602793961448291782 1064.193963574624604 346.87397954152595503 2000
22.770364835967022543 1537.8416577968605452 668.93264767782739 2000
39.562577314383162275 1933.3176602578553229 746.30698106517456836 2000
30.860332244975992921 2178.5107307747271079 761.30775138458454876 2000
58.092976866772090716 2529.1833273698675839 1046.7529962597045596 2000
0 2711.6268572328722257 1100.1479190412371736 2000
# Layered model 47935: value=0.824179
11
1.7430818514200134839 297.77274671764445202 181.66966985640925714 2000
1.4393936211485514054 519.85458511187766817 265.15183113631320566 2000
5.8331744259873241631 797.44538945219721882 486.51746080599923516 2000
1.5699140624700635982 1129.6633364824106138 501.25942638588190903 2000
4.1269882045930010861 1163.8932652411642721 599.58019753561836751 2000
18.009533676415358627 562.92802343990035752 343.43958370448115147 2000
20.983820360907515123 1324.6191043125295437 738.91780303482630643 2000
33.286365794284016317 1785.3864229768882979 832.63107566976702856 2000
41.758382007406666503 2072.7782104152565807 883.85466484004371068 2000
47.915856725134943872 2335.6583694080618443 995.94955934066422287 2000
0 2406.4311536594955214 1067.7927314845246656 2000
# Layered model 56881: value=0.826549
11
1.8903221406445676056 359.7419205077410993 190.93664881743518436 2000
1.3808489955191174392 615.66608881753597871 240.0384937406610959 2000
5.6867967782131660925 953.86228959121501703 467.53371708225427028 2000
1.7824510621523597109 1272.9329231707740746 548.22005243244962003 2000
3.7546411674615285392 1311.5040636757717039 564.83166824120530691 2000
17.576425520592714236 1247.851115744313347 346.87397954152595503 2000
31.06051349596736344 1272.9329231707740746 630.16481345087822774 2000
23.490490602111037788 1337.86529535565478 662.30955215626477184 2000
44.30371331211968311 2114.4410524446034287 832.63107566976702856 2000
110.57379692521635661 2684.7790665672000614 995.94955934066422287 2000
0 2711.6268572328722257 1290.0099561250008264 2000
# Layered model 59832: value=0.829374
11
1.7932634428392972836 291.90544722835448965 171.14104687843510533 2000
0.73766614551356957108 597.55944021944651467 190.93664881743518436 2000
2.7612131551136243068 916.6429116405337254 458.3214558202668627 2000
7.5862452670282012335 1235.4961542022904268 486.51746080599923516 2000
3.6137123808069695485 1247.851115744313347 593.64375993625583305 2000
16.084276384137631055 829.82487001996798881 295.82150505913193683 2000
17.942011219376169606 1839.4854169795112284 642.83112620124086334 2000
31.089193158531038819 1914.1759012454012918 689.20197583511321682 2000
50.420143284506679038 2289.6366722949333052 746.30698106517456836 2000
63.154810635766779114 2631.878312486226605 840.95738642646472272 2000
0 2907.2310153621906466 1342.3895332836000307 2000
# Layered model 34784: value=0.831258
11
1.8225846283207178811 294.82450170063805217 166.10781400623224613 2000
0.59500766523213166614 789.54989054673001192 226.12711930598649701 2000
2.9429240170925057285 944.41810850615354411 394.77494527336500596 2000
5.1103733630320160586 1187.2875198725116661 526.82869483892307017 2000
4.0963082065748359639 1223.2635190121686719 611.63175950608433595 2000
17.936567854717416992 666.67815270388200588 307.83304440876798935 2000
14.397309370194996347 1311.5040636757717039 689.20197583511321682 2000
37.895948046055849545 1420.1709698097861292 738.91780303482630643 2000
17.459003334077934255 1492.6139621303491367 776.61003718741471857 2000
101.97265688853551069 2504.1419082869974773 892.69321148844414893 2000
0 2878.446549863554992 1410.8648906301123134 2000
# Layered model 20993: value=0.832814
11
1.9368733922361829336 535.60669889535267885 150.37523709241045822 2000
1.2456020803323819557 813.47404178018632592 317.16069348739807765 2000
2.352864526380818333 854.96939340644303229 346.87397954152595503 2000
7.7225969996259129502 889.68457920601224487 453.78361962402658492 2000
6.4613813321946302892 1199.160395071236735 462.90467037846951825 2000
12.784447404199699605 846.50434990736948748 326.77097966075973545 2000
26.107736961277474563 1140.9599698472347882 630.16481345087822774 2000
28.010987066414756441 1272.9329231707740746 753.77005087582631404 2000
54.557665834108902914 2382.6051026331638241 883.85466484004371068 2000
18.004033844520279217 2406.4311536594955214 1015.9681454834116039 2000
0 2849.9470790728269094 1057.2205262223017144 2000
# Layered model 57171: value=0.839768
11
1.5814524310477200419 417.64920165466935487 174.58098192069164156 2000
1.5147323027716328436 461.34454880807362542 208.82460082733467743 2000
4.0136287246758168834 781.73256489775235423 458.3214558202668627 2000
4.4815398073145455982 1096.4401048648992401 559.23927548634185314 2000
3.7934517957964448698 1107.4045059135482916 576.18478477285361805 2000
18.907137084087779044 628.0409772027684312 350.34271933694122936 2000
11.796352284852325454 1477.8356060696526129 710.08548490489306459 2000
34.483024311923692551 1785.3864229768882979 816.22495409250768716 2000
51.456405695383224952 2031.9362909668232078 901.62014360332864271 2000
22.187369297785437539 2244.5217844279318342 995.94955934066422287 2000
0 2605.8201113725017422 1067.7927314845246656 2000
# Layered model 28618: value=0.840873
11
1.5878776474093179161 546.37239354314931461 153.39777935796792008 2000
1.7134046690009441249 574.24287671104241326 219.47675417764958183 2000
5.9488337605214702819 736.42743800497760276 440.43791049802592852 2000
2.4681824835556565034 935.06743416450854056 532.096981787312302 2000
7.327531804364896928 1074.8359032103708159 570.47998492361739409 2000
13.457935370117340312 789.54989054673001192 295.82150505913193683 2000
17.139154706426445784 1324.6191043125295437 636.4664615853870373 2000
35.879627026579797189 1392.1879911869286843 753.77005087582631404 2000
22.005138883694442598 1406.1098710987980667 776.61003718741471857 2000
94.858832745702997613 2766.1305570632530362 976.32541843021692785 2000
0 2849.9470790728269094 1089.255365387363554 2000
# Layered model 41899: value=0.843047
11
1.8903221406445676056 342.28209375687021065 194.77447545866564838 2000
0.8331018807289385375 509.61139605124753871 206.75703052211355271 2000
5.2571449331813280281 846.50434990736948748 427.48469670322151615 2000
3.9091552675163141473 880.87582099605185704 491.38263541405922297 2000
2.533555416543274319 1298.518874926506669 570.47998492361739409 2000
25.398603272763907057 1064.193963574624604 394.77494527336500596 2000
19.046336030027724462 1211.1519990219492229 710.08548490489306459 2000
31.13970882719664246 1351.2439483092114187 816.22495409250768716 2000
55.373400646641627532 1477.8356060696526129 824.38720363343270492 2000
48.04063959423078245 2684.7790665672000614 976.32541843021692785 2000
0 2936.303325515812503 1424.9735395364134547 2000
# Layered model 58088: value=0.845364
11
1.7715825307144412726 447.77647387324060446 174.58098192069164156 2000
1.4995886054492437722 773.9926385126260584 232.97899714807718397 2000
2.6691127163075223372 789.54989054673001192 383.16467253100307744 2000
5.1972562227176393179 982.76527082811844593 427.48469670322151615 2000
5.110761672979931447 1223.2635190121686719 682.37819389615174259 2000
15.823183916414677697 1129.6633364824106138 310.91137485285565845 2000
23.788962049832854007 1163.8932652411642721 576.18478477285361805 2000
20.046287948848828364 1260.3296269017564555 696.09399559346434216 2000
29.834205540651680622 1477.8356060696526129 800.14209792423037015 2000
119.89249657097680313 2821.7297812602246267 866.43923619257304836 2000
0 2936.303325515812503 1342.3895332836000307 2000
# Layered model 56619: value=0.84669
11
1.8374245177707866361 291.90544722835448965 174.58098192069164156 2000
1.1748091941826630524 504.56573866460144018 275.91805873929041582 2000
5.1758825104183276977 935.06743416450854056 491.38263541405922297 2000
3.6585179025461993518 1053.6573896778461403 521.6125691474485393 2000
2.2230398397036346125 1351.2439483092114187 587.76609894678790624 2000
24.014083304021280441 973.03492161199847033 360.95845407556987539 2000
16.569268440758399663 1074.8359032103708159 611.63175950608433595 2000
34.591326344605946019 1235.4961542022904268 746.30698106517456836 2000
42.783372383845943432 1463.2035703659926185 832.63107566976702856 2000
70.358794659520128789 2580.0199122500016529 1036.3891052076282904 2000
0 2821.7297812602246267 1410.8648906301123134 2000
# Layered model 49898: value=0.847385
11
1.929035993283912287 366.97273310994671647 164.46318218438835856 2000
0.35923082013513729649 370.6424604410461825 219.47675417764958183 2000
3.3910284222762161477 773.9926385126260584 371.89585619251369053 2000
6.967412363483783011 992.59292353639978046 462.90467037846951825 2000
4.7710381925889606691 1311.5040636757717039 599.58019753561836751 2000
19.248385251303918864 863.51908734050743988 346.87397954152595503 2000
13.194223580151664521 1187.2875198725116661 576.18478477285361805 2000
34.21729914406082429 1298.518874926506669 792.21989893488171219 2000
21.221259568359542413 1553.2200743748294371 808.1435189034727955 2000
65.0791216275277975 2011.8181098681418462 866.43923619257304836 2000
0 2454.8004198480516607 1355.8134286164361129 2000
# Layered model 34404: value=0.852225
11
2.0500000000000193623 405.36620041586814978 161.22260776824660411 2000
0.36759229355283018492 838.12311872016766756 198.68944241538483197 2000
5.1150272082899652659 992.59292353639978046 406.73702089009316296 2000
5.114088097336233929 1096.4401048648992401 458.3214558202668627 2000
1.7051469959130205467 1448.7164063029629233 738.91780303482630643 2000
19.55961272248440963 907.56723924805316983 336.67246711546039251 2000
18.863732657912343882 1002.5188527717638181 611.63175950608433595 2000
18.433022875882080882 1477.8356060696526129 724.35820315148146165 2000
53.299183040808941314 1857.8802711493058268 808.1435189034727955 2000
69.792851583249088776 2554.4751606435661415 849.36696029072936653 2000
0 2849.9470790728269094 1252.0709541434987386 2000
# Layered model 57201: value=0.852504
11
1.7715825307144412726 393.44444042650462734 154.93175715154760042 2000
1.0022105720426348618 666.67815270388200588 235.30878711955796234 2000
4.2453344441649436547 1074.8359032103708159 414.91243500998399441 2000
6.0951851268065659895 1175.5321978935758125 436.07713910695628101 2000
1.968002283676424824 1434.3726795078839586 516.44808826480050357 2000
17.349001583307448016 686.87916740896230294 357.3846079956137487 2000
13.65697788983380434 1803.2402872066572854 689.20197583511321682 2000
35.172393452588742946 2156.9413175987397153 710.08548490489306459 2000
56.415224073645958924 2244.5217844279318342 768.9208288984302726 2000
50.559066181440925902 2266.9670022722111753 910.63634503936191322 2000
0 2936.303325515812503 1264.591663684933792 2000
# Layered model 53179: value=0.853723
11
1.4060150689014527803 332.21562801246449226 143.07687835915814389 2000
1.3933108417116446542 438.95350835529916367 210.91284683560803614 2000
3.9546252859374826372 963.40091248712724337 476.93114479560750851 2000
6.5039858020247161008 1032.8961765296010071 511.33474085623817018 2000
1.974872180870985261 1175.5321978935758125 593.64375993625583305 2000
17.054093069206455624 1107.4045059135482916 317.16069348739807765 2000
26.324600447594363573 1324.6191043125295437 636.4664615853870373 2000
8.1890382220789348366 1665.2621513395340571 696.09399559346434216 2000
73.201733607679003057 1698.7339205814587331 717.18633975394197932 2000
50.808574011795343495 2406.4311536594955214 947.61183229970356479 2000
0 2580.0199122500016529 1482.8331793854854368 2000
# Layered model 28849: value=0.857365
11
1.9926340492133050031 325.66966769185813746 174.58098192069164156 2000
0.5851044816367123591 535.60669889535267885 213.02197530396412617 2000
3.7158018348457781954 805.41984334671917622 414.91243500998399441 2000
3.7309410692806235232 963.40091248712724337 496.29646176819989023 2000
6.7150756911968620955 992.59292353639978046 553.70225295677414579 2000
17.096323303924705783 721.91690815113975077 323.53562342649479433 2000
31.828810616886883622 1463.2035703659926185 655.75203183788585193 2000
35.314308953015640213 1876.459073860799208 800.14209792423037015 2000
22.489627347484926645 2031.9362909668232078 816.22495409250768716 2000
91.195808276766030076 2504.1419082869974773 840.95738642646472272 2000
0 2605.8201113725017422 1239.6742120232661364 2000
# Layered model 57604: value=0.858062
11
1.5124680569610655656 374.34888504545665455 178.09005965729755872 2000
1.9435791501674806181 509.61139605124753871 244.86326746484840555 2000
2.6779684190151957779 1247.851115744313347 410.80439109899407413 2000
6.6048597449923489577 1311.5040636757717039 462.90467037846951825 2000
6.0254051916825464019 1364.7563877923034852 599.58019753561836751 2000
13.307205101764818522 781.73256489775235423 284.27865183714970954 2000
11.281406124701589988 1803.2402872066572854 553.70225295677414579 2000
45.512105005144682934 1895.2236645994071296 776.61003718741471857 2000
34.603630553055708674 2312.5330390178828566 792.21989893488171219 2000
88.297923959369938984 2580.0199122500016529 808.1435189034727955 2000
0 2605.8201113725017422 1410.8648906301123134 2000
# Layered model 43313: value=0.860042
11
1.929035993283912287 829.82487001996798881 172.8524573472194561 2000
0.57880884504698260073 1012.5440412994812505 219.47675417764958183 2000
3.3944331728473713383 1096.4401048648992401 326.77097966075973545 2000
7.7960386592085804125 1337.86529535565478 458.3214558202668627 2000
3.2082709570147596168 1392.1879911869286843 587.76609894678790624 2000
16.108874464904189949 829.82487001996798881 323.53562342649479433 2000
30.949723325680970731 1260.3296269017564555 682.37819389615174259 2000
11.941550245278371278 1477.8356060696526129 724.35820315148146165 2000
55.569074512035413704 1895.2236645994071296 857.86062989363665565 2000
22.739283560338066081 2289.6366722949333052 947.61183229970356479 2000
0 2849.9470790728269094 1144.8183361474666526 2000
# Layered model 42597: value=0.861341
11
1.4174631563391555389 335.53778429258915139 179.87096025387054965 2000
1.3059608650343506042 781.73256489775235423 183.48636655497335823 2000
5.0548584441819350843 898.58142499807229342 402.70992167335958811 2000
4.4174930263262899288 1448.7164063029629233 462.90467037846951825 2000
2.6635813319517982478 1492.6139621303491367 649.2594374632533345 2000
21.562139641430157155 935.06743416450854056 379.37096290198320503 2000
9.2657049449762709514 1537.8416577968605452 406.73702089009316296 2000
22.551387125101662434 1553.2200743748294371 753.77005087582631404 2000
72.94156706142914004 1648.7744072668654098 840.95738642646472272 2000
75.438200459025409828 1698.7339205814587331 919.74270848975561421 2000
0 2135.5854629690493312 1227.4002099240258303 2000
# Layered model 48591: value=0.863383
11
1.7080999152772291527 312.96214944612614772 172.8524573472194561 2000
0.66559151816272410507 693.74795908305191006 196.72222021325231367 2000
4.1251015376879411889 1392.1879911869286843 353.8461465303106479 2000
5.8305472804619480343 1434.3726795078839586 511.33474085623817018 2000
1.8103544248923864046 1477.8356060696526129 548.22005243244962003 2000
25.771147415048744733 821.60878219798814825 394.77494527336500596 2000
19.734291753155360993 1211.1519990219492229 668.93264767782739 2000
31.132902801210654786 1311.5040636757717039 776.61003718741471857 2000
39.6008568457912844 1632.4499081850153743 919.74270848975561421 2000
101.47208348835249581 1767.7093296800874214 1046.7529962597045596 2000
0 2554.4751606435661415 1191.302551316581912 2000
# Layered model 50383: value=0.863622
11
1.9134562072253982201 525.05313096299641984 183.48636655497335823 2000
0.96388698000175887515 603.53503462164098892 208.82460082733467743 2000
2.5176904626158380651 736.42743800497760276 402.70992167335958811 2000
5.4630114244050069772 773.9926385126260584 423.25217495368474374 2000
8.377828227115246662 1064.193963574624604 593.64375993625583305 2000
16.781520574769551502 1022.6694817124763404 333.33907635194100294 2000
8.2932717023976039172 1187.2875198725116661 462.90467037846951825 2000
33.230151169039899628 1750.2072571089975099 761.30775138458454876 2000
59.55956988115993056 1914.1759012454012918 816.22495409250768716 2000
79.517969427065935406 2011.8181098681418462 866.43923619257304836 2000
0 2605.8201113725017422 1396.8959313169427787 2000
# Layered model 51279: value=0.865318
11
1.7011882293921174458 294.82450170063805217 162.83483384592906873 2000
1.0473049516743322407 551.83611747858083163 257.35375500588003206 2000
2.7868468178829335358 729.13607723265113236 398.72269472609860941 2000
4.4528112511652659933 953.86228959121501703 496.29646176819989023 2000
5.9406826549963813733 1351.2439483092114187 511.33474085623817018 2000
20.249660171914374729 1247.851115744313347 386.9963192563130292 2000
12.604130384461669223 1260.3296269017564555 611.63175950608433595 2000
42.7721101222191038 1324.6191043125295437 696.09399559346434216 2000
36.657704265278582056 1553.2200743748294371 816.22495409250768716 2000
46.069144403792421372 2766.1305570632530362 892.69321148844414893 2000
0 2965.6663587709708736 1355.8134286164361129 2000
# Layered model 40570: value=0.866193
11
1.5371980299106413614 438.95350835529916367 176.32679173989856736 2000
1.6452774426579235278 470.61757423911592468 213.02197530396412617 2000
2.6445187825834004514 880.87582099605185704 390.86628244887617711 2000
7.8713224152348812979 898.58142499807229342 542.79213112123727569 2000
0.86888120986536065971 1223.2635190121686719 623.92555787215667351 2000
20.971186834700532131 982.76527082811844593 371.89585619251369053 2000
29.839951602294448207 1351.2439483092114187 668.93264767782739 2000
21.985296475738152822 2114.4410524446034287 746.30698106517456836 2000
44.664091644867838227 2222.2987964632989133 768.9208288984302726 2000
64.04109447548515277 2684.7790665672000614 1100.1479190412371736 2000
0 2995.323022358680646 1156.2665195089414283 2000
# Layered model 50369: value=0.870467
11
1.8225846283207178811 345.70491469443891219 167.7688921462945757 2000
0.97674128229237955345 557.35447865336664108 196.72222021325231367 2000
6.0443828194826743072 880.87582099605185704 462.90467037846951825 2000
2.7056357784853020121 982.76527082811844593 472.20905425307677206 2000
3.0178533716711335444 1129.6633364824106138 682.37819389615174259 2000
22.510314356552790116 773.9926385126260584 375.61481475443883937 2000
19.027602202238071527 1074.8359032103708159 611.63175950608433595 2000
27.259272662199300896 1406.1098710987980667 824.38720363343270492 2000
69.511863038118278268 1876.459073860799208 866.43923619257304836 2000
55.087217700585995317 2821.7297812602246267 966.65883012892766146 2000
0 2995.323022358680646 1439.223274931777496 2000
# Layered model 53505: value=0.874722
11
1.9212303077221932757 447.77647387324060446 158.04588547029371171 2000
0.58661453060870161202 562.92802343990035752 275.91805873929041582 2000
3.5479312106554274919 829.82487001996798881 353.8461465303106479 2000
7.9442239510138179526 953.86228959121501703 436.07713910695628101 2000
3.2456652469540063777 1211.1519990219492229 682.37819389615174259 2000
16.741557813690995715 1175.5321978935758125 320.33230042227205558 2000
22.117891378397928293 1199.160395071236735 630.16481345087822774 2000
15.407088773980511576 1247.851115744313347 696.09399559346434216 2000
65.015063950805966897 1803.2402872066572854 816.22495409250768716 2000
102.79437735046565194 2156.9413175987397153 1015.9681454834116039 2000
0 2529.1833273698675839 1144.8183361474666526 2000
# Layered model 52715: value=0.874874
11
1.8152096894560079132 309.86351430309520083 161.22260776824660411 2000
0.4315046746336872463 359.7419205077410993 206.75703052211355271 2000
3.3601412684361386951 872.15427821391256202 427.48469670322151615 2000
5.1726297735296302704 953.86228959121501703 462.90467037846951825 2000
5.4688163421133140218 1211.1519990219492229 662.30955215626477184 2000
16.840914476924467635 591.64301011826387366 330.03868945736735441 2000
28.140642811101479026 1767.7093296800874214 689.20197583511321682 2000
37.62112786395377384 2178.5107307747271079 792.21989893488171219 2000
40.56603742609958374 2200.2958380824743472 816.22495409250768716 2000
20.489987854215144125 2738.743125805201089 892.69321148844414893 2000
0 2793.7918626338855574 1046.7529962597045596 2000
# Layered model 36998: value=0.875618
11
1.7860071497411575958 356.18011931459511743 154.93175715154760042 2000
1.0390865986140631616 805.41984334671917622 232.97899714807718397 2000
2.7458893113080278248 872.15427821391256202 402.70992167335958811 2000
6.1473155008241402442 1163.8932652411642721 444.84228960300612243 2000
3.2893277665060995929 1420.1709698097861292 710.08548490489306459 2000
18.677585390275780242 1211.1519990219492229 360.95845407556987539 2000
9.29039246522484774 1648.7744072668654098 423.25217495368474374 2000
48.189954287495261553 1681.9147728529294454 703.05493554939903333 2000
50.607248667466819825 1715.7212597872733113 717.18633975394197932 2000
20.322426081597598113 1785.3864229768882979 840.95738642646472272 2000
0 2359.0149531021424991 1191.302551316581912 2000
# Layered model 48298: value=0.876063
11
1.4641952553816659499 319.25268864999327434 172.8524573472194561 2000
2.1208716612108027277 736.42743800497760276 242.43887867806770942 2000
2.470709132393853924 1053.6573896778461403 427.48469670322151615 2000
6.8226119615083700154 1175.5321978935758125 481.70045624356362168 2000
1.5448916281197302425 1492.6139621303491367 501.25942638588190903 2000
21.674574466824608976 1434.3726795078839586 346.87397954152595503 2000
14.200230114084355648 1507.5401017516526281 559.23927548634185314 2000
35.224463248452480002 1616.287037806945591 703.05493554939903333 2000
48.174859784133900575 1665.2621513395340571 800.14209792423037015 2000
47.8373134714031778 1876.459073860799208 957.08795062270064591 2000
0 2178.5107307747271079 1133.4835011361055876 2000
# Layered model 40620: value=0.879107
11
1.8523852369016660102 319.25268864999327434 190.93664881743518436 2000
0.97270851145355474721 393.44444042650462734 210.91284683560803614 2000
4.2392312370910438801 889.68457920601224487 462.90467037846951825 2000
5.7208858571474809906 925.80934075693903651 553.70225295677414579 2000
1.854483782640226508 1187.2875198725116661 559.23927548634185314 2000
19.1207673966054017 1129.6633364824106138 346.87397954152595503 2000
31.048905651632054514 1187.2875198725116661 623.92555787215667351 2000
25.968668972425561492 1648.7744072668654098 824.38720363343270492 2000
19.94940813658440959 1991.8991186813284457 832.63107566976702856 2000
71.631587856359175248 2200.2958380824743472 919.74270848975561421 2000
0 2406.4311536594955214 1342.3895332836000307 2000
# Layered model 47974: value=0.880099
11
1.3833955274083828968 345.70491469443891219 156.48107472306307386 2000
1.1475340609444839579 546.37239354314931461 181.66966985640925714 2000
3.5638407037015524814 813.47404178018632592 419.06155936008383378 2000
4.1504841772823537482 1107.4045059135482916 431.75954367025371994 2000
4.2498056746539667472 1118.4785509726837063 642.83112620124086334 2000
18.742158998792056934 574.24287671104241326 326.77097966075973545 2000
10.687823602265275724 1750.2072571089975099 768.9208288984302726 2000
34.948330664666286793 1839.4854169795112284 792.21989893488171219 2000
68.346513585572665761 2382.6051026331638241 808.1435189034727955 2000
7.6954658355979859152 2454.8004198480516607 883.85466484004371068 2000
0 2580.0199122500016529 1100.1479190412371736 2000
# Layered model 59730: value=0.88099
11
1.8005492172245267657 342.28209375687021065 153.39777935796792008 2000
1.5617895326901838349 574.24287671104241326 314.0204886013842156 2000
1.8623025335390637203 700.68543867388245872 343.43958370448115147 2000
6.0758286032558928014 797.44538945219721882 472.20905425307677206 2000
6.733192457891686189 1247.851115744313347 675.62197415460570937 2000
16.565730904600997064 1032.8961765296010071 333.33907635194100294 2000
31.065297797782520206 1392.1879911869286843 642.83112620124086334 2000
29.874359265554318199 1698.7339205814587331 816.22495409250768716 2000
24.36162888919173497 2156.9413175987397153 824.38720363343270492 2000
105.73275857316269821 2793.7918626338855574 866.43923619257304836 2000
0 2936.303325515812503 1482.8331793854854368 2000
# Layered model 37986: value=0.881284
11
1.778780218636503152 417.64920165466935487 164.46318218438835856 2000
2.3723625268388781606 562.92802343990035752 295.82150505913193683 2000
1.3841972534740021317 673.34493423092078501 333.33907635194100294 2000
6.2255818601152101976 1247.851115744313347 636.4664615853870373 2000
3.1723857006006266346 1434.3726795078839586 761.30775138458454876 2000
17.281628872101936878 813.47404178018632592 317.16069348739807765 2000
12.680520347877958898 1235.4961542022904268 696.09399559346434216 2000
27.228605676164335136 1298.518874926506669 717.18633975394197932 2000
50.828430142697953897 1364.7563877923034852 792.21989893488171219 2000
85.010975241439240335 2454.8004198480516607 832.63107566976702856 2000
0 2684.7790665672000614 1497.661511179340323 2000
# Layered model 54229: value=0.882794
11
1.4232221075951467792 332.21562801246449226 161.22260776824660411 2000
1.5890116043583029093 647.07124685298958866 232.97899714807718397 2000
2.966300708333178715 907.56723924805316983 340.03919178661499245 2000
5.9978407646646214602 1022.6694817124763404 506.27202064974062523 2000
2.3754794101408194251 1129.6633364824106138 617.74807710114521342 2000
20.71389148557890536 714.7692159912274974 360.95845407556987539 2000
9.4389985977720627375 1803.2402872066572854 776.61003718741471857 2000
51.442151721289995692 1876.459073860799208 792.21989893488171219 2000
47.618834312027061628 2200.2958380824743472 840.95738642646472272 2000
19.265543698905645442 2454.8004198480516607 849.36696029072936653 2000
0 2529.1833273698675839 1036.3891052076282904 2000
# Layered model 42967: value=0.882816
11
1.7430818514200134839 253.94692970638300267 154.93175715154760042 2000
0.98034216995349265922 797.44538945219721882 368.21371900248880138 2000
2.5348596772724070192 1163.8932652411642721 390.86628244887617711 2000
6.0421861880637539599 1351.2439483092114187 511.33474085623817018 2000
5.9451953602444795877 1448.7164063029629233 559.23927548634185314 2000
18.134469627505282574 1247.851115744313347 314.0204886013842156 2000
13.830757670424418393 1311.5040636757717039 689.20197583511321682 2000
37.781379452341994352 1392.1879911869286843 724.35820315148146165 2000
53.010002528779196496 1600.2841958484607403 768.9208288984302726 2000
28.075724876489232429 1648.7744072668654098 840.95738642646472272 2000
0 2200.2958380824743472 1342.3895332836000307 2000
# Layered model 42321: value=0.882821
11
1.6670470569859159315 535.60669889535267885 179.87096025387054965 2000
1.4576381045750654852 846.50434990736948748 215.15219505700380864 2000
3.1285892333075362437 1272.9329231707740746 371.89585619251369053 2000
4.9247765696435497063 1406.1098710987980667 436.07713910695628101 2000
4.5934122653456537222 1434.3726795078839586 576.18478477285361805 2000
18.21575983078741956 1096.4401048648992401 368.21371900248880138 2000
11.50074271772472656 1507.5401017516526281 501.25942638588190903 2000
42.62315127333012299 1632.4499081850153743 710.08548490489306459 2000
14.574163753263349008 1933.3176602578553229 840.95738642646472272 2000
135.55456545500771881 2430.4954651960906631 919.74270848975561421 2000
0 2821.7297812602246267 1179.5074765510712496 2000
# Layered model 51816: value=0.883376
11
1.8152096894560079132 401.35267367907738389 159.62634432499663717 2000
1.3672657831125569761 797.44538945219721882 235.30878711955796234 2000
2.8345558178945395866 953.86228959121501703 419.06155936008383378 2000
6.8146835609083220575 1199.160395071236735 427.48469670322151615 2000
9.0543587798553595292 1406.1098710987980667 506.27202064974062523 2000
13.494061243232643221 973.03492161199847033 323.53562342649479433 2000
7.7837008877016202746 1175.5321978935758125 703.05493554939903333 2000
48.001722707828328396 1285.6622524024817267 761.30775138458454876 2000
46.510353486791586874 1568.7522751185776997 849.36696029072936653 2000
54.001369489262032175 2222.2987964632989133 892.69321148844414893 2000
0 2382.6051026331638241 1329.0985478055445128 2000
# Layered model 46827: value=0.884016
11
1.5309778844549053467 615.66608881753597871 164.46318218438835856 2000
1.3201208949822307304 700.68543867388245872 198.68944241538483197 2000
5.3897422120909315169 1012.5440412994812505 458.3214558202668627 2000
4.5443698510656780343 1272.9329231707740746 506.27202064974062523 2000
2.1480967170714748704 1492.6139621303491367 668.93264767782739 2000
24.009816644451358769 1324.6191043125295437 343.43958370448115147 2000
4.599651670799332237 1337.86529535565478 649.2594374632533345 2000
28.889176564820523652 1600.2841958484607403 724.35820315148146165 2000
62.95625319695501787 1665.2621513395340571 731.60178518299630923 2000
24.518806543771773931 1750.2072571089975099 776.61003718741471857 2000
0 2454.8004198480516607 1179.5074765510712496 2000
# Layered model 59766: value=0.884453
11
2.0500000000000193623 338.89316213551506962 166.10781400623224613 2000
0.17622195698974607581 456.77678099809264722 171.14104687843510533 2000
3.9870440880902622283 805.41984334671917622 423.25217495368474374 2000
5.9825094468017034899 935.06743416450854056 501.25942638588190903 2000
3.1890295697244290807 1107.4045059135482916 526.82869483892307017 2000
16.615194938393841539 597.55944021944651467 364.56803861632556618 2000
17.210892544883847677 1129.6633364824106138 581.94663262058213604 2000
37.043386834343564828 1732.8784723851460967 816.22495409250768716 2000
14.724720620772586699 2135.5854629690493312 849.36696029072936653 2000
64.080512031689025321 2222.2987964632989133 919.74270848975561421 2000
0 2289.6366722949333052 1227.4002099240258303 2000
# Layered model 54947: value=0.889858
11
2.0170202253970175299 409.41986242002684548 166.10781400623224613 2000
0.40057206815583201731 574.24287671104241326 196.72222021325231367 2000
2.9774413562901456132 813.47404178018632592 398.72269472609860941 2000
6.624903543086277935 872.15427821391256202 440.43791049802592852 2000
9.7577551407832672226 1163.8932652411642721 472.20905425307677206 2000
12.89899343488367478 1022.6694817124763404 287.12143835552120663 2000
8.6762060206888307334 1492.6139621303491367 630.16481345087822774 2000
45.891460264722191198 1665.2621513395340571 703.05493554939903333 2000
47.856034574722997377 2114.4410524446034287 768.9208288984302726 2000
69.923030356522360762 2580.0199122500016529 840.95738642646472272 2000
0 2658.1970956110890256 1453.6155076810953233 2000
# Layered model 58981: value=0.889957
11
1.9134562072253982201 470.61757423911592468 156.48107472306307386 2000
1.3577149289382868247 579.98530547815289538 262.52656548149820992 2000
4.8645576492834798898 693.74795908305191006 383.16467253100307744 2000
2.5269815662536103673 1064.193963574624604 542.79213112123727569 2000
5.5855913964680024009 1364.7563877923034852 655.75203183788585193 2000
17.587578681929208813 854.96939340644303229 330.03868945736735441 2000
24.520025525397009858 1140.9599698472347882 689.20197583511321682 2000
24.301265425635556028 1803.2402872066572854 710.08548490489306459 2000
40.295321217376852019 1991.8991186813284457 753.77005087582631404 2000
69.595156049819848931 2031.9362909668232078 910.63634503936191322 2000
0 2684.7790665672000614 1179.5074765510712496 2000
# Layered model 52572: value=0.890464
11
1.8903221406445676056 447.77647387324060446 167.7688921462945757 2000
0.59464850495762378024 504.56573866460144018 189.04618694795561851 2000
5.3433975950315666381 1032.8961765296010071 419.06155936008383378 2000
4.0182658842842187141 1272.9329231707740746 436.07713910695628101 2000
2.6484260190727635376 1285.6622524024817267 630.16481345087822774 2000
18.008705590978884459 846.50434990736948748 330.03868945736735441 2000
22.629064963006619848 1991.8991186813284457 581.94663262058213604 2000
24.07724478930428802 2114.4410524446034287 689.20197583511321682 2000
53.928437742812832312 2266.9670022722111753 776.61003718741471857 2000
64.714964935950405334 2580.0199122500016529 808.1435189034727955 2000
0 2684.7790665672000614 1264.591663684933792 2000
# Layered model 34028: value=0.89092
11
2.0500000000000193623 447.77647387324060446 192.84601530560954075 2000
0.88055896707944780744 640.66460084454411117 202.68310020793407489 2000
4.6020605347633480875 693.74795908305191006 419.06155936008383378 2000
4.2283023572217786068 1085.5842622424745514 453.78361962402658492 2000
3.7773957286717969595 1247.851115744313347 570.47998492361739409 2000
19.215833366101069402 963.40091248712724337 383.16467253100307744 2000
14.672283506436528455 1085.5842622424745514 570.47998492361739409 2000
20.877578222834010546 1648.7744072668654098 599.58019753561836751 2000
46.131823544151856709 2156.9413175987397153 866.43923619257304836 2000
108.17767767239290322 2359.0149531021424991 928.94013557465291342 2000
0 2454.8004198480516607 986.08867261451916875 2000
# Layered model 58979: value=0.8936
11
1.5686798904506438213 303.75797892666912503 183.48636655497335823 2000
2.1163029224121703287 935.06743416450854056 240.0384937406610959 2000
3.3793421725834500435 1012.5440412994812505 410.80439109899407413 2000
4.4431630117780205325 1163.8932652411642721 496.29646176819989023 2000
4.8216768653132930922 1492.6139621303491367 542.79213112123727569 2000
17.658058198107564607 1096.4401048648992401 333.33907635194100294 2000
19.484479036393608453 1140.9599698472347882 611.63175950608433595 2000
27.44356707179264987 1235.4961542022904268 717.18633975394197932 2000
47.29716968015335965 2382.6051026331638241 768.9208288984302726 2000
37.596574556125347044 2605.8201113725017422 1057.2205262223017144 2000
0 2793.7918626338855574 1067.7927314845246656 2000
# Layered model 56607: value=0.895112
11
1.7220076447283114707 405.36620041586814978 190.93664881743518436 2000
1.3179537245288821534 535.60669889535267885 210.91284683560803614 2000
4.3490004469738750004 821.60878219798814825 467.53371708225427028 2000
5.2577457829479801177 863.51908734050743988 486.51746080599923516 2000
3.9274692220654436881 1199.160395071236735 605.57599951097461144 2000
22.805875645195847312 1107.4045059135482916 375.61481475443883937 2000
17.217615009566443973 1152.3695695457072361 682.37819389615174259 2000
44.381332523993727079 1260.3296269017564555 731.60178518299630923 2000
14.485399647726325156 1492.6139621303491367 866.43923619257304836 2000
88.764283726107080952 2072.7782104152565807 901.62014360332864271 2000
0 2907.2310153621906466 1355.8134286164361129 2000
# Layered model 43716: value=0.896689
11
1.929035993283912287 574.24287671104241326 161.22260776824660411 2000
0.81945718778253739956 766.32934506200615488 270.48138294215311817 2000
3.6263586355568637742 898.58142499807229342 368.21371900248880138 2000
5.4288483759471661827 1012.5440412994812505 414.91243500998399441 2000
6.5005493480635845316 1175.5321978935758125 537.41795160518540797 2000
16.372436227962150923 736.42743800497760276 346.87397954152595503 2000
8.2989184138979013028 1477.8356060696526129 537.41795160518540797 2000
52.56344613004507238 1492.6139621303491367 816.22495409250768716 2000
46.233756824917008998 1876.459073860799208 840.95738642646472272 2000
80.814669163164381871 2605.8201113725017422 875.10362855449875497 2000
0 2738.743125805201089 1468.1516627579062515 2000
# Layered model 34498: value=0.897892
11
1.6535832146378517393 409.41986242002684548 153.39777935796792008 2000
1.2502459605536846432 551.83611747858083163 215.15219505700380864 2000
4.0703901056966547145 880.87582099605185704 431.75954367025371994 2000
5.7646560902478993782 907.56723924805316983 481.70045624356362168 2000
5.6564691434207805543 1235.4961542022904268 576.18478477285361805 2000
17.381743125439630404 916.6429116405337254 317.16069348739807765 2000
16.083534950154877663 1272.9329231707740746 668.93264767782739 2000
21.191058477456621745 1434.3726795078839586 724.35820315148146165 2000
53.030302260871579279 1522.6155027691690975 808.1435189034727955 2000
100.57600958668088253 2631.878312486226605 995.94955934066422287 2000
0 2793.7918626338855574 1191.302551316581912 2000
# Layered model 54972: value=0.902872
11
1.9526438462238520088 401.35267367907738389 169.44658106775753481 2000
0.92469934100330508642 609.57038496785742154 259.92729255593883408 2000
6.735954670325926763 805.41984334671917622 406.73702089009316296 2000
1.9780554082566315088 992.59292353639978046 587.76609894678790624 2000
4.3374806393013152217 1311.5040636757717039 630.16481345087822774 2000
17.531631777809668193 585.78515853293447435 357.3846079956137487 2000
27.502378318913471844 1285.6622524024817267 696.09399559346434216 2000
10.245378849536734833 1821.2726900787238264 761.30775138458454876 2000
77.873473974233505146 2072.7782104152565807 840.95738642646472272 2000
38.302408541932891239 2382.6051026331638241 1046.7529962597045596 2000
0 2454.8004198480516607 1342.3895332836000307 2000
# Layered model 41042: value=0.902879
11
1.5371980299106413614 378.09237389591123701 169.44658106775753481 2000
1.6162499062644222203 1002.5188527717638181 215.15219505700380864 2000
3.8656796107469562074 1163.8932652411642721 394.77494527336500596 2000
5.673580279272579574 1235.4961542022904268 431.75954367025371994 2000
4.1301572507637125398 1420.1709698097861292 496.29646176819989023 2000
18.242881003712664523 1187.2875198725116661 340.03919178661499245 2000
11.630799855590126413 1199.160395071236735 710.08548490489306459 2000
41.790708142238486289 1272.9329231707740746 746.30698106517456836 2000
16.811659257144370372 2156.9413175987397153 792.21989893488171219 2000
90.769905577694373733 2430.4954651960906631 947.61183229970356479 2000
0 2821.7297812602246267 1026.1278269382457893 2000
# Layered model 47786: value=0.903176
11
2.0088585188731933329 480.0769874813221918 176.32679173989856736 2000
0.66511106913317297185 603.53503462164098892 192.84601530560954075 2000
3.2663142644648410773 693.74795908305191006 386.9963192563130292 2000
4.8001351240580039104 880.87582099605185704 526.82869483892307017 2000
3.8992756487047603997 1175.5321978935758125 649.2594374632533345 2000
23.785510005831376645 907.56723924805316983 371.89585619251369053 2000
22.537639370768822289 1152.3695695457072361 611.63175950608433595 2000
15.267929476655694998 1311.5040636757717039 800.14209792423037015 2000
72.227718523173720655 1857.8802711493058268 808.1435189034727955 2000
57.629123411803107047 2479.3484240465322728 901.62014360332864271 2000
0 2878.446549863554992 1396.8959313169427787 2000
# Layered model 30227: value=0.903693
11
1.8826731075049070174 381.87329763487036871 172.8524573472194561 2000
2.2684696379704742952 1022.6694817124763404 265.15183113631320566 2000
2.6462983708638345703 1152.3695695457072361 476.93114479560750851 2000
3.5600165460012567209 1298.518874926506669 611.63175950608433595 2000
5.258189653245011641 1311.5040636757717039 731.60178518299630923 2000
19.764487558873945261 707.69229306062129581 320.33230042227205558 2000
12.767065613230478505 1785.3864229768882979 746.30698106517456836 2000
24.284751952046526924 1821.2726900787238264 800.14209792423037015 2000
74.172512637843212246 2093.5059925194091193 808.1435189034727955 2000
33.292793307491990618 2222.2987964632989133 832.63107566976702856 2000
0 2289.6366722949333052 1089.255365387363554 2000
# Layered model 56812: value=0.905486
11
1.4641952553816659499 316.09177094058742341 156.48107472306307386 2000
0.82407155803738363353 579.98530547815289538 185.32123022052309125 2000
4.3795375067675763603 916.6429116405337254 386.9963192563130292 2000
7.2309034723143899015 944.41810850615354411 476.93114479560750851 2000
1.6396097952353745342 1337.86529535565478 516.44808826480050357 2000
23.491802713714168505 736.42743800497760276 383.16467253100307744 2000
10.180772243433288793 1211.1519990219492229 724.35820315148146165 2000
33.799133546608857159 1351.2439483092114187 753.77005087582631404 2000
51.248621329666889324 1507.5401017516526281 840.95738642646472272 2000
54.831067126396874301 2382.6051026331638241 938.22953693039960399 2000
0 2821.7297812602246267 1342.3895332836000307 2000
# Layered model 51560: value=0.906676
11
2.033443252727728634 356.18011931459511743 171.14104687843510533 2000
0.42886183693420498741 401.35267367907738389 242.43887867806770942 2000
3.5162293306246947822 813.47404178018632592 398.72269472609860941 2000
5.9544366317660291088 992.59292353639978046 526.82869483892307017 2000
4.8898940249056543905 1032.8961765296010071 623.92555787215667351 2000
16.937596944881061489 880.87582099605185704 340.03919178661499245 2000
21.131941947822625139 1537.8416577968605452 623.92555787215667351 2000
35.115523798940699862 1553.2200743748294371 808.1435189034727955 2000
23.5378454973184148 2135.5854629690493312 824.38720363343270492 2000
103.07258278987505662 2156.9413175987397153 919.74270848975561421 2000
0 2335.6583694080618443 1057.2205262223017144 2000
# Layered model 58926: value=0.907133
11
1.6874486471596097381 378.09237389591123701 172.8524573472194561 2000
1.2700861599501775956 714.7692159912274974 240.0384937406610959 2000
3.9720635301140139184 1406.1098710987980667 371.89585619251369053 2000
4.8313235218407921678 1434.3726795078839586 414.91243500998399441 2000
2.8787727661693782721 1448.7164063029629233 768.9208288984302726 2000
22.355173775514622037 700.68543867388245872 371.89585619251369053 2000
23.437433702556319304 1235.4961542022904268 724.35820315148146165 2000
34.296249618468856113 1351.2439483092114187 776.61003718741471857 2000
28.740075625711668295 1568.7522751185776997 947.61183229970356479 2000
106.29102935276236508 1665.2621513395340571 986.08867261451916875 2000
0 2529.1833273698675839 1453.6155076810953233 2000
# Layered model 59684: value=0.908967
11
1.7150396823593236917 413.51406104422710541 166.10781400623224613 2000
1.7094847253172553714 475.32374998150709189 242.43887867806770942 2000
5.476130570935522357 898.58142499807229342 476.93114479560750851 2000
4.9980528138889148693 935.06743416450854056 506.27202064974062523 2000
1.0345997671642042093 1337.86529535565478 576.18478477285361805 2000
21.407007294394890806 916.6429116405337254 371.89585619251369053 2000
29.611985145939783592 1064.193963574624604 611.63175950608433595 2000
25.993272049034700899 1991.8991186813284457 776.61003718741471857 2000
40.63638349849922804 2289.6366722949333052 832.63107566976702856 2000
49.777077091306750845 2529.1833273698675839 1179.5074765510712496 2000
0 2936.303325515812503 1215.2477325980453315 2000
# Layered model 47300: value=0.909498
11
2.0500000000000193623 417.64920165466935487 178.09005965729755872 2000
0.82734318722713773298 475.32374998150709189 210.91284683560803614 2000
5.3634978043009100546 829.82487001996798881 481.70045624356362168 2000
3.9992945392695364859 1002.5188527717638181 496.29646176819989023 2000
3.2212352710637510711 1096.4401048648992401 617.74807710114521342 2000
19.138022447340993892 647.07124685298958866 350.34271933694122936 2000
14.827041211071637861 1406.1098710987980667 611.63175950608433595 2000
27.784775808139791309 1803.2402872066572854 849.36696029072936653 2000
31.221138716529253543 1933.3176602578553229 883.85466484004371068 2000
49.315982268743155714 2454.8004198480516607 957.08795062270064591 2000
0 2793.7918626338855574 1005.9090549340709231 2000
# Layered model 59169: value=0.910247
11
1.4881359322718874516 272.26548089724713009 156.48107472306307386 2000
0.63839381068286549237 1032.8961765296010071 221.671521719426039 2000
3.5893355073983790327 1260.3296269017564555 330.03868945736735441 2000
5.5846046363565351456 1378.4039516702264336 532.096981787312302 2000
6.2039590053500468514 1492.6139621303491367 593.64375993625583305 2000
17.483157474125079034 1107.4045059135482916 317.16069348739807765 2000
11.913488738979829407 1378.4039516702264336 703.05493554939903333 2000
43.876961540732366984 1420.1709698097861292 717.18633975394197932 2000
46.89787531088397543 1492.6139621303491367 753.77005087582631404 2000
38.192018589013258634 1632.4499081850153743 816.22495409250768716 2000
0 2244.5217844279318342 1239.6742120232661364 2000
# Layered model 28426: value=0.912762
11
1.4406397287976311361 345.70491469443891219 167.7688921462945757 2000
2.0154074783309150476 944.41810850615354411 252.28286933230072009 2000
5.108349000380477456 1211.1519990219492229 390.86628244887617711 2000
2.6543129977290593757 1406.1098710987980667 599.58019753561836751 2000
3.9386660863636588914 1434.3726795078839586 605.57599951097461144 2000
20.222759582857687377 1406.1098710987980667 340.03919178661499245 2000
12.139918431240502628 1448.7164063029629233 623.92555787215667351 2000
21.009838536914756446 1507.5401017516526281 649.2594374632533345 2000
71.472382683390350167 1648.7744072668654098 738.91780303482630643 2000
28.838932581658326626 1876.459073860799208 919.74270848975561421 2000
0 2135.5854629690493312 1264.591663684933792 2000
# Layered model 46562: value=0.912962
11
1.929035993283912287 872.15427821391256202 162.83483384592906873 2000
1.8586473741442723906 916.6429116405337254 295.82150505913193683 2000
4.6133777164187765862 1211.1519990219492229 343.43958370448115147 2000
5.2476108861971990649 1392.1879911869286843 703.05493554939903333 2000
1.7361330915619994641 1420.1709698097861292 792.21989893488171219 2000
17.630657030699637744 1043.2251382948970786 289.99265273907644769 2000
17.724194600306468317 1285.6622524024817267 717.18633975394197932 2000
20.772546520411317772 1378.4039516702264336 724.35820315148146165 2000
62.746444208136011866 1537.8416577968605452 768.9208288984302726 2000
30.054751185068624864 1568.7522751185776997 928.94013557465291342 2000
0 2504.1419082869974773 1290.0099561250008264 2000
# Layered model 54252: value=0.913386
11
1.8599112147296794628 303.75797892666912503 181.66966985640925714 2000
0.57993505279265122887 535.60669889535267885 196.72222021325231367 2000
5.7482699548494462505 707.69229306062129581 410.80439109899407413 2000
3.403237043437938425 1002.5188527717638181 521.6125691474485393 2000
2.9758446144424919311 1140.9599698472347882 642.83112620124086334 2000
21.530656225186824315 693.74795908305191006 386.9963192563130292 2000
13.762500517784559406 1311.5040636757717039 636.4664615853870373 2000
31.054914545607807952 1568.7522751185776997 768.9208288984302726 2000
32.630504097089712445 1632.4499081850153743 792.21989893488171219 2000
50.76762534030710583 2052.2556538764915786 824.38720363343270492 2000
0 2406.4311536594955214 1277.2375803217830708 2000
# Layered model 56457: value=0.915558
11
1.8903221406445676056 426.04395060792825234 169.44658106775753481 2000
0.61752269768632728209 736.42743800497760276 249.78501914089181923 2000
4.4217534988929063644 781.73256489775235423 333.33907635194100294 2000
3.771895792225668842 925.80934075693903651 559.23927548634185314 2000
5.8726826917950223361 1032.8961765296010071 570.47998492361739409 2000
15.929588913725133636 758.74192580396641006 304.78519248392871077 2000
32.874570582277563346 1298.518874926506669 682.37819389615174259 2000
34.744015674120547033 1732.8784723851460967 800.14209792423037015 2000
22.316163451429048337 2093.5059925194091193 816.22495409250768716 2000
108.36443271114518438 2738.743125805201089 883.85466484004371068 2000
0 2936.303325515812503 1369.3715629026005445 2000
# Layered model 45254: value=0.920013
11
1.5750532137959154522 349.16196384138328312 158.04588547029371171 2000
1.4928910462737976506 773.9926385126260584 244.86326746484840555 2000
4.4646752417731017104 880.87582099605185704 414.91243500998399441 2000
3.6049205733460318868 1298.518874926506669 431.75954367025371994 2000
6.8961222694125066113 1492.6139621303491367 526.82869483892307017 2000
17.425509169062856074 1351.2439483092114187 326.77097966075973545 2000
7.3290219413175208274 1392.1879911869286843 553.70225295677414579 2000
28.420029396389175247 1507.5401017516526281 675.62197415460570937 2000
54.873760477108675104 1750.2072571089975099 717.18633975394197932 2000
114.32637166402433593 2093.5059925194091193 1036.3891052076282904 2000
0 2454.8004198480516607 1122.2608922139659171 2000
# Layered model 31676: value=0.920491
11
1.5943289685113954945 452.25423861197299402 154.93175715154760042 2000
1.2307647798438252629 805.41984334671917622 249.78501914089181923 2000
2.5354225622901345183 889.68457920601224487 320.33230042227205558 2000
5.1484594260066351978 1053.6573896778461403 496.29646176819989023 2000
4.9523950652093642333 1211.1519990219492229 617.74807710114521342 2000
19.997800711802852902 1272.9329231707740746 346.87397954152595503 2000
23.409047427741846548 1285.6622524024817267 623.92555787215667351 2000
17.038516721859082281 1406.1098710987980667 717.18633975394197932 2000
76.969514476095511668 1732.8784723851460967 824.38720363343270492 2000
31.978244495524222657 2793.7918626338855574 875.10362855449875497 2000
0 2995.323022358680646 1482.8331793854854368 2000
