# 60027 2_reports/tar1_lr30_tr0.report
# Layered model 57763: value=0.320875
6
1.9765406158674583281 546.37239354314931461 181.66966985640925714 2000
0.98586615055890902681 609.57038496785742154 192.84601530560954075 2000
18.815285567286174739 889.68457920601224487 462.90467037846951825 2000
11.682773349208158464 1012.5440412994812505 278.67723932668332054 2000
116.99835489215732309 1434.3726795078839586 731.60178518299630923 2000
0 2711.6268572328722257 1302.9100556862508711 2000
# Layered model 47743: value=0.337902
6
1.6603014881169446681 335.53778429258915139 172.8524573472194561 2000
1.7449086990108129136 484.87775735613541883 237.66187499075354594 2000
12.133107400608633242 1477.8356060696526129 506.27202064974062523 2000
18.448905472908752046 686.87916740896230294 326.77097966075973545 2000
119.49581980799197822 1364.7563877923034852 768.9208288984302726 2000
0 2766.1305570632530362 1383.0652785316265181 2000
# Layered model 53762: value=0.3511
6
1.9605771605258315304 393.44444042650462734 164.46318218438835856 2000
1.7636510715305537822 509.61139605124753871 278.67723932668332054 2000
12.283878888052376155 1260.3296269017564555 501.25942638588190903 2000
17.52710680114367392 781.73256489775235423 326.77097966075973545 2000
118.42819485957637937 1477.8356060696526129 738.91780303482630643 2000
0 2529.1833273698675839 1315.9391562431133025 2000
# Layered model 49250: value=0.359392
6
1.9605771605258315304 352.65358347979713471 187.17444252272832728 2000
0.94345848933826736982 813.47404178018632592 198.68944241538483197 2000
17.716307105868061456 1032.8961765296010071 444.84228960300612243 2000
12.765541298771587719 813.47404178018632592 295.82150505913193683 2000
131.16871215391782357 1492.6139621303491367 753.77005087582631404 2000
0 2382.6051026331638241 1410.8648906301123134 2000
# Layered model 56918: value=0.389145
6
1.8152096894560079132 366.97273310994671647 176.32679173989856736 2000
1.2983095945423477335 409.41986242002684548 223.88823693662030223 2000
14.046744277507086096 1235.4961542022904268 496.29646176819989023 2000
18.696747481203740193 1096.4401048648992401 333.33907635194100294 2000
130.34313112779659605 1857.8802711493058268 717.18633975394197932 2000
0 2454.8004198480516607 1383.0652785316265181 2000
# Layered model 59436: value=0.398107
6
1.9845710193466328253 325.66966769185813746 185.32123022052309125 2000
0.89071180230098989661 499.57003828178363847 219.47675417764958183 2000
17.950813656242729621 1163.8932652411642721 458.3214558202668627 2000
15.92194402597276337 1163.8932652411642721 317.16069348739807765 2000
134.48813217455119684 1507.5401017516526281 768.9208288984302726 2000
0 2529.1833273698675839 1410.8648906301123134 2000
# Layered model 59404: value=0.405876
6
1.929035993283912287 319.25268864999327434 183.48636655497335823 2000
0.88959239770483655718 504.56573866460144018 219.47675417764958183 2000
18.31995453267039764 1272.9329231707740746 462.90467037846951825 2000
14.798530064811419749 1187.2875198725116661 314.0204886013842156 2000
123.77795688763509929 1616.287037806945591 717.18633975394197932 2000
0 2995.323022358680646 1329.0985478055445128 2000
# Layered model 47959: value=0.416391
6
1.9685427067557867975 297.77274671764445202 181.66966985640925714 2000
1.0534084356757504874 773.9926385126260584 244.86326746484840555 2000
13.065823712616182917 1364.7563877923034852 486.51746080599923516 2000
19.450609859905021892 1298.518874926506669 323.53562342649479433 2000
144.43255371071975901 2178.5107307747271079 746.30698106517456836 2000
0 2454.8004198480516607 1329.0985478055445128 2000
# Layered model 50408: value=0.425975
6
1.7290039169376343331 319.25268864999327434 167.7688921462945757 2000
2.2243393968273559302 653.5419593215194709 267.80334944767633942 2000
11.975490591346041214 1152.3695695457072361 511.33474085623817018 2000
16.430194926810020917 854.96939340644303229 323.53562342649479433 2000
118.09979174315697037 1492.6139621303491367 724.35820315148146165 2000
0 2631.878312486226605 1342.3895332836000307 2000
# Layered model 55011: value=0.43178
6
1.6335910642871278586 465.95799429615436793 158.04588547029371171 2000
1.9811081663807887931 514.70751001176006412 244.86326746484840555 2000
11.244657593165612752 907.56723924805316983 486.51746080599923516 2000
20.52077805062589988 766.32934506200615488 364.56803861632556618 2000
106.35888015026043263 1857.8802711493058268 724.35820315148146165 2000
0 1972.1773452290383375 1191.302551316581912 2000
# Layered model 54316: value=0.433993
6
1.6535832146378517393 381.87329763487036871 164.46318218438835856 2000
1.6187568440245763135 397.37888483076966395 240.0384937406610959 2000
12.421021832538032825 1199.160395071236735 511.33474085623817018 2000
17.543857251582338108 1012.5440412994812505 314.0204886013842156 2000
120.2458237258543079 1420.1709698097861292 717.18633975394197932 2000
0 2658.1970956110890256 1264.591663684933792 2000
# Layered model 47008: value=0.435127
6
2.0170202253970175299 413.51406104422710541 185.32123022052309125 2000
1.7444502889799315959 591.64301011826387366 244.86326746484840555 2000
12.167363390734081463 1406.1098710987980667 496.29646176819989023 2000
18.747851863485184509 992.59292353639978046 326.77097966075973545 2000
111.35716315038767732 1448.7164063029629233 731.60178518299630923 2000
0 2266.9670022722111753 1252.0709541434987386 2000
# Layered model 54238: value=0.435926
6
1.4523697379179385525 338.89316213551506962 178.09005965729755872 2000
1.8857443559236040098 494.62380027899376955 215.15219505700380864 2000
11.894695085604737983 1406.1098710987980667 532.096981787312302 2000
18.452402537822987227 743.79171238502738106 320.33230042227205558 2000
118.27819706355954565 1311.5040636757717039 768.9208288984302726 2000
0 2658.1970956110890256 1329.0985478055445128 2000
# Layered model 59992: value=0.436673
6
1.6943045110757335436 461.34454880807362542 167.7688921462945757 2000
1.744957777923301645 475.32374998150709189 230.67227440403681271 2000
11.055797854991704199 1012.5440412994812505 511.33474085623817018 2000
20.649020254264343066 751.22962950887767875 346.87397954152595503 2000
108.01232477671197785 1434.3726795078839586 768.9208288984302726 2000
0 2031.9362909668232078 1191.302551316581912 2000
# Layered model 53271: value=0.442724
6
1.8599112147296794628 328.92636436877671713 167.7688921462945757 2000
1.5452989723980781189 736.42743800497760276 259.92729255593883408 2000
12.210437128457726885 1187.2875198725116661 462.90467037846951825 2000
19.764487558873945261 736.42743800497760276 350.34271933694122936 2000
127.54520790615598003 1681.9147728529294454 746.30698106517456836 2000
0 2684.7790665672000614 1396.8959313169427787 2000
# Layered model 58907: value=0.443745
6
2.033443252727728634 381.87329763487036871 179.87096025387054965 2000
1.2716202065213235706 680.0783835732299849 247.31190013949688478 2000
14.550433324874610719 1364.7563877923034852 449.29071249903614671 2000
17.132089582061130528 1053.6573896778461403 323.53562342649479433 2000
137.96094803901365822 1681.9147728529294454 746.30698106517456836 2000
0 2554.4751606435661415 1329.0985478055445128 2000
# Layered model 57333: value=0.453351
6
1.7430818514200134839 363.33933971281851427 164.46318218438835856 2000
2.2102614623449765574 660.07737891473470881 254.80569802562376935 2000
12.294958434403788772 1392.1879911869286843 496.29646176819989023 2000
17.890940875071095206 729.13607723265113236 330.03868945736735441 2000
123.99448992735980823 1616.287037806945591 746.30698106517456836 2000
0 2430.4954651960906631 1342.3895332836000307 2000
# Layered model 55432: value=0.456498
6
1.9368733922361829336 328.92636436877671713 174.58098192069164156 2000
0.85384778696059804304 628.0409772027684312 215.15219505700380864 2000
15.422884495905920588 1140.9599698472347882 449.29071249903614671 2000
15.246860007817996774 736.42743800497760276 326.77097966075973545 2000
112.57338323606319364 1392.1879911869286843 753.77005087582631404 2000
0 2580.0199122500016529 1264.591663684933792 2000
# Layered model 59312: value=0.457063
6
1.9134562072253982201 385.69203061121908149 171.14104687843510533 2000
2.3674481097349571179 546.37239354314931461 287.12143835552120663 2000
12.709822523885804912 1107.4045059135482916 506.27202064974062523 2000
16.619402300847180953 789.54989054673001192 323.53562342649479433 2000
121.40774415563015509 1665.2621513395340571 724.35820315148146165 2000
0 2849.9470790728269094 1329.0985478055445128 2000
# Layered model 53779: value=0.457449
6
1.8674677695354939821 338.89316213551506962 176.32679173989856736 2000
0.78780767614768842932 417.64920165466935487 190.93664881743518436 2000
15.023815984310994409 1223.2635190121686719 453.78361962402658492 2000
15.336370662311619384 813.47404178018632592 320.33230042227205558 2000
113.01838682667809621 1311.5040636757717039 731.60178518299630923 2000
0 2793.7918626338855574 1342.3895332836000307 2000
# Layered model 48648: value=0.459521
6
1.7932634428392972836 338.89316213551506962 192.84601530560954075 2000
1.351391033999041813 789.54989054673001192 202.68310020793407489 2000
12.393663110898051727 1492.6139621303491367 467.53371708225427028 2000
20.55953651770264301 1311.5040636757717039 343.43958370448115147 2000
125.21436646942768789 1477.8356060696526129 717.18633975394197932 2000
0 2529.1833273698675839 1369.3715629026005445 2000
# Layered model 35400: value=0.461727
6
1.5943289685113954945 426.04395060792825234 161.22260776824660411 2000
1.7437851253301470678 484.87775735613541883 226.12711930598649701 2000
11.229083786410665624 1012.5440412994812505 476.93114479560750851 2000
21.050576992499621554 758.74192580396641006 357.3846079956137487 2000
101.95271668720965863 1600.2841958484607403 746.30698106517456836 2000
0 1972.1773452290383375 1203.2155768297477607 2000
# Layered model 59658: value=0.462163
6
1.9368733922361829336 494.62380027899376955 172.8524573472194561 2000
1.3030672599048349625 562.92802343990035752 228.38839049904632361 2000
16.775257403603173856 838.12311872016766756 476.93114479560750851 2000
13.370685998759554991 1107.4045059135482916 301.76751731082049446 2000
132.81425811600203701 1839.4854169795112284 738.91780303482630643 2000
0 2479.3484240465322728 1277.2375803217830708 2000
# Layered model 56261: value=0.466168
6
1.7011882293921174458 405.36620041586814978 174.58098192069164156 2000
1.4749127922146052505 456.77678099809264722 217.30371700757382314 2000
12.132517458400737809 1260.3296269017564555 491.38263541405922297 2000
17.486566113682307844 736.42743800497760276 314.0204886013842156 2000
131.75941161473178909 1681.9147728529294454 746.30698106517456836 2000
0 2156.9413175987397153 1227.4002099240258303 2000
# Layered model 45774: value=0.467616
6
1.6670470569859159315 306.79555871593584015 171.14104687843510533 2000
1.8764283186320789287 854.96939340644303229 252.28286933230072009 2000
11.538839581787016186 1492.6139621303491367 444.84228960300612243 2000
21.42054447285690344 773.9926385126260584 368.21371900248880138 2000
115.46054935056690738 1448.7164063029629233 746.30698106517456836 2000
0 2554.4751606435661415 1369.3715629026005445 2000
# Layered model 56537: value=0.469656
6
1.8078645926751237827 352.65358347979713471 179.87096025387054965 2000
1.5636306421048342674 766.32934506200615488 232.97899714807718397 2000
14.484001549343703985 1298.518874926506669 476.93114479560750851 2000
15.679717137128772464 1211.1519990219492229 307.83304440876798935 2000
144.65383402495797327 2011.8181098681418462 731.60178518299630923 2000
0 2738.743125805201089 1468.1516627579062515 2000
# Layered model 59009: value=0.470256
6
1.7150396823593236917 359.7419205077410993 171.14104687843510533 2000
1.724222606639711497 898.58142499807229342 230.67227440403681271 2000
18.230585458618985939 1085.5842622424745514 440.43791049802592852 2000
11.125336846071746777 1247.851115744313347 287.12143835552120663 2000
103.41322289142060242 1272.9329231707740746 710.08548490489306459 2000
0 2200.2958380824743472 1315.9391562431133025 2000
# Layered model 43551: value=0.474871
6
1.7501637451345961605 289.01529428549946488 169.44658106775753481 2000
2.1252830872984889155 766.32934506200615488 287.12143835552120663 2000
10.764247792800887282 1163.8932652411642721 486.51746080599923516 2000
19.882578385558751677 751.22962950887767875 346.87397954152595503 2000
115.9365475642852914 1477.8356060696526129 724.35820315148146165 2000
0 2711.6268572328722257 1424.9735395364134547 2000
# Layered model 55879: value=0.474948
6
1.6738200321420535488 366.97273310994671647 183.48636655497335823 2000
1.2592559742206863582 653.5419593215194709 194.77447545866564838 2000
14.922420777760923016 1492.6139621303491367 458.3214558202668627 2000
14.866589057910648108 1064.193963574624604 314.0204886013842156 2000
119.24132293879449662 1434.3726795078839586 710.08548490489306459 2000
0 2711.6268572328722257 1396.8959313169427787 2000
# Layered model 36710: value=0.476569
6
1.6468921261000859513 546.37239354314931461 176.32679173989856736 2000
1.3451387079905450239 562.92802343990035752 194.77447545866564838 2000
13.747526292082650201 889.68457920601224487 449.29071249903614671 2000
18.957785256196132195 714.7692159912274974 368.21371900248880138 2000
124.0177274937362597 1732.8784723851460967 761.30775138458454876 2000
0 2936.303325515812503 1302.9100556862508711 2000
# Layered model 58743: value=0.478531
6
1.5560105067934166811 417.64920165466935487 176.32679173989856736 2000
1.7490529524556355234 621.82274970571131689 213.02197530396412617 2000
14.37402797074512506 1324.6191043125295437 511.33474085623817018 2000
14.392394234589279023 821.60878219798814825 287.12143835552120663 2000
116.89764361767200285 1434.3726795078839586 753.77005087582631404 2000
0 2554.4751606435661415 1264.591663684933792 2000
# Layered model 39941: value=0.479674
6
1.929035993283912287 443.343043438852078 181.66966985640925714 2000
1.1536563671104991258 475.32374998150709189 215.15219505700380864 2000
16.248912337816335594 1064.193963574624604 491.38263541405922297 2000
14.054279356293001513 1002.5188527717638181 281.46401171995017876 2000
143.03891589223920278 1839.4854169795112284 746.30698106517456836 2000
0 2658.1970956110890256 1290.0099561250008264 2000
# Layered model 46264: value=0.479812
6
1.9526438462238520088 349.16196384138328312 178.09005965729755872 2000
1.1608754377745036379 452.25423861197299402 226.12711930598649701 2000
13.961765506905274847 1247.851115744313347 501.25942638588190903 2000
17.834316074711736633 846.50434990736948748 314.0204886013842156 2000
123.22413168498431446 1616.287037806945591 768.9208288984302726 2000
0 2093.5059925194091193 1191.302551316581912 2000
# Layered model 50728: value=0.479813
6
1.7644139676448375997 309.86351430309520083 174.58098192069164156 2000
0.83854206184558743864 352.65358347979713471 215.15219505700380864 2000
12.705662450517035467 1152.3695695457072361 496.29646176819989023 2000
19.678967886177332502 680.0783835732299849 333.33907635194100294 2000
116.97582241464402841 1434.3726795078839586 792.21989893488171219 2000
0 2052.2556538764915786 1227.4002099240258303 2000
# Layered model 55202: value=0.481314
6
1.8005492172245267657 484.87775735613541883 181.66966985640925714 2000
1.0747336044230959562 562.92802343990035752 190.93664881743518436 2000
17.239525105613033418 838.12311872016766756 453.78361962402658492 2000
13.645654094578716808 889.68457920601224487 298.77972010972325734 2000
134.10168157037148262 2031.9362909668232078 761.30775138458454876 2000
0 2382.6051026331638241 1315.9391562431133025 2000
# Layered model 46957: value=0.481741
6
1.778780218636503152 434.60743401514764628 172.8524573472194561 2000
1.6264299684912544297 452.25423861197299402 230.67227440403681271 2000
13.755053374377684605 1118.4785509726837063 501.25942638588190903 2000
19.834604839243151986 1272.9329231707740746 346.87397954152595503 2000
110.4993190074251288 1324.6191043125295437 731.60178518299630923 2000
0 2312.5330390178828566 1264.591663684933792 2000
# Layered model 38827: value=0.48501
6
1.9685427067557867975 332.21562801246449226 198.68944241538483197 2000
0.96453329960695310952 494.62380027899376955 208.82460082733467743 2000
18.629461208749717116 1211.1519990219492229 472.20905425307677206 2000
14.055237657639374049 1247.851115744313347 298.77972010972325734 2000
117.86526799588529002 1600.2841958484607403 724.35820315148146165 2000
0 2936.303325515812503 1302.9100556862508711 2000
# Layered model 54520: value=0.488327
6
1.5560105067934166811 297.77274671764445202 169.44658106775753481 2000
2.0586887238744999706 504.56573866460144018 252.28286933230072009 2000
11.17107306631396213 1211.1519990219492229 548.22005243244962003 2000
18.303443928111367001 680.0783835732299849 343.43958370448115147 2000
108.64979879962660902 1857.8802711493058268 724.35820315148146165 2000
0 2605.8201113725017422 1167.8291847040309221 2000
# Layered model 52282: value=0.488559
6
1.640228112502017277 335.53778429258915139 192.84601530560954075 2000
1.1504930666947636997 430.30439011400761729 196.72222021325231367 2000
14.8883702507973954 1364.7563877923034852 453.78361962402658492 2000
14.320908570005823179 766.32934506200615488 314.0204886013842156 2000
127.71506987610567307 1895.2236645994071296 731.60178518299630923 2000
0 2684.7790665672000614 1191.302551316581912 2000
# Layered model 58529: value=0.491726
6
1.8674677695354939821 335.53778429258915139 174.58098192069164156 2000
1.931617449985224777 525.05313096299641984 254.80569802562376935 2000
10.270588745100891259 1260.3296269017564555 570.47998492361739409 2000
18.289354867299440599 773.9926385126260584 320.33230042227205558 2000
98.534573514576123898 1715.7212597872733113 696.09399559346434216 2000
0 2936.303325515812503 1122.2608922139659171 2000
# Layered model 54365: value=0.49196
6
1.778780218636503152 306.79555871593584015 185.32123022052309125 2000
0.85020537114882599461 409.41986242002684548 190.93664881743518436 2000
15.315372855141070829 1378.4039516702264336 481.70045624356362168 2000
15.665770696766941228 773.9926385126260584 326.77097966075973545 2000
101.24968024950504741 1311.5040636757717039 703.05493554939903333 2000
0 2711.6268572328722257 1302.9100556862508711 2000
# Layered model 53389: value=0.493166
6
1.4941820169675747998 389.54895091733129675 166.10781400623224613 2000
1.911028170160182782 452.25423861197299402 228.38839049904632361 2000
11.827598992318524296 1492.6139621303491367 542.79213112123727569 2000
18.678658138130199262 751.22962950887767875 314.0204886013842156 2000
118.05194146325233362 1324.6191043125295437 768.9208288984302726 2000
0 2793.7918626338855574 1482.8331793854854368 2000
# Layered model 59101: value=0.494764
6
2.0252150917739397684 366.97273310994671647 189.04618694795561851 2000
0.82159958312469649755 489.7265349296968111 194.77447545866564838 2000
12.310560616703105197 813.47404178018632592 496.29646176819989023 2000
17.637809302088026442 597.55944021944651467 343.43958370448115147 2000
131.75941161473178909 1616.287037806945591 808.1435189034727955 2000
0 2684.7790665672000614 1424.9735395364134547 2000
# Layered model 51817: value=0.497793
6
1.5002526660456916296 366.97273310994671647 185.32123022052309125 2000
1.5216984763858456553 781.73256489775235423 190.93664881743518436 2000
11.985675184561952022 1085.5842622424745514 476.93114479560750851 2000
17.423690213718970199 829.82487001996798881 326.77097966075973545 2000
103.77709094439791215 1584.4397978697634244 696.09399559346434216 2000
0 2200.2958380824743472 1167.8291847040309221 2000
# Layered model 42512: value=0.49839
6
1.7860071497411575958 349.16196384138328312 185.32123022052309125 2000
1.0892756719064651261 634.3213869747961553 189.04618694795561851 2000
11.910489475334255616 1235.4961542022904268 453.78361962402658492 2000
19.582775544779007504 700.68543867388245872 340.03919178661499245 2000
117.59486093906792803 1364.7563877923034852 784.37613755928884984 2000
0 2479.3484240465322728 1355.8134286164361129 2000
# Layered model 54989: value=0.499225
6
1.7860071497411575958 309.86351430309520083 185.32123022052309125 2000
1.2060236843494733794 1187.2875198725116661 213.02197530396412617 2000
19.894071630662637062 1311.5040636757717039 440.43791049802592852 2000
9.7630475589208138842 1260.3296269017564555 244.86326746484840555 2000
128.66307055119264646 1537.8416577968605452 717.18633975394197932 2000
0 2554.4751606435661415 1315.9391562431133025 2000
# Layered model 51640: value=0.499239
6
1.829989530513397078 312.96214944612614772 189.04618694795561851 2000
1.103086475849342829 944.41810850615354411 198.68944241538483197 2000
15.100586338238613848 1107.4045059135482916 496.29646176819989023 2000
15.953560716043789114 898.58142499807229342 298.77972010972325734 2000
117.976185720183679 1392.1879911869286843 731.60178518299630923 2000
0 2529.1833273698675839 1410.8648906301123134 2000
# Layered model 57887: value=0.499433
6
1.9447426334260016212 475.32374998150709189 183.48636655497335823 2000
1.3933714604155409411 854.96939340644303229 219.47675417764958183 2000
17.59162786327786776 1043.2251382948970786 462.90467037846951825 2000
12.906138472978575749 743.79171238502738106 310.91137485285565845 2000
140.84213931915246576 1732.8784723851460967 761.30775138458454876 2000
0 2359.0149531021424991 1410.8648906301123134 2000
# Layered model 44581: value=0.501278
6
1.7932634428392972836 325.66966769185813746 189.04618694795561851 2000
1.2286876995922400013 854.96939340644303229 208.82460082733467743 2000
19.192513426968268675 1002.5188527717638181 440.43791049802592852 2000
9.8570210951836507718 1152.3695695457072361 252.28286933230072009 2000
111.08491951038359957 1272.9329231707740746 738.91780303482630643 2000
0 2359.0149531021424991 1290.0099561250008264 2000
# Layered model 44152: value=0.50452
6
1.5686798904506438213 409.41986242002684548 176.32679173989856736 2000
1.2220412887461371554 640.66460084454411117 185.32123022052309125 2000
11.776476701055425877 1187.2875198725116661 449.29071249903614671 2000
20.420388485932583933 660.07737891473470881 350.34271933694122936 2000
111.04626255279910652 1337.86529535565478 792.21989893488171219 2000
0 2382.6051026331638241 1410.8648906301123134 2000
# Layered model 56446: value=0.505669
6
2.0417048435295153119 430.30439011400761729 174.58098192069164156 2000
1.5017705320884795483 530.30366227262641132 257.35375500588003206 2000
12.948625015683667527 838.12311872016766756 496.29646176819989023 2000
19.284987248694839934 634.3213869747961553 360.95845407556987539 2000
133.76367738813647179 1632.4499081850153743 849.36696029072936653 2000
0 2529.1833273698675839 1453.6155076810953233 2000
# Layered model 50753: value=0.506062
6
2.0007298380238482949 401.35267367907738389 185.32123022052309125 2000
0.874552983623774427 494.62380027899376955 198.68944241538483197 2000
12.357526357798658267 821.60878219798814825 472.20905425307677206 2000
17.562375414243486915 579.98530547815289538 353.8461465303106479 2000
138.44098808472455175 1463.2035703659926185 875.10362855449875497 2000
0 2605.8201113725017422 1383.0652785316265181 2000
# Layered model 48258: value=0.507883
6
2.0252150917739397684 519.85458511187766817 171.14104687843510533 2000
0.85006772987368295347 686.87916740896230294 217.30371700757382314 2000
17.541338978567317497 898.58142499807229342 467.53371708225427028 2000
12.969262254288807412 916.6429116405337254 284.27865183714970954 2000
129.53945872611166124 1803.2402872066572854 746.30698106517456836 2000
0 2529.1833273698675839 1315.9391562431133025 2000
# Layered model 54507: value=0.508234
6
1.4701440725112584484 300.75047418482091643 162.83483384592906873 2000
1.8679700213302841139 916.6429116405337254 230.67227440403681271 2000
13.484750983116768452 1364.7563877923034852 444.84228960300612243 2000
20.754401669728014923 781.73256489775235423 375.61481475443883937 2000
125.34807603392908959 2031.9362909668232078 746.30698106517456836 2000
0 2554.4751606435661415 1302.9100556862508711 2000
# Layered model 51147: value=0.509102
6
1.7501637451345961605 309.86351430309520083 181.66966985640925714 2000
0.60625839200252973349 312.96214944612614772 183.48636655497335823 2000
14.550165490264479473 1199.160395071236735 462.90467037846951825 2000
16.853874394437767137 953.86228959121501703 326.77097966075973545 2000
92.025717051694243764 1152.3695695457072361 689.20197583511321682 2000
0 2849.9470790728269094 1355.8134286164361129 2000
# Layered model 55499: value=0.509995
6
1.6468921261000859513 421.82569367121607229 183.48636655497335823 2000
1.3451387079905450239 666.67815270388200588 202.68310020793407489 2000
14.687060595903545845 1260.3296269017564555 444.84228960300612243 2000
19.233317343487275508 1152.3695695457072361 357.3846079956137487 2000
118.10546452384204485 1434.3726795078839586 724.35820315148146165 2000
0 2711.6268572328722257 1383.0652785316265181 2000
# Layered model 37133: value=0.510144
6
1.9134562072253982201 335.53778429258915139 185.32123022052309125 2000
0.84963406920705830672 714.7692159912274974 198.68944241538483197 2000
14.828453112723462226 1311.5040636757717039 436.07713910695628101 2000
18.911316041105994401 1107.4045059135482916 336.67246711546039251 2000
120.06519260003480554 1492.6139621303491367 724.35820315148146165 2000
0 2605.8201113725017422 1396.8959313169427787 2000
# Layered model 47335: value=0.51158
6
1.6603014881169446681 530.30366227262641132 183.48636655497335823 2000
1.331729345973686307 557.35447865336664108 192.84601530560954075 2000
15.772249728728006346 925.80934075693903651 458.3214558202668627 2000
17.983759941044478836 743.79171238502738106 353.8461465303106479 2000
136.20049390133533507 1537.8416577968605452 776.61003718741471857 2000
0 2766.1305570632530362 1369.3715629026005445 2000
# Layered model 51704: value=0.515923
6
1.7932634428392972836 359.7419205077410993 178.09005965729755872 2000
0.96982683359315924321 519.85458511187766817 194.77447545866564838 2000
14.14349735096914884 1223.2635190121686719 449.29071249903614671 2000
17.38535451829233125 707.69229306062129581 350.34271933694122936 2000
116.16687842938408437 1420.1709698097861292 768.9208288984302726 2000
0 2454.8004198480516607 1290.0099561250008264 2000
# Layered model 41806: value=0.517276
6
1.8078645926751237827 303.75797892666912503 179.87096025387054965 2000
1.3056546913232318641 686.87916740896230294 223.88823693662030223 2000
13.62603784217492553 1298.518874926506669 481.70045624356362168 2000
20.83770962051304565 1074.8359032103708159 343.43958370448115147 2000
131.96349828144664684 1803.2402872066572854 724.35820315148146165 2000
0 2430.4954651960906631 1369.3715629026005445 2000
# Layered model 58415: value=0.519233
6
1.9765406158674583281 322.44521553649320822 181.66966985640925714 2000
0.89874220578016439376 465.95799429615436793 230.67227440403681271 2000
14.370382425306523544 1298.518874926506669 458.3214558202668627 2000
18.292719467998594496 1002.5188527717638181 323.53562342649479433 2000
132.32375887725811481 1681.9147728529294454 761.30775138458454876 2000
0 2222.2987964632989133 1355.8134286164361129 2000
# Layered model 52443: value=0.521207
6
1.8225846283207178811 345.70491469443891219 190.93664881743518436 2000
1.2601077320736935317 673.34493423092078501 198.68944241538483197 2000
14.24879959158062448 944.41810850615354411 521.6125691474485393 2000
16.203721969277399495 1032.8961765296010071 307.83304440876798935 2000
88.551612232981725015 1235.4961542022904268 738.91780303482630643 2000
0 2052.2556538764915786 1252.0709541434987386 2000
# Layered model 57133: value=0.521302
6
1.8750550255490225915 421.82569367121607229 189.04618694795561851 2000
1.2384642584493330553 525.05313096299641984 202.68310020793407489 2000
14.304226507769653765 1223.2635190121686719 453.78361962402658492 2000
17.414043398880973967 743.79171238502738106 343.43958370448115147 2000
118.65125367798813727 1553.2200743748294371 768.9208288984302726 2000
0 2430.4954651960906631 1277.2375803217830708 2000
# Layered model 51915: value=0.523904
6
1.4232221075951467792 319.25268864999327434 183.48636655497335823 2000
1.4235925673034894867 846.50434990736948748 192.84601530560954075 2000
11.433968578254212645 1337.86529535565478 440.43791049802592852 2000
22.303620901033092139 863.51908734050743988 360.95845407556987539 2000
116.89863871445118093 1568.7522751185776997 731.60178518299630923 2000
0 2312.5330390178828566 1369.3715629026005445 2000
# Layered model 53257: value=0.524488
6
1.9368733922361829336 426.04395060792825234 172.8524573472194561 2000
1.9002026794797428622 758.74192580396641006 257.35375500588003206 2000
13.069511555685680904 1406.1098710987980667 453.78361962402658492 2000
17.538737041960423824 736.42743800497760276 336.67246711546039251 2000
95.152301416278731949 1378.4039516702264336 717.18633975394197932 2000
0 2200.2958380824743472 1264.591663684933792 2000
# Layered model 33787: value=0.524688
6
2.033443252727728634 401.35267367907738389 171.14104687843510533 2000
0.75727792646905234264 525.05313096299641984 213.02197530396412617 2000
15.24294116540457189 1074.8359032103708159 472.20905425307677206 2000
15.055553880491892471 880.87582099605185704 295.82150505913193683 2000
133.1109259454125322 1522.6155027691690975 761.30775138458454876 2000
0 2878.446549863554992 1410.8648906301123134 2000
# Layered model 57492: value=0.524942
6
1.829989530513397078 381.87329763487036871 178.09005965729755872 2000
1.3146649463249420187 480.0769874813221918 232.97899714807718397 2000
13.429522344406153778 1223.2635190121686719 462.90467037846951825 2000
20.420691579504101298 925.80934075693903651 346.87397954152595503 2000
127.55972780767297081 1537.8416577968605452 731.60178518299630923 2000
0 2312.5330390178828566 1410.8648906301123134 2000
# Layered model 44838: value=0.525663
6
1.7150396823593236917 322.44521553649320822 179.87096025387054965 2000
1.3069114600722135933 686.87916740896230294 208.82460082733467743 2000
13.634710579489794924 1199.160395071236735 462.90467037846951825 2000
16.506473397309306961 743.79171238502738106 330.03868945736735441 2000
103.04527236587972538 1648.7744072668654098 689.20197583511321682 2000
0 2907.2310153621906466 1191.302551316581912 2000
# Layered model 57910: value=0.528011
6
1.5814524310477200419 306.79555871593584015 171.14104687843510533 2000
1.8237577560800375398 721.91690815113975077 240.0384937406610959 2000
11.234484438106214554 1477.8356060696526129 444.84228960300612243 2000
19.959698623968378683 743.79171238502738106 346.87397954152595503 2000
131.6007489213034205 1767.7093296800874214 746.30698106517456836 2000
0 2244.5217844279318342 1355.8134286164361129 2000
# Layered model 51780: value=0.529083
6
1.6806205249332053508 332.21562801246449226 162.83483384592906873 2000
1.4640339519051337458 1043.2251382948970786 219.47675417764958183 2000
18.41788273827411615 1053.6573896778461403 462.90467037846951825 2000
11.23264737857731177 1298.518874926506669 273.1861967715746573 2000
110.36122058127729417 1311.5040636757717039 717.18633975394197932 2000
0 2406.4311536594955214 1342.3895332836000307 2000
# Layered model 44448: value=0.52983
6
1.9134562072253982201 378.09237389591123701 185.32123022052309125 2000
1.4917539799023593616 470.61757423911592468 228.38839049904632361 2000
13.501377440273849118 1311.5040636757717039 486.51746080599923516 2000
18.870500012594895622 982.76527082811844593 340.03919178661499245 2000
132.08505595221436124 1584.4397978697634244 738.91780303482630643 2000
0 2479.3484240465322728 1453.6155076810953233 2000
# Layered model 40542: value=0.531353
6
1.7220076447283114707 363.33933971281851427 187.17444252272832728 2000
1.1532751769193112512 480.0769874813221918 196.72222021325231367 2000
14.716260567508296475 1378.4039516702264336 458.3214558202668627 2000
15.350328964467930604 805.41984334671917622 336.67246711546039251 2000
114.55231505454987939 1507.5401017516526281 696.09399559346434216 2000
0 2793.7918626338855574 1302.9100556862508711 2000
# Layered model 46786: value=0.532186
6
1.6269808723422114483 363.33933971281851427 181.66966985640925714 2000
1.5491201492645112481 557.35447865336664108 200.67633683953869195 2000
14.590974150590000136 1364.7563877923034852 491.38263541405922297 2000
14.955010669837587756 898.58142499807229342 298.77972010972325734 2000
116.2470434402211481 1364.7563877923034852 724.35820315148146165 2000
0 2738.743125805201089 1355.8134286164361129 2000
# Layered model 45906: value=0.532548
6
1.8225846283207178811 514.70751001176006412 176.32679173989856736 2000
1.548910606459240169 634.3213869747961553 219.47675417764958183 2000
12.089875567081396213 1012.5440412994812505 506.27202064974062523 2000
18.67787182137851687 829.82487001996798881 320.33230042227205558 2000
130.41535358518169119 1681.9147728529294454 738.91780303482630643 2000
0 2156.9413175987397153 1227.4002099240258303 2000
# Layered model 58755: value=0.53257
6
1.4406397287976311361 294.82450170063805217 171.14104687843510533 2000
2.3208307855793179897 1272.9329231707740746 244.86326746484840555 2000
15.190043627202026499 1392.1879911869286843 453.78361962402658492 2000
18.291840040661874411 758.74192580396641006 343.43958370448115147 2000
122.47171569386482304 1785.3864229768882979 746.30698106517456836 2000
0 2479.3484240465322728 1315.9391562431133025 2000
# Layered model 57532: value=0.533127
6
1.8225846283207178811 359.7419205077410993 171.14104687843510533 2000
1.5826255588070397007 805.41984334671917622 235.30878711955796234 2000
15.640620177724528617 1152.3695695457072361 462.90467037846951825 2000
16.255444038938456686 781.73256489775235423 346.87397954152595503 2000
127.62406837682466687 1698.7339205814587331 738.91780303482630643 2000
0 2849.9470790728269094 1383.0652785316265181 2000
# Layered model 58686: value=0.533554
6
1.8152096894560079132 363.33933971281851427 183.48636655497335823 2000
1.2983095945423477335 653.5419593215194709 200.67633683953869195 2000
14.132145962955791063 1337.86529535565478 481.70045624356362168 2000
15.476420595080163878 721.91690815113975077 317.16069348739807765 2000
111.86588338468240522 1364.7563877923034852 724.35820315148146165 2000
0 2504.1419082869974773 1369.3715629026005445 2000
# Layered model 56424: value=0.533631
6
1.8674677695354939821 322.44521553649320822 183.48636655497335823 2000
0.86826517742733422267 628.0409772027684312 185.32123022052309125 2000
13.114220309402616849 1324.6191043125295437 453.78361962402658492 2000
19.451321147425296942 935.06743416450854056 336.67246711546039251 2000
124.41379547231493063 1600.2841958484607403 746.30698106517456836 2000
0 2454.8004198480516607 1410.8648906301123134 2000
# Layered model 56919: value=0.534622
6
1.6269808723422114483 312.96214944612614772 172.8524573472194561 2000
1.6780825869068407563 461.34454880807362542 244.86326746484840555 2000
10.905000401993863335 1260.3296269017564555 496.29646176819989023 2000
21.567023778753586782 615.66608881753597871 360.95845407556987539 2000
114.6817329350815271 1392.1879911869286843 816.22495409250768716 2000
0 2684.7790665672000614 1239.6742120232661364 2000
# Layered model 52429: value=0.534765
6
1.9057135639871585209 338.89316213551506962 187.17444252272832728 2000
1.2078057200111971259 461.34454880807362542 219.47675417764958183 2000
12.502128031587128376 1235.4961542022904268 537.41795160518540797 2000
20.002127557166346605 907.56723924805316983 326.77097966075973545 2000
108.97019435396489939 1568.7522751185776997 753.77005087582631404 2000
0 2093.5059925194091193 1122.2608922139659171 2000
# Layered model 55263: value=0.535064
6
1.6335910642871278586 332.21562801246449226 181.66966985640925714 2000
1.4185795895687249857 898.58142499807229342 215.15219505700380864 2000
17.162742874540121818 1032.8961765296010071 444.84228960300612243 2000
12.948221590834663175 992.59292353639978046 289.99265273907644769 2000
99.039403250731510298 1247.851115744313347 746.30698106517456836 2000
0 2554.4751606435661415 1329.0985478055445128 2000
# Layered model 45427: value=0.535718
6
1.829989530513397078 426.04395060792825234 185.32123022052309125 2000
1.5415057042665609721 475.32374998150709189 219.47675417764958183 2000
11.710819722625052108 889.68457920601224487 491.38263541405922297 2000
22.078025735754650327 707.69229306062129581 371.89585619251369053 2000
103.17531774715703818 1448.7164063029629233 800.14209792423037015 2000
0 2658.1970956110890256 1277.2375803217830708 2000
# Layered model 54963: value=0.536734
6
1.6468921261000859513 378.09237389591123701 181.66966985640925714 2000
1.1438290530966950254 540.96276588430623633 183.48636655497335823 2000
14.369542382308660322 1337.86529535565478 449.29071249903614671 2000
15.416113213933851256 640.66460084454411117 330.03868945736735441 2000
140.37215762975915823 2289.6366722949333052 731.60178518299630923 2000
0 2406.4311536594955214 1277.2375803217830708 2000
# Layered model 58754: value=0.537464
6
1.7290039169376343331 385.69203061121908149 181.66966985640925714 2000
1.5433361417247937197 603.53503462164098892 221.671521719426039 2000
14.145405733105581803 1223.2635190121686719 458.3214558202668627 2000
16.418134638329977548 700.68543867388245872 317.16069348739807765 2000
132.36426174040781234 1522.6155027691690975 792.21989893488171219 2000
0 2178.5107307747271079 1215.2477325980453315 2000
# Layered model 59055: value=0.537854
6
1.5686798904506438213 322.44521553649320822 181.66966985640925714 2000
1.3643961159120960858 530.30366227262641132 208.82460082733467743 2000
11.418778588729329826 1378.4039516702264336 458.3214558202668627 2000
20.170418415700652304 634.3213869747961553 343.43958370448115147 2000
112.97191439738099916 1537.8416577968605452 768.9208288984302726 2000
0 2631.878312486226605 1264.591663684933792 2000
# Layered model 43674: value=0.538622
6
1.4641952553816659499 393.44444042650462734 178.09005965729755872 2000
1.411087566265956772 944.41810850615354411 189.04618694795561851 2000
14.891792350549099666 1378.4039516702264336 436.07713910695628101 2000
15.768138749055712111 686.87916740896230294 336.67246711546039251 2000
98.667324448709720741 1285.6622524024817267 753.77005087582631404 2000
0 2359.0149531021424991 1424.9735395364134547 2000
# Layered model 59744: value=0.538751
6
1.7360286140061478299 378.09237389591123701 179.87096025387054965 2000
1.4086258628321912667 443.343043438852078 217.30371700757382314 2000
16.186950221372406133 1235.4961542022904268 486.51746080599923516 2000
14.960337447483190942 872.15427821391256202 307.83304440876798935 2000
120.72593115162955257 1420.1709698097861292 768.9208288984302726 2000
0 2135.5854629690493312 1179.5074765510712496 2000
# Layered model 55566: value=0.539094
6
1.5878776474093179161 401.35267367907738389 178.09005965729755872 2000
1.9205138135985979631 551.83611747858083163 219.47675417764958183 2000
11.724417718438365554 1420.1709698097861292 511.33474085623817018 2000
19.366584069756068942 700.68543867388245872 340.03919178661499245 2000
120.4184800481211397 1406.1098710987980667 761.30775138458454876 2000
0 2504.1419082869974773 1329.0985478055445128 2000
# Layered model 58722: value=0.539875
6
1.8005492172245267657 325.66966769185813746 176.32679173989856736 2000
1.0747336044230959562 700.68543867388245872 204.70993121001342274 2000
15.703613957247835486 1107.4045059135482916 453.78361962402658492 2000
17.358216209575108024 1064.193963574624604 343.43958370448115147 2000
126.98822979214483553 1420.1709698097861292 753.77005087582631404 2000
0 2684.7790665672000614 1410.8648906301123134 2000
# Layered model 49955: value=0.540139
6
1.4701440725112584484 417.64920165466935487 179.87096025387054965 2000
1.8349193867377937561 603.53503462164098892 213.02197530396412617 2000
13.024101403288526058 1420.1709698097861292 462.90467037846951825 2000
15.670835137462422182 805.41984334671917622 304.78519248392871077 2000
135.86214359221085601 1507.5401017516526281 731.60178518299630923 2000
0 2684.7790665672000614 1410.8648906301123134 2000
# Layered model 35540: value=0.540243
6
1.8005492172245267657 438.95350835529916367 169.44658106775753481 2000
0.96254105920792976114 773.9926385126260584 185.32123022052309125 2000
15.723802565475100579 1311.5040636757717039 476.93114479560750851 2000
14.898991212596190081 846.50434990736948748 301.76751731082049446 2000
127.92633652036298031 1351.2439483092114187 753.77005087582631404 2000
0 2658.1970956110890256 1424.9735395364134547 2000
# Layered model 51705: value=0.542432
6
1.5943289685113954945 634.3213869747961553 194.77447545866564838 2000
1.71073449073765671 872.15427821391256202 196.72222021325231367 2000
14.026428492725983688 1260.3296269017564555 467.53371708225427028 2000
16.203721969277399495 854.96939340644303229 320.33230042227205558 2000
105.41098255430866004 1235.4961542022904268 738.91780303482630643 2000
0 2684.7790665672000614 1453.6155076810953233 2000
# Layered model 46598: value=0.542816
6
1.5371980299106413614 316.09177094058742341 181.66966985640925714 2000
1.7678654293384108431 640.66460084454411117 223.88823693662030223 2000
11.777251498155958842 1406.1098710987980667 462.90467037846951825 2000
19.13319224231292992 789.54989054673001192 330.03868945736735441 2000
142.20929274702501743 1632.4499081850153743 753.77005087582631404 2000
0 2359.0149531021424991 1369.3715629026005445 2000
# Layered model 58737: value=0.54412
6
1.8523852369016660102 393.44444042650462734 179.87096025387054965 2000
1.5868770520973691784 721.91690815113975077 235.30878711955796234 2000
11.568364037994452787 1463.2035703659926185 537.41795160518540797 2000
17.641523696680593503 898.58142499807229342 310.91137485285565845 2000
113.3846988953098105 1507.5401017516526281 710.08548490489306459 2000
0 2178.5107307747271079 1264.591663684933792 2000
# Layered model 56639: value=0.544169
6
1.4941820169675747998 322.44521553649320822 176.32679173989856736 2000
2.1566642060070209119 647.07124685298958866 235.30878711955796234 2000
10.772433415639827814 1378.4039516702264336 486.51746080599923516 2000
19.337182383224948978 693.74795908305191006 336.67246711546039251 2000
113.73372538633435624 1324.6191043125295437 800.14209792423037015 2000
0 2849.9470790728269094 1453.6155076810953233 2000
# Layered model 37492: value=0.545599
6
1.7932634428392972836 401.35267367907738389 178.09005965729755872 2000
1.8214357878286193682 574.24287671104241326 232.97899714807718397 2000
12.235254025697528846 1223.2635190121686719 486.51746080599923516 2000
17.760175885327896594 700.68543867388245872 326.77097966075973545 2000
130.94446706672823666 1698.7339205814587331 784.37613755928884984 2000
0 2114.4410524446034287 1203.2155768297477607 2000
# Layered model 56888: value=0.546112
6
1.5186129996195951719 366.97273310994671647 178.09005965729755872 2000
1.35666982202802755 693.74795908305191006 189.04618694795561851 2000
12.974670434717822332 1260.3296269017564555 453.78361962402658492 2000
20.247900849073587892 673.34493423092078501 353.8461465303106479 2000
114.36096646963898138 1364.7563877923034852 832.63107566976702856 2000
0 2684.7790665672000614 1369.3715629026005445 2000
# Layered model 42758: value=0.546644
6
2.0170202253970175299 461.34454880807362542 179.87096025387054965 2000
1.3210938684445250324 781.73256489775235423 228.38839049904632361 2000
13.568473533560062805 1492.6139621303491367 453.78361962402658492 2000
17.232654995838267098 673.34493423092078501 343.43958370448115147 2000
95.458383462400888675 1420.1709698097861292 703.05493554939903333 2000
0 2289.6366722949333052 1239.6742120232661364 2000
# Layered model 53028: value=0.547082
6
1.8523852369016660102 417.64920165466935487 187.17444252272832728 2000
1.5191099978782920399 456.77678099809264722 226.12711930598649701 2000
11.48786158905357091 1492.6139621303491367 501.25942638588190903 2000
20.917730816162972474 963.40091248712724337 330.03868945736735441 2000
128.77750856842507687 1507.5401017516526281 731.60178518299630923 2000
0 2430.4954651960906631 1396.8959313169427787 2000
# Layered model 51856: value=0.547103
6
1.7011882293921174458 297.77274671764445202 176.32679173989856736 2000
1.4123310546062382009 721.91690815113975077 228.38839049904632361 2000
12.736433972367089851 1378.4039516702264336 481.70045624356362168 2000
19.13763310981934751 789.54989054673001192 350.34271933694122936 2000
123.14614618441490279 1715.7212597872733113 724.35820315148146165 2000
0 2266.9670022722111753 1302.9100556862508711 2000
