# 60026 2_reports/tar1_lr15_tr2.report
# Layered model 52162: value=0.503251
11
1.8078645926751237827 480.0769874813221918 172.8524573472194561 2000
1.122694374404343387 916.6429116405337254 200.67633683953869195 2000
5.9700960115326342503 925.80934075693903651 414.91243500998399441 2000
3.6090497942100974171 982.76527082811844593 449.29071249903614671 2000
5.081838616333721248 1085.5842622424745514 623.92555787215667351 2000
14.984833386283373358 1107.4045059135482916 295.82150505913193683 2000
10.966399099476618062 1378.4039516702264336 703.05493554939903333 2000
41.616236787240417527 2454.8004198480516607 717.18633975394197932 2000
47.422942885377494804 2711.6268572328722257 738.91780303482630643 2000
43.285974998260400071 2738.743125805201089 986.08867261451916875 2000
0 2849.9470790728269094 1046.7529962597045596 2000
# Layered model 57587: value=0.549723
11
1.5371980299106413614 345.70491469443891219 167.7688921462945757 2000
1.1613854889745451882 789.54989054673001192 206.75703052211355271 2000
2.6964501309578086108 813.47404178018632592 346.87397954152595503 2000
4.9624240124974772215 1012.5440412994812505 516.44808826480050357 2000
4.7248572950645382207 1364.7563877923034852 682.37819389615174259 2000
16.989170707178445241 963.40091248712724337 304.78519248392871077 2000
18.226598554939933194 1085.5842622424745514 642.83112620124086334 2000
34.138488146985636718 1152.3695695457072361 696.09399559346434216 2000
65.270945396451779175 1434.3726795078839586 816.22495409250768716 2000
19.90036261944828766 1584.4397978697634244 957.08795062270064591 2000
0 2359.0149531021424991 1439.223274931777496 2000
# Layered model 23013: value=0.592547
11
1.8750550255490225915 568.55730367429941907 181.66966985640925714 2000
1.2783929106260409903 846.50434990736948748 213.02197530396412617 2000
3.0200657318999670764 944.41810850615354411 406.73702089009316296 2000
7.3764080081636178576 1022.6694817124763404 542.79213112123727569 2000
1.607453615363093391 1053.6573896778461403 553.70225295677414579 2000
19.75222557401362522 963.40091248712724337 323.53562342649479433 2000
9.0154418794327071396 1175.5321978935758125 682.37819389615174259 2000
31.337743642152233292 1406.1098710987980667 768.9208288984302726 2000
29.157606902435901475 1568.7522751185776997 824.38720363343270492 2000
86.390455248164172986 2222.2987964632989133 866.43923619257304836 2000
0 2580.0199122500016529 1252.0709541434987386 2000
# Layered model 48720: value=0.601349
11
1.8078645926751237827 591.64301011826387366 179.87096025387054965 2000
1.6799955817555767279 673.34493423092078501 226.12711930598649701 2000
2.3766551562207185455 821.60878219798814825 453.78361962402658492 2000
6.1991423195787946909 846.50434990736948748 462.90467037846951825 2000
6.3316868643266577266 1311.5040636757717039 491.38263541405922297 2000
13.747786508367571656 1211.1519990219492229 310.91137485285565845 2000
31.265383992506727395 1420.1709698097861292 630.16481345087822774 2000
8.1036881975924117683 1715.7212597872733113 682.37819389615174259 2000
38.752368666878737713 1750.2072571089975099 746.30698106517456836 2000
46.770694453479137564 2738.743125805201089 832.63107566976702856 2000
0 2965.6663587709708736 1215.2477325980453315 2000
# Layered model 57206: value=0.610696
11
1.9212303077221932757 953.86228959121501703 156.48107472306307386 2000
1.3800520086880687654 992.59292353639978046 247.31190013949688478 2000
2.7157489740528424349 1002.5188527717638181 394.77494527336500596 2000
5.039926926131040652 1247.851115744313347 559.23927548634185314 2000
2.9430417834058548721 1406.1098710987980667 682.37819389615174259 2000
18.795184593689768349 1107.4045059135482916 314.0204886013842156 2000
27.373580511872546595 1140.9599698472347882 675.62197415460570937 2000
8.3611267370523734144 1584.4397978697634244 717.18633975394197932 2000
35.019310987300926286 1857.8802711493058268 792.21989893488171219 2000
97.922474722295234528 2504.1419082869974773 832.63107566976702856 2000
0 2849.9470790728269094 1369.3715629026005445 2000
# Layered model 38199: value=0.619953
11
1.8152096894560079132 381.87329763487036871 164.46318218438835856 2000
1.1970240224974417753 634.3213869747961553 244.86326746484840555 2000
2.2460499866924634738 693.74795908305191006 364.56803861632556618 2000
7.2514210741762852308 854.96939340644303229 501.25942638588190903 2000
2.129989852411773299 1085.5842622424745514 506.27202064974062523 2000
23.021516992909127453 1272.9329231707740746 394.77494527336500596 2000
12.85717637667236346 1364.7563877923034852 521.6125691474485393 2000
18.011503847799225753 1553.2200743748294371 738.91780303482630643 2000
63.497832595238492104 2430.4954651960906631 746.30698106517456836 2000
61.394243571621927913 2738.743125805201089 947.61183229970356479 2000
0 2965.6663587709708736 1078.4706587993698577 2000
# Layered model 31360: value=0.623984
11
1.6943045110757335436 385.69203061121908149 181.66966985640925714 2000
0.81354032725516134406 568.55730367429941907 190.93664881743518436 2000
2.7167964451228794331 766.32934506200615488 343.43958370448115147 2000
8.1784929738459624105 1002.5188527717638181 511.33474085623817018 2000
2.6846405977479825822 1043.2251382948970786 630.16481345087822774 2000
22.85534934906885951 889.68457920601224487 357.3846079956137487 2000
5.9523325755285370064 1235.4961542022904268 717.18633975394197932 2000
31.987548083725855008 1914.1759012454012918 753.77005087582631404 2000
58.505200773320481744 2093.5059925194091193 792.21989893488171219 2000
106.11179436330644421 2479.3484240465322728 919.74270848975561421 2000
0 2965.6663587709708736 1497.661511179340323 2000
# Layered model 51364: value=0.641847
11
1.8152096894560079132 417.64920165466935487 161.22260776824660411 2000
0.35064971676339173889 562.92802343990035752 189.04618694795561851 2000
4.2913543911870881686 872.15427821391256202 350.34271933694122936 2000
6.8973455437289237224 1211.1519990219492229 467.53371708225427028 2000
4.8590463339672904652 1260.3296269017564555 553.70225295677414579 2000
14.801856417203094196 1064.193963574624604 298.77972010972325734 2000
11.684211745432442342 1175.5321978935758125 655.75203183788585193 2000
44.165322956691490219 1223.2635190121686719 724.35820315148146165 2000
24.680776471491384427 1285.6622524024817267 738.91780303482630643 2000
64.728792863804770263 1537.8416577968605452 928.94013557465291342 2000
0 2995.323022358680646 1355.8134286164361129 2000
# Layered model 59592: value=0.675338
11
2.0500000000000193623 430.30439011400761729 178.09005965729755872 2000
0.96223371195343032625 456.77678099809264722 204.70993121001342274 2000
5.1758825104183276977 992.59292353639978046 462.90467037846951825 2000
2.2448254177859148228 1129.6633364824106138 526.82869483892307017 2000
6.8985503118173436832 1140.9599698472347882 548.22005243244962003 2000
15.610380401648814797 1199.160395071236735 295.82150505913193683 2000
23.655795122382933471 1477.8356060696526129 636.4664615853870373 2000
25.009913677339717708 1537.8416577968605452 746.30698106517456836 2000
54.919686010483047767 1553.2200743748294371 753.77005087582631404 2000
69.560348249637144136 1933.3176602578553229 919.74270848975561421 2000
0 2878.446549863554992 1302.9100556862508711 2000
# Layered model 57287: value=0.701227
11
1.4881359322718874516 889.68457920601224487 179.87096025387054965 2000
1.4424230348075797181 1053.6573896778461403 208.82460082733467743 2000
2.6047810318699160526 1211.1519990219492229 323.53562342649479433 2000
6.6162362212765826186 1260.3296269017564555 553.70225295677414579 2000
3.0057990713757760659 1420.1709698097861292 710.08548490489306459 2000
18.981867331638131446 1163.8932652411642721 307.83304440876798935 2000
22.955302067600101168 1223.2635190121686719 689.20197583511321682 2000
18.168241696360333037 1698.7339205814587331 696.09399559346434216 2000
26.140107181084175636 2244.5217844279318342 761.30775138458454876 2000
85.981211799252818651 2312.5330390178828566 776.61003718741471857 2000
0 2936.303325515812503 1410.8648906301123134 2000
# Layered model 46338: value=0.707604
11
1.7011882293921174458 393.44444042650462734 183.48636655497335823 2000
1.0981376812209799887 480.0769874813221918 206.75703052211355271 2000
5.0290423300206601454 944.41810850615354411 379.37096290198320503 2000
2.5667628952202896642 963.40091248712724337 501.25942638588190903 2000
3.8856521172988021107 1043.2251382948970786 581.94663262058213604 2000
17.719216746847152422 781.73256489775235423 333.33907635194100294 2000
28.696993383490521978 1223.2635190121686719 682.37819389615174259 2000
12.044163389905492068 1537.8416577968605452 710.08548490489306459 2000
44.674289020316933829 1857.8802711493058268 753.77005087582631404 2000
52.192434588696144715 2114.4410524446034287 892.69321148844414893 2000
0 2793.7918626338855574 1252.0709541434987386 2000
# Layered model 37341: value=0.720655
11
1.9765406158674583281 489.7265349296968111 176.32679173989856736 2000
0.87455816356967774894 854.96939340644303229 223.88823693662030223 2000
2.4410439640293550845 880.87582099605185704 360.95845407556987539 2000
7.9657942551088050109 916.6429116405337254 467.53371708225427028 2000
0.95212686266761892284 1002.5188527717638181 611.63175950608433595 2000
25.169988605197424647 982.76527082811844593 410.80439109899407413 2000
5.5154043132047760878 1129.6633364824106138 587.76609894678790624 2000
31.335316698844749794 1235.4961542022904268 738.91780303482630643 2000
29.510167725426953211 2266.9670022722111753 792.21989893488171219 2000
66.968603775834949943 2359.0149531021424991 866.43923619257304836 2000
0 2965.6663587709708736 1179.5074765510712496 2000
# Layered model 49984: value=0.728072
11
1.506347979307830931 609.57038496785742154 169.44658106775753481 2000
1.2929779313052665035 615.66608881753597871 187.17444252272832728 2000
2.5957077392298977259 707.69229306062129581 414.91243500998399441 2000
7.0693341257578730108 773.9926385126260584 467.53371708225427028 2000
4.3584973013574437317 1337.86529535565478 703.05493554939903333 2000
16.414354065824486639 1406.1098710987980667 298.77972010972325734 2000
24.358564903198100637 1448.7164063029629233 689.20197583511321682 2000
19.615426222432880365 1648.7744072668654098 738.91780303482630643 2000
24.19168329987070365 1876.459073860799208 824.38720363343270492 2000
58.504118612178743319 2052.2556538764915786 832.63107566976702856 2000
0 2965.6663587709708736 1067.7927314845246656 2000
# Layered model 49271: value=0.733637
11
1.8903221406445676056 535.60669889535267885 156.48107472306307386 2000
0.44026562479953557094 634.3213869747961553 228.38839049904632361 2000
3.5716902457341630495 805.41984334671917622 343.43958370448115147 2000
5.944356113739710068 863.51908734050743988 467.53371708225427028 2000
5.920441047278746538 880.87582099605185704 516.44808826480050357 2000
18.980965331666393325 992.59292353639978046 364.56803861632556618 2000
17.193095610427853615 1223.2635190121686719 689.20197583511321682 2000
39.584541609764457348 1600.2841958484607403 753.77005087582631404 2000
58.075109582390481933 2430.4954651960906631 901.62014360332864271 2000
83.422915989517406388 2684.7790665672000614 966.65883012892766146 2000
0 2711.6268572328722257 1342.3895332836000307 2000
# Layered model 56073: value=0.743055
11
1.8225846283207178811 634.3213869747961553 154.93175715154760042 2000
1.028514151116418196 743.79171238502738106 240.0384937406610959 2000
3.2829168467066058845 863.51908734050743988 390.86628244887617711 2000
3.7818697747595342307 1463.2035703659926185 419.06155936008383378 2000
5.3927330791041843128 1477.8356060696526129 511.33474085623817018 2000
18.002850184629330954 813.47404178018632592 330.03868945736735441 2000
15.899423880247056218 1175.5321978935758125 642.83112620124086334 2000
20.794275490166185705 1272.9329231707740746 753.77005087582631404 2000
64.817075550939918571 1584.4397978697634244 832.63107566976702856 2000
58.599724423485156422 1803.2402872066572854 938.22953693039960399 2000
0 2335.6583694080618443 1329.0985478055445128 2000
# Layered model 51466: value=0.749956
11
1.476117058838989804 401.35267367907738389 176.32679173989856736 2000
1.1734631033257609811 615.66608881753597871 190.93664881743518436 2000
5.0789369763020548731 721.91690815113975077 386.9963192563130292 2000
3.5719527482428610199 1247.851115744313347 496.29646176819989023 2000
3.1945902572810727094 1434.3726795078839586 682.37819389615174259 2000
20.336729046658241771 916.6429116405337254 357.3846079956137487 2000
19.582902154319462795 1140.9599698472347882 668.93264767782739 2000
34.829660709038790856 1260.3296269017564555 761.30775138458454876 2000
56.136976361237088895 1553.2200743748294371 800.14209792423037015 2000
48.918929060184609625 1600.2841958484607403 866.43923619257304836 2000
0 2312.5330390178828566 1315.9391562431133025 2000
# Layered model 52805: value=0.757039
11
1.778780218636503152 829.82487001996798881 164.46318218438835856 2000
0.99501288412057298238 1022.6694817124763404 200.67633683953869195 2000
6.0699156273386956073 1223.2635190121686719 406.73702089009316296 2000
4.5594255272039649896 1260.3296269017564555 431.75954367025371994 2000
3.1710425639447556989 1406.1098710987980667 521.6125691474485393 2000
18.648412887743205602 1085.5842622424745514 368.21371900248880138 2000
17.783763718502420659 1129.6633364824106138 564.83166824120530691 2000
13.227489956167566731 1140.9599698472347882 570.47998492361739409 2000
41.293842968012626216 1392.1879911869286843 824.38720363343270492 2000
49.507579981711145933 1648.7744072668654098 875.10362855449875497 2000
0 2266.9670022722111753 1277.2375803217830708 2000
# Layered model 42379: value=0.761301
11
1.9685427067557867975 401.35267367907738389 162.83483384592906873 2000
0.27817165733390836202 438.95350835529916367 202.68310020793407489 2000
4.8630990944054746095 944.41810850615354411 379.37096290198320503 2000
4.736820666422806525 1096.4401048648992401 467.53371708225427028 2000
4.6454662663836856495 1140.9599698472347882 564.83166824120530691 2000
17.343780038796325016 751.22962950887767875 343.43958370448115147 2000
28.746699305539216596 1199.160395071236735 696.09399559346434216 2000
6.8287045434712112524 1750.2072571089975099 710.08548490489306459 2000
70.590990246896623717 1876.459073860799208 731.60178518299630923 2000
16.323150132455822359 2244.5217844279318342 901.62014360332864271 2000
0 2312.5330390178828566 1203.2155768297477607 2000
# Layered model 56393: value=0.764141
11
1.9526438462238520088 579.98530547815289538 176.32679173989856736 2000
0.82114925653322412558 872.15427821391256202 192.84601530560954075 2000
2.7261318792120965426 1140.9599698472347882 379.37096290198320503 2000
5.7187842232689103383 1337.86529535565478 410.80439109899407413 2000
11.441287480507780216 1392.1879911869286843 453.78361962402658492 2000
15.001214932397235913 1187.2875198725116661 353.8461465303106479 2000
24.106191157560523664 1211.1519990219492229 623.92555787215667351 2000
14.139332887561515406 1298.518874926506669 662.30955215626477184 2000
28.951997609072563478 1448.7164063029629233 800.14209792423037015 2000
53.605900783133222376 1972.1773452290383375 849.36696029072936653 2000
0 2793.7918626338855574 1156.2665195089414283 2000
# Layered model 53464: value=0.767547
11
1.9526438462238520088 319.25268864999327434 166.10781400623224613 2000
2.0126070074873312343 729.13607723265113236 323.53562342649479433 2000
4.1704779317359825797 854.96939340644303229 427.48469670322151615 2000
5.1704316821147866534 1053.6573896778461403 472.20905425307677206 2000
2.3094868480235319907 1364.7563877923034852 682.37819389615174259 2000
20.887212114676430019 1260.3296269017564555 360.95845407556987539 2000
6.09874056973808365 1272.9329231707740746 655.75203183788585193 2000
49.34397204903459766 1364.7563877923034852 703.05493554939903333 2000
45.730339907746369477 1876.459073860799208 866.43923619257304836 2000
102.73244303572295166 2907.2310153621906466 928.94013557465291342 2000
0 2965.6663587709708736 1239.6742120232661364 2000
# Layered model 58951: value=0.771749
11
1.5186129996195951719 530.30366227262641132 154.93175715154760042 2000
2.2345226964305147099 829.82487001996798881 232.97899714807718397 2000
5.2048322183267412555 880.87582099605185704 496.29646176819989023 2000
2.5078152656012200339 1074.8359032103708159 501.25942638588190903 2000
2.9574964586363510222 1364.7563877923034852 617.74807710114521342 2000
20.408509552034558965 1140.9599698472347882 336.67246711546039251 2000
24.813344654037351233 1199.160395071236735 724.35820315148146165 2000
40.904629863322320205 1420.1709698097861292 738.91780303482630643 2000
49.786202087746644906 1715.7212597872733113 832.63107566976702856 2000
83.625367097119891469 2936.303325515812503 901.62014360332864271 2000
0 2995.323022358680646 1179.5074765510712496 2000
# Layered model 35534: value=0.77224
11
1.5814524310477200419 269.56978306658129441 162.83483384592906873 2000
1.5432327305132613748 585.78515853293447435 249.78501914089181923 2000
2.8155986909102259652 889.68457920601224487 511.33474085623817018 2000
8.0089781027368953659 1096.4401048648992401 668.93264767782739 2000
0.76329021041085098886 1272.9329231707740746 724.35820315148146165 2000
18.302909926686844244 1002.5188527717638181 317.16069348739807765 2000
27.416840010999116828 1129.6633364824106138 662.30955215626477184 2000
16.450702760066057806 1199.160395071236735 731.60178518299630923 2000
54.59280531192958108 1821.2726900787238264 768.9208288984302726 2000
79.333499315868095891 1914.1759012454012918 938.22953693039960399 2000
0 2479.3484240465322728 1315.9391562431133025 2000
# Layered model 38818: value=0.773634
11
1.6008065004138014586 338.89316213551506962 178.09005965729755872 2000
1.9515608207563226451 721.91690815113975077 242.43887867806770942 2000
4.6357489012016532826 889.68457920601224487 419.06155936008383378 2000
2.1318045006255914586 1074.8359032103708159 481.70045624356362168 2000
6.4196364031759127755 1285.6622524024817267 570.47998492361739409 2000
15.260442873826718824 1002.5188527717638181 343.43958370448115147 2000
31.686241999675665681 1272.9329231707740746 611.63175950608433595 2000
9.6772889574685123648 1750.2072571089975099 703.05493554939903333 2000
77.603520994966970648 1952.6508368604338557 753.77005087582631404 2000
27.307514177614734763 2093.5059925194091193 1078.4706587993698577 2000
0 2335.6583694080618443 1302.9100556862508711 2000
# Layered model 58108: value=0.777065
11
1.829989530513397078 781.73256489775235423 172.8524573472194561 2000
1.2379547295563160247 829.82487001996798881 228.38839049904632361 2000
5.2259610049898972406 863.51908734050743988 383.16467253100307744 2000
4.9640317335156858292 925.80934075693903651 453.78361962402658492 2000
4.4211544314188806482 1260.3296269017564555 559.23927548634185314 2000
14.535845001772980112 751.22962950887767875 298.77972010972325734 2000
18.74695810747202529 1152.3695695457072361 636.4664615853870373 2000
23.980968702021698391 1298.518874926506669 776.61003718741471857 2000
55.983339833520659568 1434.3726795078839586 816.22495409250768716 2000
37.915004032881824969 1665.2621513395340571 1015.9681454834116039 2000
0 2430.4954651960906631 1315.9391562431133025 2000
# Layered model 48899: value=0.783693
11
1.9605771605258315304 628.0409772027684312 159.62634432499663717 2000
1.1073670995438815723 666.67815270388200588 270.48138294215311817 2000
3.5571995544813148626 1032.8961765296010071 383.16467253100307744 2000
4.5529071499610394014 1064.193963574624604 436.07713910695628101 2000
3.1738036305800019221 1199.160395071236735 630.16481345087822774 2000
18.370231246942239522 1107.4045059135482916 340.03919178661499245 2000
28.240758159799860039 1324.6191043125295437 564.83166824120530691 2000
9.6412890654835621262 1477.8356060696526129 731.60178518299630923 2000
30.798760500966750442 2156.9413175987397153 761.30775138458454876 2000
134.68800413676575545 2200.2958380824743472 919.74270848975561421 2000
0 2793.7918626338855574 1355.8134286164361129 2000
# Layered model 37331: value=0.791359
11
1.6738200321420535488 332.21562801246449226 151.87898946333456252 2000
1.3109389280173502357 666.67815270388200588 247.31190013949688478 2000
5.2033572622123731577 963.40091248712724337 427.48469670322151615 2000
4.3670904532132155396 1129.6633364824106138 581.94663262058213604 2000
1.9398534684057473498 1285.6622524024817267 689.20197583511321682 2000
19.720447055727198915 944.41810850615354411 340.03919178661499245 2000
13.512682207143136282 1085.5842622424745514 642.83112620124086334 2000
26.896110601163869092 1107.4045059135482916 675.62197415460570937 2000
59.073107244084823719 1876.459073860799208 784.37613755928884984 2000
53.68669811542753223 1895.2236645994071296 966.65883012892766146 2000
0 2631.878312486226605 1424.9735395364134547 2000
# Layered model 56789: value=0.79468
11
1.9368733922361829336 405.36620041586814978 172.8524573472194561 2000
0.54809725336600845225 647.07124685298958866 187.17444252272832728 2000
4.0977856045475178348 666.67815270388200588 402.70992167335958811 2000
4.5144197530957068665 1211.1519990219492229 491.38263541405922297 2000
3.4700218770067916552 1434.3726795078839586 623.92555787215667351 2000
18.968016041000225869 953.86228959121501703 314.0204886013842156 2000
19.471139506237683747 1152.3695695457072361 696.09399559346434216 2000
32.516194040485750349 1406.1098710987980667 768.9208288984302726 2000
45.953262707324682879 1434.3726795078839586 792.21989893488171219 2000
52.543092384300706499 1839.4854169795112284 901.62014360332864271 2000
0 2156.9413175987397153 1290.0099561250008264 2000
# Layered model 54290: value=0.794961
11
1.9765406158674583281 540.96276588430623633 156.48107472306307386 2000
1.1769073203076052536 773.9926385126260584 307.83304440876798935 2000
2.6735463189769017589 813.47404178018632592 357.3846079956137487 2000
5.1499651253004374851 992.59292353639978046 476.93114479560750851 2000
4.7164025107480576082 1064.193963574624604 593.64375993625583305 2000
18.293861169444681991 821.60878219798814825 330.03868945736735441 2000
21.873224653771167425 1537.8416577968605452 689.20197583511321682 2000
36.47763024369238849 1895.2236645994071296 696.09399559346434216 2000
9.0648156101757848546 2222.2987964632989133 731.60178518299630923 2000
65.915348033309967946 2244.5217844279318342 976.32541843021692785 2000
0 2821.7297812602246267 1015.9681454834116039 2000
# Layered model 55312: value=0.795975
11
1.7220076447283114707 992.59292353639978046 156.48107472306307386 2000
1.2902260672251382179 1053.6573896778461403 235.30878711955796234 2000
6.4177249870274302168 1223.2635190121686719 375.61481475443883937 2000
1.3887352340291840846 1247.851115744313347 462.90467037846951825 2000
12.181306066990046588 1448.7164063029629233 496.29646176819989023 2000
11.599393249202240241 1211.1519990219492229 289.99265273907644769 2000
23.248658231276813524 1324.6191043125295437 689.20197583511321682 2000
17.414734906721143659 1378.4039516702264336 753.77005087582631404 2000
60.125419249491145024 1434.3726795078839586 784.37613755928884984 2000
38.893377616085729187 1839.4854169795112284 808.1435189034727955 2000
0 2658.1970956110890256 1203.2155768297477607 2000
# Layered model 39809: value=0.803034
11
2.0500000000000193623 370.6424604410461825 176.32679173989856736 2000
1.3123387499146912383 821.60878219798814825 249.78501914089181923 2000
3.1364542212131838461 992.59292353639978046 458.3214558202668627 2000
5.477582213823355417 1012.5440412994812505 462.90467037846951825 2000
6.5105176569563081301 1140.9599698472347882 548.22005243244962003 2000
17.530501034225242307 666.67815270388200588 357.3846079956137487 2000
9.6698075341071572097 1434.3726795078839586 636.4664615853870373 2000
37.677185691002414103 1463.2035703659926185 753.77005087582631404 2000
30.181386164678741579 1952.6508368604338557 816.22495409250768716 2000
87.01519807117044536 2312.5330390178828566 849.36696029072936653 2000
0 2406.4311536594955214 1252.0709541434987386 2000
# Layered model 47912: value=0.803607
11
1.8599112147296794628 385.69203061121908149 158.04588547029371171 2000
1.7914606642447832296 714.7692159912274974 284.27865183714970954 2000
4.9130243285345613913 973.03492161199847033 394.77494527336500596 2000
2.0983141441917521064 1187.2875198725116661 548.22005243244962003 2000
6.4975532098046659968 1378.4039516702264336 703.05493554939903333 2000
17.05524363821249878 1053.6573896778461403 295.82150505913193683 2000
21.401340748168713901 1434.3726795078839586 689.20197583511321682 2000
19.645938439313653134 1522.6155027691690975 738.91780303482630643 2000
45.141216542697421232 2454.8004198480516607 816.22495409250768716 2000
87.559464910048916408 2504.1419082869974773 840.95738642646472272 2000
0 2529.1833273698675839 1453.6155076810953233 2000
# Layered model 46087: value=0.808663
11
1.4174631563391555389 430.30439011400761729 178.09005965729755872 2000
2.0703970180915449717 714.7692159912274974 221.671521719426039 2000
1.8726561362146547651 907.56723924805316983 472.20905425307677206 2000
6.0223101201179805031 1002.5188527717638181 476.93114479560750851 2000
4.7850126425766017491 1074.8359032103708159 537.41795160518540797 2000
20.827029327408656201 1211.1519990219492229 330.03868945736735441 2000
11.15233208694131406 1260.3296269017564555 746.30698106517456836 2000
39.963916564010084187 1507.5401017516526281 808.1435189034727955 2000
57.270211363544333949 2479.3484240465322728 824.38720363343270492 2000
26.547522930868922231 2878.446549863554992 892.69321148844414893 2000
0 2936.303325515812503 1089.255365387363554 2000
# Layered model 23530: value=0.811231
11
1.7011882293921174458 356.18011931459511743 169.44658106775753481 2000
1.0726048733649586886 535.60669889535267885 223.88823693662030223 2000
5.0545751378766814454 773.9926385126260584 414.91243500998399441 2000
4.5009720109560849011 1247.851115744313347 472.20905425307677206 2000
3.7584346034578768325 1406.1098710987980667 682.37819389615174259 2000
19.849338133422847363 935.06743416450854056 343.43958370448115147 2000
12.420970482175292204 1324.6191043125295437 668.93264767782739 2000
32.902604412489147023 1351.2439483092114187 724.35820315148146165 2000
35.175148344124849586 1406.1098710987980667 832.63107566976702856 2000
119.65506147779036894 1715.7212597872733113 957.08795062270064591 2000
0 2335.6583694080618443 1078.4706587993698577 2000
# Layered model 47368: value=0.813261
11
1.4290044566512294377 338.89316213551506962 148.88637335882222601 2000
1.3194887244152202488 680.0783835732299849 206.75703052211355271 2000
3.6263586355568637742 789.54989054673001192 386.9963192563130292 2000
6.0443432696559211692 1085.5842622424745514 623.92555787215667351 2000
2.4401617375542947741 1223.2635190121686719 642.83112620124086334 2000
17.355579607933627528 821.60878219798814825 317.16069348739807765 2000
21.256765665271593946 1129.6633364824106138 617.74807710114521342 2000
30.964870269470274877 1351.2439483092114187 746.30698106517456836 2000
53.239339590271939073 1857.8802711493058268 800.14209792423037015 2000
62.885059380310593724 1991.8991186813284457 986.08867261451916875 2000
0 2580.0199122500016529 1227.4002099240258303 2000
# Layered model 59949: value=0.82372
11
1.4641952553816659499 438.95350835529916367 162.83483384592906873 2000
2.3234881120465189497 660.07737891473470881 240.0384937406610959 2000
3.7934400410020461258 880.87582099605185704 491.38263541405922297 2000
6.1171932619566158351 1032.8961765296010071 532.096981787312302 2000
5.3475136944654391158 1235.4961542022904268 570.47998492361739409 2000
16.492554350100455451 1272.9329231707740746 317.16069348739807765 2000
16.549385511592575426 1522.6155027691690975 717.18633975394197932 2000
24.468424350283456192 1568.7522751185776997 746.30698106517456836 2000
55.471529861024407637 2738.743125805201089 776.61003718741471857 2000
46.246841691872702995 2878.446549863554992 816.22495409250768716 2000
0 2936.303325515812503 1144.8183361474666526 2000
# Layered model 56600: value=0.824485
11
1.5943289685113954945 452.25423861197299402 171.14104687843510533 2000
1.501855765307957391 546.37239354314931461 226.12711930598649701 2000
3.4026082373085415611 889.68457920601224487 375.61481475443883937 2000
5.4341780809247630657 935.06743416450854056 526.82869483892307017 2000
2.4188835430394117765 1043.2251382948970786 537.41795160518540797 2000
18.224522180347221934 916.6429116405337254 371.89585619251369053 2000
31.388808642547473937 1285.6622524024817267 599.58019753561836751 2000
10.026044763663499282 1952.6508368604338557 738.91780303482630643 2000
40.031189941471978955 2266.9670022722111753 832.63107566976702856 2000
51.786593281987862269 2335.6583694080618443 938.22953693039960399 2000
0 2878.446549863554992 1111.1493982316494566 2000
# Layered model 30503: value=0.827337
11
1.5623323562343409687 456.77678099809264722 169.44658106775753481 2000
1.4776290130228526554 773.9926385126260584 208.82460082733467743 2000
3.7139898272933864476 813.47404178018632592 453.78361962402658492 2000
6.6006081445848314715 982.76527082811844593 576.18478477285361805 2000
2.3388025500650488908 1032.8961765296010071 593.64375993625583305 2000
22.305508673824881782 1285.6622524024817267 343.43958370448115147 2000
10.148329922664565572 1463.2035703659926185 717.18633975394197932 2000
45.378477236365519332 1632.4499081850153743 761.30775138458454876 2000
41.296565861934524833 2529.1833273698675839 816.22495409250768716 2000
37.887301393761816826 2936.303325515812503 824.38720363343270492 2000
0 2995.323022358680646 1089.255365387363554 2000
# Layered model 38137: value=0.827532
11
1.7501637451345961605 297.77274671764445202 162.83483384592906873 2000
1.4032841910404674213 889.68457920601224487 278.67723932668332054 2000
3.6877631394538417098 935.06743416450854056 398.72269472609860941 2000
4.7501421901808100756 1175.5321978935758125 481.70045624356362168 2000
6.000190123346204274 1324.6191043125295437 623.92555787215667351 2000
18.185544250840582237 1211.1519990219492229 333.33907635194100294 2000
15.632207036925294119 1324.6191043125295437 649.2594374632533345 2000
16.539228808125521653 1600.2841958484607403 682.37819389615174259 2000
72.053751040957720875 1698.7339205814587331 800.14209792423037015 2000
39.894983859066599052 1876.459073860799208 957.08795062270064591 2000
0 2156.9413175987397153 1036.3891052076282904 2000
# Layered model 53161: value=0.831769
11
1.9057135639871585209 494.62380027899376955 148.88637335882222601 2000
0.42487420145694465567 647.07124685298958866 317.16069348739807765 2000
3.7251882835422192031 863.51908734050743988 350.34271933694122936 2000
5.0817640262025243203 1272.9329231707740746 491.38263541405922297 2000
4.7124131811765987976 1324.6191043125295437 501.25942638588190903 2000
18.595371412996584581 1022.6694817124763404 353.8461465303106479 2000
11.844834810666199587 1199.160395071236735 636.4664615853870373 2000
51.305606268421250604 1235.4961542022904268 703.05493554939903333 2000
13.596495002459704438 1285.6622524024817267 746.30698106517456836 2000
55.369657359558743792 1522.6155027691690975 928.94013557465291342 2000
0 2965.6663587709708736 1396.8959313169427787 2000
# Layered model 52084: value=0.831995
11
1.9685427067557867975 568.55730367429941907 154.93175715154760042 2000
2.4172092746331310664 714.7692159912274974 326.77097966075973545 2000
4.4579567487068540999 1272.9329231707740746 357.3846079956137487 2000
3.5304773792856991577 1351.2439483092114187 675.62197415460570937 2000
2.7081288480235397031 1448.7164063029629233 761.30775138458454876 2000
18.15490418537778794 1272.9329231707740746 333.33907635194100294 2000
10.496272503136914622 1392.1879911869286843 532.096981787312302 2000
38.222463628269167657 2031.9362909668232078 689.20197583511321682 2000
26.931575236900144432 2479.3484240465322728 724.35820315148146165 2000
81.923318026711356765 2504.1419082869974773 776.61003718741471857 2000
0 2529.1833273698675839 1396.8959313169427787 2000
# Layered model 53304: value=0.832874
11
1.8152096894560079132 332.21562801246449226 172.8524573472194561 2000
1.9724736779721767643 585.78515853293447435 295.82150505913193683 2000
1.8916118682670810536 889.68457920601224487 390.86628244887617711 2000
7.5786417628800304414 1064.193963574624604 521.6125691474485393 2000
2.0506814814321643325 1074.8359032103708159 564.83166824120530691 2000
19.835461918247624169 634.3213869747961553 368.21371900248880138 2000
14.282354062018903562 1392.1879911869286843 710.08548490489306459 2000
28.445395821603575826 1648.7744072668654098 731.60178518299630923 2000
32.855614500603834927 1914.1759012454012918 784.37613755928884984 2000
84.455090291138560588 2072.7782104152565807 849.36696029072936653 2000
0 2580.0199122500016529 1329.0985478055445128 2000
# Layered model 29544: value=0.834686
11
1.7572744115763709871 489.7265349296968111 167.7688921462945757 2000
1.1732845555030961826 514.70751001176006412 206.75703052211355271 2000
3.568234004048427277 729.13607723265113236 436.07713910695628101 2000
6.4734512719092993649 1032.8961765296010071 449.29071249903614671 2000
6.9438372159232333303 1043.2251382948970786 553.70225295677414579 2000
13.099380633345369063 992.59292353639978046 371.89585619251369053 2000
11.10197073870192952 1175.5321978935758125 431.75954367025371994 2000
27.700048403637715921 1537.8416577968605452 746.30698106517456836 2000
64.709785929184107545 1991.8991186813284457 800.14209792423037015 2000
68.628776752856822441 2072.7782104152565807 875.10362855449875497 2000
0 2936.303325515812503 1111.1493982316494566 2000
# Layered model 46914: value=0.834772
11
1.8826731075049070174 514.70751001176006412 179.87096025387054965 2000
1.2135116263144458681 615.66608881753597871 237.66187499075354594 2000
2.195958009647138276 1012.5440412994812505 379.37096290198320503 2000
7.5862452670282012335 1337.86529535565478 449.29071249903614671 2000
7.5382337897202482679 1434.3726795078839586 458.3214558202668627 2000
11.942407031706110843 1074.8359032103708159 295.82150505913193683 2000
10.616575350573064895 1175.5321978935758125 605.57599951097461144 2000
49.362473775614581939 1199.160395071236735 689.20197583511321682 2000
43.618465546762990925 1298.518874926506669 776.61003718741471857 2000
35.97230784124155889 1477.8356060696526129 892.69321148844414893 2000
0 2995.323022358680646 1302.9100556862508711 2000
# Layered model 54107: value=0.834974
11
1.4464928431720585067 838.12311872016766756 151.87898946333456252 2000
1.9467962862655854295 907.56723924805316983 221.671521719426039 2000
2.1066358525315287409 1002.5188527717638181 436.07713910695628101 2000
7.6620887519296960733 1032.8961765296010071 467.53371708225427028 2000
3.577543392274412426 1152.3695695457072361 703.05493554939903333 2000
18.014593827664178605 1085.5842622424745514 353.8461465303106479 2000
22.34039373700251474 1096.4401048648992401 564.83166824120530691 2000
11.435347151774713836 1311.5040636757717039 776.61003718741471857 2000
46.934507805112147594 1914.1759012454012918 816.22495409250768716 2000
55.687287010120755326 2359.0149531021424991 832.63107566976702856 2000
0 2430.4954651960906631 1290.0099561250008264 2000
# Layered model 24859: value=0.835603
11
1.9685427067557867975 530.30366227262641132 176.32679173989856736 2000
1.3327396096544752435 540.96276588430623633 247.31190013949688478 2000
2.9519920784582556195 1064.193963574624604 423.25217495368474374 2000
6.3019322807164748212 1163.8932652411642721 453.78361962402658492 2000
10.330895789168275556 1420.1709698097861292 521.6125691474485393 2000
9.6902743106860249611 1199.160395071236735 259.92729255593883408 2000
17.721707444084096039 1223.2635190121686719 655.75203183788585193 2000
26.913126048890390507 1247.851115744313347 682.37819389615174259 2000
39.713404834598080129 1337.86529535565478 731.60178518299630923 2000
44.437904028745236928 1553.2200743748294371 800.14209792423037015 2000
0 2849.9470790728269094 1239.6742120232661364 2000
# Layered model 32838: value=0.839677
11
1.640228112502017277 535.60669889535267885 166.10781400623224613 2000
1.4277161475676958258 634.3213869747961553 200.67633683953869195 2000
3.1453217850103145636 766.32934506200615488 440.43791049802592852 2000
3.8842726746988383013 1140.9599698472347882 553.70225295677414579 2000
4.0421559567033629179 1392.1879911869286843 703.05493554939903333 2000
17.860305323517771114 889.68457920601224487 317.16069348739807765 2000
20.087770226545316632 1129.6633364824106138 689.20197583511321682 2000
34.534719536116540439 1298.518874926506669 717.18633975394197932 2000
58.758838652582468853 1392.1879911869286843 784.37613755928884984 2000
37.805759170180067485 1584.4397978697634244 849.36696029072936653 2000
0 2200.2958380824743472 1315.9391562431133025 2000
# Layered model 43757: value=0.841524
11
1.929035993283912287 461.34454880807362542 158.04588547029371171 2000
0.69637720035345429537 660.07737891473470881 223.88823693662030223 2000
3.790487452937662205 821.60878219798814825 386.9963192563130292 2000
5.3877995459954508561 907.56723924805316983 440.43791049802592852 2000
3.9677630372872414455 1406.1098710987980667 662.30955215626477184 2000
19.29428285081325356 805.41984334671917622 336.67246711546039251 2000
15.232338138852412612 1187.2875198725116661 611.63175950608433595 2000
15.654215780476604891 1406.1098710987980667 808.1435189034727955 2000
38.468093289636215104 2266.9670022722111753 816.22495409250768716 2000
109.27370130175511065 2430.4954651960906631 901.62014360332864271 2000
0 2605.8201113725017422 1290.0099561250008264 2000
# Layered model 57367: value=0.841903
11
1.5002526660456916296 557.35447865336664108 134.7848915332906472 2000
3.2190656243040502993 916.6429116405337254 273.1861967715746573 2000
1.4146973357940000326 1199.160395071236735 462.90467037846951825 2000
6.6976992252276845718 1211.1519990219492229 476.93114479560750851 2000
2.706602736364963846 1406.1098710987980667 542.79213112123727569 2000
17.403554765887459865 1096.4401048648992401 330.03868945736735441 2000
13.348287126404379421 1507.5401017516526281 593.64375993625583305 2000
36.71986661146447517 1750.2072571089975099 636.4664615853870373 2000
64.209860903794321985 1933.3176602578553229 776.61003718741471857 2000
17.093511610941192203 2114.4410524446034287 1057.2205262223017144 2000
0 2135.5854629690493312 1133.4835011361055876 2000
# Layered model 51642: value=0.843481
11
1.4232221075951467792 322.44521553649320822 187.17444252272832728 2000
1.4278766718419892978 686.87916740896230294 189.04618694795561851 2000
4.0784995577866656191 813.47404178018632592 472.20905425307677206 2000
6.9187385082395476132 854.96939340644303229 516.44808826480050357 2000
0.86421532015560487139 1463.2035703659926185 696.09399559346434216 2000
19.809720845173771409 1096.4401048648992401 379.37096290198320503 2000
19.418863103498246403 1553.2200743748294371 593.64375993625583305 2000
46.181215877076766674 1600.2841958484607403 738.91780303482630643 2000
49.585165771593068484 1767.7093296800874214 849.36696029072936653 2000
74.90599613669195378 2335.6583694080618443 857.86062989363665565 2000
0 2907.2310153621906466 1396.8959313169427787 2000
# Layered model 40978: value=0.846634
11
1.6535832146378517393 303.75797892666912503 169.44658106775753481 2000
1.1715105337173690181 530.30366227262641132 206.75703052211355271 2000
6.1328741660216312681 1002.5188527717638181 496.29646176819989023 2000
1.2501562563762771418 1043.2251382948970786 542.79213112123727569 2000
6.9521393907523130196 1085.5842622424745514 553.70225295677414579 2000
15.271052979207016875 898.58142499807229342 314.0204886013842156 2000
24.414246655601900216 1311.5040636757717039 630.16481345087822774 2000
11.684328646300329524 1553.2200743748294371 682.37819389615174259 2000
83.070895463831220695 1839.4854169795112284 724.35820315148146165 2000
25.867929796039106805 1876.459073860799208 1026.1278269382457893 2000
0 2684.7790665672000614 1329.0985478055445128 2000
# Layered model 43364: value=0.848219
11
1.5686798904506438213 300.75047418482091643 171.14104687843510533 2000
1.2051132123064323132 489.7265349296968111 232.97899714807718397 2000
2.7261318792120965426 846.50434990736948748 379.37096290198320503 2000
4.8575326803712997048 1002.5188527717638181 458.3214558202668627 2000
7.0602881294275370294 1140.9599698472347882 599.58019753561836751 2000
15.304340050266301176 880.87582099605185704 317.16069348739807765 2000
24.622530873200823009 1211.1519990219492229 623.92555787215667351 2000
20.196200032335170249 1492.6139621303491367 717.18633975394197932 2000
56.156590504539465769 1857.8802711493058268 816.22495409250768716 2000
53.68669811542753223 1991.8991186813284457 883.85466484004371068 2000
0 2135.5854629690493312 1078.4706587993698577 2000
# Layered model 56975: value=0.848369
11
1.6269808723422114483 494.62380027899376955 143.07687835915814389 2000
1.5264670638328521335 546.37239354314931461 240.0384937406610959 2000
4.8271210183797705895 907.56723924805316983 436.07713910695628101 2000
3.3610044506867842173 1118.4785509726837063 491.38263541405922297 2000
4.2740739103438656343 1285.6622524024817267 570.47998492361739409 2000
19.843524198078725362 1043.2251382948970786 353.8461465303106479 2000
25.503672488169961241 1337.86529535565478 617.74807710114521342 2000
17.575258566029162921 1698.7339205814587331 731.60178518299630923 2000
23.290464005590862939 2156.9413175987397153 768.9208288984302726 2000
122.78494732619856222 2631.878312486226605 857.86062989363665565 2000
0 2849.9470790728269094 1383.0652785316265181 2000
# Layered model 56509: value=0.852532
11
1.7150396823593236917 430.30439011400761729 161.22260776824660411 2000
1.5862426340509383493 846.50434990736948748 223.88823693662030223 2000
2.5632330142411570151 880.87582099605185704 444.84228960300612243 2000
7.3453729678321826313 935.06743416450854056 458.3214558202668627 2000
1.7977380285098867319 944.41810850615354411 491.38263541405922297 2000
24.814256584384843052 872.15427821391256202 414.91243500998399441 2000
4.8777909263599070755 1187.2875198725116661 516.44808826480050357 2000
29.291556343912027671 1392.1879911869286843 675.62197415460570937 2000
43.917106730901352307 2289.6366722949333052 784.37613755928884984 2000
61.988921472520019051 2406.4311536594955214 892.69321148844414893 2000
0 2965.6663587709708736 1252.0709541434987386 2000
# Layered model 34864: value=0.853089
11
1.9526438462238520088 546.37239354314931461 154.93175715154760042 2000
2.5142215779286800625 854.96939340644303229 323.53562342649479433 2000
2.4627329130712691807 982.76527082811844593 402.70992167335958811 2000
5.2661771546579299041 1032.8961765296010071 486.51746080599923516 2000
2.5899968051001476255 1260.3296269017564555 576.18478477285361805 2000
18.156100056641971463 1053.6573896778461403 314.0204886013842156 2000
24.402744361611283352 1129.6633364824106138 689.20197583511321682 2000
10.603906769812184052 1537.8416577968605452 724.35820315148146165 2000
48.976091617964542024 1632.4499081850153743 784.37613755928884984 2000
93.884694388156788136 2406.4311536594955214 832.63107566976702856 2000
0 2907.2310153621906466 1453.6155076810953233 2000
# Layered model 50533: value=0.854292
11
1.5814524310477200419 653.5419593215194709 154.93175715154760042 2000
1.4033065291116837425 773.9926385126260584 202.68310020793407489 2000
2.4102746896835913759 1351.2439483092114187 449.29071249903614671 2000
5.9465397553986232282 1448.7164063029629233 496.29646176819989023 2000
5.8186901562638233543 1477.8356060696526129 570.47998492361739409 2000
15.05467287026171519 1074.8359032103708159 292.89257926646723718 2000
15.305116873932774979 1337.86529535565478 636.4664615853870373 2000
35.137118075430620934 1364.7563877923034852 662.30955215626477184 2000
44.485577438695599994 1648.7744072668654098 689.20197583511321682 2000
103.66019933411581633 1821.2726900787238264 1057.2205262223017144 2000
0 2406.4311536594955214 1179.5074765510712496 2000
# Layered model 58506: value=0.855201
11
1.640228112502017277 736.42743800497760276 172.8524573472194561 2000
1.3445308476573865075 813.47404178018632592 202.68310020793407489 2000
2.9555248923118035975 854.96939340644303229 398.72269472609860941 2000
5.8206380065933860379 935.06743416450854056 410.80439109899407413 2000
8.4539916693313816864 973.03492161199847033 496.29646176819989023 2000
17.953920074565161258 1022.6694817124763404 394.77494527336500596 2000
9.5593558038999404403 1260.3296269017564555 587.76609894678790624 2000
30.476067471043890578 1406.1098710987980667 724.35820315148146165 2000
55.493150374204802233 1477.8356060696526129 792.21989893488171219 2000
26.209604928353456899 1750.2072571089975099 938.22953693039960399 2000
0 2430.4954651960906631 1122.2608922139659171 2000
# Layered model 41647: value=0.855871
11
1.4232221075951467792 269.56978306658129441 164.46318218438835856 2000
1.5890116043583029093 854.96939340644303229 254.80569802562376935 2000
2.1789803999437187265 872.15427821391256202 353.8461465303106479 2000
7.8282144417917249868 1152.3695695457072361 516.44808826480050357 2000
2.5188890340474969776 1235.4961542022904268 703.05493554939903333 2000
16.533168076847065464 1043.2251382948970786 289.99265273907644769 2000
12.43325901385958332 1163.8932652411642721 675.62197415460570937 2000
23.154946749770253689 1175.5321978935758125 682.37819389615174259 2000
83.941095878232616201 1839.4854169795112284 840.95738642646472272 2000
64.03839547017898326 2222.2987964632989133 857.86062989363665565 2000
0 2312.5330390178828566 1122.2608922139659171 2000
# Layered model 54623: value=0.856966
11
1.506347979307830931 686.87916740896230294 153.39777935796792008 2000
1.8253226912228595058 789.54989054673001192 228.38839049904632361 2000
2.6086131819405169452 805.41984334671917622 436.07713910695628101 2000
5.9926871995814501304 898.58142499807229342 481.70045624356362168 2000
4.9736165753489487429 1492.6139621303491367 623.92555787215667351 2000
17.308919572316334268 863.51908734050743988 330.03868945736735441 2000
27.282536386953950114 1175.5321978935758125 649.2594374632533345 2000
17.375329823042470423 1715.7212597872733113 784.37613755928884984 2000
22.529520158570122135 1821.2726900787238264 816.22495409250768716 2000
124.23054420660913877 2093.5059925194091193 966.65883012892766146 2000
0 2605.8201113725017422 1302.9100556862508711 2000
# Layered model 59307: value=0.857381
11
2.0500000000000193623 535.60669889535267885 162.83483384592906873 2000
1.6689031359106984986 829.82487001996798881 273.1861967715746573 2000
1.4390976709400322697 889.68457920601224487 436.07713910695628101 2000
8.3428139741780711347 963.40091248712724337 462.90467037846951825 2000
0.70924908021409471814 1032.8961765296010071 526.82869483892307017 2000
22.374340292943024622 1064.193963574624604 371.89585619251369053 2000
11.562796333503968071 1085.5842622424745514 537.41795160518540797 2000
39.216432305295434446 1211.1519990219492229 703.05493554939903333 2000
22.900939086916977772 2222.2987964632989133 816.22495409250768716 2000
54.794940151786704519 2479.3484240465322728 1015.9681454834116039 2000
0 2849.9470790728269094 1167.8291847040309221 2000
# Layered model 43039: value=0.858395
11
1.5750532137959154522 773.9926385126260584 162.83483384592906873 2000
1.7566174567347749846 805.41984334671917622 213.02197530396412617 2000
3.5979276666931108153 846.50434990736948748 431.75954367025371994 2000
4.9170357876941750419 872.15427821391256202 476.93114479560750851 2000
4.1614729951907847294 1085.5842622424745514 617.74807710114521342 2000
17.303361544528030436 805.41984334671917622 298.77972010972325734 2000
9.6641355178573249418 1260.3296269017564555 710.08548490489306459 2000
39.681567198636436444 1324.6191043125295437 784.37613755928884984 2000
49.924784166403270547 1448.7164063029629233 832.63107566976702856 2000
35.496043854960447561 1665.2621513395340571 976.32541843021692785 2000
0 2504.1419082869974773 1156.2665195089414283 2000
# Layered model 49366: value=0.858676
11
1.5309778844549053467 452.25423861197299402 158.04588547029371171 2000
0.95399276114728603915 766.32934506200615488 187.17444252272832728 2000
4.8567167108418320964 829.82487001996798881 364.56803861632556618 2000
6.6583126435561164058 973.03492161199847033 458.3214558202668627 2000
1.1573752916016015746 1074.8359032103708159 611.63175950608433595 2000
17.057561140165415026 973.03492161199847033 368.21371900248880138 2000
12.680520347877958898 1012.5440412994812505 481.70045624356362168 2000
49.029472157261267284 1364.7563877923034852 717.18633975394197932 2000
12.705642478167533227 1522.6155027691690975 768.9208288984302726 2000
84.180277122726465677 1681.9147728529294454 976.32541843021692785 2000
0 2878.446549863554992 1167.8291847040309221 2000
# Layered model 34802: value=0.861133
11
1.7220076447283114707 316.09177094058742341 156.48107472306307386 2000
2.7859753438453838115 693.74795908305191006 320.33230042227205558 2000
2.9764429339020237464 743.79171238502738106 427.48469670322151615 2000
3.6531141527131278934 1152.3695695457072361 642.83112620124086334 2000
5.1916247873487311182 1235.4961542022904268 662.30955215626477184 2000
18.658421503647215189 1129.6633364824106138 326.77097966075973545 2000
15.31049785333859603 1163.8932652411642721 703.05493554939903333 2000
21.519397015122052608 1750.2072571089975099 761.30775138458454876 2000
69.362674362125318339 1839.4854169795112284 768.9208288984302726 2000
18.726856583692466529 1857.8802711493058268 910.63634503936191322 2000
0 1972.1773452290383375 1067.7927314845246656 2000
# Layered model 44559: value=0.868875
11
1.9057135639871585209 628.0409772027684312 164.46318218438835856 2000
2.0595372897240249443 838.12311872016766756 270.48138294215311817 2000
2.208262814363847415 1434.3726795078839586 398.72269472609860941 2000
4.3354620685769598154 1448.7164063029629233 414.91243500998399441 2000
8.6316402361310053948 1477.8356060696526129 532.096981787312302 2000
12.859384027217004132 1152.3695695457072361 304.78519248392871077 2000
18.298084219523389038 1378.4039516702264336 587.76609894678790624 2000
24.644779021737491576 1568.7522751185776997 642.83112620124086334 2000
45.461139688636848177 1600.2841958484607403 675.62197415460570937 2000
102.18347337072285086 1698.7339205814587331 1026.1278269382457893 2000
0 2430.4954651960906631 1067.7927314845246656 2000
# Layered model 28489: value=0.869103
11
1.9526438462238520088 499.57003828178363847 166.10781400623224613 2000
0.95118532896768437368 603.53503462164098892 223.88823693662030223 2000
4.3908861827047527271 707.69229306062129581 431.75954367025371994 2000
3.7622428586978555742 773.9926385126260584 453.78361962402658492 2000
6.5345851725617745132 889.68457920601224487 526.82869483892307017 2000
17.709731014634822799 1043.2251382948970786 350.34271933694122936 2000
9.2034702746522967232 1152.3695695457072361 689.20197583511321682 2000
38.505281413049665673 2031.9362909668232078 776.61003718741471857 2000
58.170129505278055149 2244.5217844279318342 857.86062989363665565 2000
73.484280027480707531 2766.1305570632530362 883.85466484004371068 2000
0 2793.7918626338855574 1144.8183361474666526 2000
# Layered model 51761: value=0.870383
11
1.5434434469329254558 519.85458511187766817 171.14104687843510533 2000
1.3076553325042106213 609.57038496785742154 190.93664881743518436 2000
6.339835202447925866 766.32934506200615488 419.06155936008383378 2000
4.7077738106159543463 854.96939340644303229 486.51746080599923516 2000
4.9589571860378942603 1175.5321978935758125 710.08548490489306459 2000
13.937519615150858243 1140.9599698472347882 267.80334944767633942 2000
15.562898876956090533 1378.4039516702264336 642.83112620124086334 2000
51.338673623621708941 1507.5401017516526281 761.30775138458454876 2000
29.594371406497643306 2289.6366722949333052 784.37613755928884984 2000
24.923965234873406871 2359.0149531021424991 857.86062989363665565 2000
0 2907.2310153621906466 995.94955934066422287 2000
# Layered model 58820: value=0.870741
11
2.0417048435295153119 456.77678099809264722 185.32123022052309125 2000
0.68171917784399083118 846.50434990736948748 198.68944241538483197 2000
2.5687187220929850184 935.06743416450854056 368.21371900248880138 2000
8.3565292265776704994 1129.6633364824106138 458.3214558202668627 2000
4.4747387139997538696 1272.9329231707740746 611.63175950608433595 2000
17.177863719746827798 813.47404178018632592 357.3846079956137487 2000
9.9883245820290511574 1187.2875198725116661 605.57599951097461144 2000
30.941174492670072027 1235.4961542022904268 738.91780303482630643 2000
40.205062748769989867 1648.7744072668654098 866.43923619257304836 2000
57.845747025517326279 2266.9670022722111753 919.74270848975561421 2000
0 2554.4751606435661415 1239.6742120232661364 2000
# Layered model 41827: value=0.87079
11
2.0088585188731933329 413.51406104422710541 181.66966985640925714 2000
1.0590857411965197699 535.60669889535267885 230.67227440403681271 2000
2.7217689788250813976 1152.3695695457072361 368.21371900248880138 2000
6.3618629813311713406 1448.7164063029629233 449.29071249903614671 2000
8.6745202576643869463 1492.6139621303491367 467.53371708225427028 2000
17.59910815317499555 1129.6633364824106138 353.8461465303106479 2000
10.357419830421726203 1223.2635190121686719 617.74807710114521342 2000
18.589462662207864696 1337.86529535565478 724.35820315148146165 2000
56.614841623264780424 1477.8356060696526129 776.61003718741471857 2000
29.531071253040281022 1584.4397978697634244 849.36696029072936653 2000
0 2200.2958380824743472 1111.1493982316494566 2000
# Layered model 52862: value=0.871917
11
1.5878776474093179161 480.0769874813221918 151.87898946333456252 2000
2.9616013933937432867 916.6429116405337254 275.91805873929041582 2000
0.91525750889938617405 982.76527082811844593 440.43791049802592852 2000
5.3539573833076161691 1272.9329231707740746 472.20905425307677206 2000
4.566111128596096691 1285.6622524024817267 511.33474085623817018 2000
19.759275336648926213 1152.3695695457072361 343.43958370448115147 2000
10.543121011984872837 1187.2875198725116661 617.74807710114521342 2000
21.113339508086077956 1522.6155027691690975 623.92555787215667351 2000
62.490587582439175662 1698.7339205814587331 800.14209792423037015 2000
48.177588601719804728 2072.7782104152565807 976.32541843021692785 2000
0 2178.5107307747271079 1015.9681454834116039 2000
# Layered model 44703: value=0.872121
11
1.7011882293921174458 489.7265349296968111 174.58098192069164156 2000
1.569982906771567599 797.44538945219721882 228.38839049904632361 2000
1.953470147290089276 854.96939340644303229 398.72269472609860941 2000
7.0154942473438293149 1118.4785509726837063 414.91243500998399441 2000
5.2642933612621103379 1247.851115744313347 710.08548490489306459 2000
14.495571107940286026 973.03492161199847033 304.78519248392871077 2000
12.699673837738238547 982.76527082811844593 570.47998492361739409 2000
25.604338845369760236 1012.5440412994812505 611.63175950608433595 2000
69.113011643140083606 1785.3864229768882979 875.10362855449875497 2000
82.164296664913877066 1914.1759012454012918 1026.1278269382457893 2000
0 2031.9362909668232078 1100.1479190412371736 2000
# Layered model 31079: value=0.872818
11
1.6073103496072904672 805.41984334671917622 143.07687835915814389 2000
1.6340242520652974445 935.06743416450854056 232.97899714807718397 2000
4.6374419254520375944 1129.6633364824106138 423.25217495368474374 2000
4.4058803946122564454 1187.2875198725116661 427.48469670322151615 2000
8.2335725202638450071 1463.2035703659926185 431.75954367025371994 2000
12.57098678309251838 1211.1519990219492229 292.89257926646723718 2000
32.863083774906648671 1311.5040636757717039 710.08548490489306459 2000
10.278473478489971171 1406.1098710987980667 753.77005087582631404 2000
56.907739751603500622 1463.2035703659926185 768.9208288984302726 2000
58.538768215949630758 1492.6139621303491367 892.69321148844414893 2000
0 2907.2310153621906466 1302.9100556862508711 2000
# Layered model 54736: value=0.874167
11
1.4117275082059810298 397.37888483076966395 166.10781400623224613 2000
0.87653930521306855361 405.36620041586814978 183.48636655497335823 2000
3.0722494972263056923 773.9926385126260584 333.33907635194100294 2000
7.7537963630832305029 982.76527082811844593 458.3214558202668627 2000
8.5555350738894357931 1434.3726795078839586 532.096981787312302 2000
11.94028139407532052 889.68457920601224487 320.33230042227205558 2000
14.118060265167734713 1364.7563877923034852 630.16481345087822774 2000
34.928981974269476041 1507.5401017516526281 662.30955215626477184 2000
30.413947549991902974 2289.6366722949333052 816.22495409250768716 2000
75.163859207099434911 2554.4751606435661415 857.86062989363665565 2000
0 2936.303325515812503 1191.302551316581912 2000
# Layered model 46457: value=0.875501
11
1.9605771605258315304 328.92636436877671713 183.48636655497335823 2000
1.0516565514276181581 666.67815270388200588 298.77972010972325734 2000
2.4876912700157229885 821.60878219798814825 340.03919178661499245 2000
8.3484118634941761883 1022.6694817124763404 521.6125691474485393 2000
1.4602816345441116397 1175.5321978935758125 662.30955215626477184 2000
16.691381519992539495 1012.5440412994812505 326.77097966075973545 2000
18.518387994815462605 1129.6633364824106138 623.92555787215667351 2000
17.430135490231855044 1392.1879911869286843 703.05493554939903333 2000
67.439682151644134933 1767.7093296800874214 808.1435189034727955 2000
84.194428455462826832 2156.9413175987397153 976.32541843021692785 2000
0 2335.6583694080618443 1005.9090549340709231 2000
# Layered model 54529: value=0.879343
11
1.4290044566512294377 259.05126299348131624 156.48107472306307386 2000
1.9642846727864144984 628.0409772027684312 292.89257926646723718 2000
6.0366695695432355251 982.76527082811844593 467.53371708225427028 2000
2.5464164859703704025 1272.9329231707740746 481.70045624356362168 2000
6.5105176569563081301 1298.518874926506669 576.18478477285361805 2000
15.273569179931815398 1085.5842622424745514 298.77972010972325734 2000
21.131941947822625139 1175.5321978935758125 630.16481345087822774 2000
32.099868027563843498 1477.8356060696526129 717.18633975394197932 2000
30.916064915325776497 2093.5059925194091193 753.77005087582631404 2000
72.039995226979698373 2359.0149531021424991 832.63107566976702856 2000
0 2965.6663587709708736 1482.8331793854854368 2000
# Layered model 48521: value=0.883645
11
1.8903221406445676056 316.09177094058742341 179.87096025387054965 2000
0.66390469320663858532 574.24287671104241326 210.91284683560803614 2000
3.2354864050435883094 805.41984334671917622 440.43791049802592852 2000
7.2770712502726180304 973.03492161199847033 453.78361962402658492 2000
3.4253159021342494128 992.59292353639978046 587.76609894678790624 2000
16.523361701004134261 673.34493423092078501 390.86628244887617711 2000
10.148373669855253354 1199.160395071236735 427.48469670322151615 2000
40.55642507845104916 1600.2841958484607403 753.77005087582631404 2000
34.188076071939519807 2072.7782104152565807 776.61003718741471857 2000
108.74965600260884457 2200.2958380824743472 1005.9090549340709231 2000
0 2995.323022358680646 1252.0709541434987386 2000
# Layered model 59162: value=0.888834
11
1.3777977311349938194 401.35267367907738389 172.8524573472194561 2000
0.93153261323460312404 465.95799429615436793 185.32123022052309125 2000
4.6648889365185945977 686.87916740896230294 340.03919178661499245 2000
4.9587517711644659713 992.59292353639978046 593.64375993625583305 2000
3.0003365076125625421 1463.2035703659926185 611.63175950608433595 2000
18.527158123255478728 1223.2635190121686719 346.87397954152595503 2000
22.890387112083800503 1364.7563877923034852 662.30955215626477184 2000
24.564416373826901463 1378.4039516702264336 696.09399559346434216 2000
40.501728702582113328 1632.4499081850153743 857.86062989363665565 2000
97.173063606914354295 1681.9147728529294454 901.62014360332864271 2000
0 2312.5330390178828566 1410.8648906301123134 2000
# Layered model 40555: value=0.893508
11
1.8225846283207178811 519.85458511187766817 185.32123022052309125 2000
1.47869768808954416 603.53503462164098892 244.86326746484840555 2000
1.8567184904404880896 751.22962950887767875 350.34271933694122936 2000
4.6149176771342039771 1272.9329231707740746 449.29071249903614671 2000
4.2967554806366567988 1448.7164063029629233 655.75203183788585193 2000
19.766206465476376053 1074.8359032103708159 343.43958370448115147 2000
32.116419569901907494 1118.4785509726837063 662.30955215626477184 2000
15.308387883135111451 1163.8932652411642721 668.93264767782739 2000
64.12064053210932002 1507.5401017516526281 768.9208288984302726 2000
13.802861026046713278 1584.4397978697634244 910.63634503936191322 2000
0 2178.5107307747271079 1252.0709541434987386 2000
# Layered model 42436: value=0.89509
11
1.4701440725112584484 283.32055120625375366 158.04588547029371171 2000
1.0148265730909329374 434.60743401514764628 196.72222021325231367 2000
5.5987058769058073437 992.59292353639978046 449.29071249903614671 2000
5.0783372113908704648 1032.8961765296010071 462.90467037846951825 2000
4.8716486107024845609 1053.6573896778461403 472.20905425307677206 2000
14.181274087165803621 1022.6694817124763404 323.53562342649479433 2000
12.484737405971081614 1537.8416577968605452 542.79213112123727569 2000
24.122764855116180627 1698.7339205814587331 696.09399559346434216 2000
83.414744286811341567 1933.3176602578553229 738.91780303482630643 2000
40.310465668661493055 2430.4954651960906631 1133.4835011361055876 2000
0 2995.323022358680646 1439.223274931777496 2000
# Layered model 49990: value=0.896049
11
1.6670470569859159315 489.7265349296968111 158.04588547029371171 2000
1.695291692928794669 736.42743800497760276 232.97899714807718397 2000
2.4646555052372547401 1002.5188527717638181 427.48469670322151615 2000
8.0213425903113844129 1032.8961765296010071 491.38263541405922297 2000
4.5470076690935226083 1096.4401048648992401 581.94663262058213604 2000
18.270786528515056801 1199.160395071236735 323.53562342649479433 2000
7.8386136353711108882 1298.518874926506669 682.37819389615174259 2000
45.50318309015965923 1732.8784723851460967 792.21989893488171219 2000
54.16046874371768638 2406.4311536594955214 816.22495409250768716 2000
42.368682258495596216 2738.743125805201089 928.94013557465291342 2000
0 2965.6663587709708736 1252.0709541434987386 2000
# Layered model 52863: value=0.896067
11
1.829989530513397078 568.55730367429941907 161.22260776824660411 2000
0.29654021244135586599 597.55944021944651467 204.70993121001342274 2000
3.7379855876966661121 797.44538945219721882 304.78519248392871077 2000
6.0684557214012384563 925.80934075693903651 516.44808826480050357 2000
4.7236906698686738082 1285.6622524024817267 593.64375993625583305 2000
18.409084358749645105 973.03492161199847033 307.83304440876798935 2000
8.2871457086140694059 1420.1709698097861292 682.37819389615174259 2000
36.875938573443455937 1839.4854169795112284 792.21989893488171219 2000
64.544761844057660483 1972.1773452290383375 808.1435189034727955 2000
53.079885959257609329 2430.4954651960906631 832.63107566976702856 2000
0 2684.7790665672000614 1252.0709541434987386 2000
# Layered model 53751: value=0.896078
11
1.5878776474093179161 640.66460084454411117 151.87898946333456252 2000
1.263221132027818161 666.67815270388200588 257.35375500588003206 2000
3.0511792317411301489 846.50434990736948748 320.33230042227205558 2000
5.7312368115001550706 889.68457920601224487 516.44808826480050357 2000
4.6147869254903568503 1043.2251382948970786 526.82869483892307017 2000
16.110727083752273359 1096.4401048648992401 330.03868945736735441 2000
30.772970328629767778 1420.1709698097861292 717.18633975394197932 2000
6.2792851185575955242 1895.2236645994071296 724.35820315148146165 2000
83.464965860252235075 2031.9362909668232078 738.91780303482630643 2000
28.658470584152297533 2135.5854629690493312 1167.8291847040309221 2000
0 2965.6663587709708736 1264.591663684933792 2000
# Layered model 49225: value=0.89673
11
1.5371980299106413614 504.56573866460144018 181.66966985640925714 2000
1.8560910995270025747 574.24287671104241326 228.38839049904632361 2000
3.6710358560086202573 863.51908734050743988 394.77494527336500596 2000
6.4364897955825561837 1260.3296269017564555 458.3214558202668627 2000
9.0469680885775627388 1448.7164063029629233 491.38263541405922297 2000
11.515365166908647865 1175.5321978935758125 267.80334944767633942 2000
9.6703436094046821836 1211.1519990219492229 649.2594374632533345 2000
45.510860408087523865 1247.851115744313347 724.35820315148146165 2000
28.171093739705710846 1434.3726795078839586 768.9208288984302726 2000
52.192434588696144715 1448.7164063029629233 808.1435189034727955 2000
0 2711.6268572328722257 1355.8134286164361129 2000
# Layered model 46370: value=0.90011
11
1.4821143125608755575 443.343043438852078 174.58098192069164156 2000
1.4754204945489117762 773.9926385126260584 198.68944241538483197 2000
6.352144449139377258 789.54989054673001192 406.73702089009316296 2000
3.709749297439728366 992.59292353639978046 453.78361962402658492 2000
2.7520346761688276871 1074.8359032103708159 599.58019753561836751 2000
19.68770828380648652 1364.7563877923034852 340.03919178661499245 2000
10.830987966364020281 1448.7164063029629233 738.91780303482630643 2000
52.140636775760988542 2072.7782104152565807 761.30775138458454876 2000
29.245677333332864123 2631.878312486226605 776.61003718741471857 2000
35.894184225168828561 2711.6268572328722257 849.36696029072936653 2000
0 2793.7918626338855574 1122.2608922139659171 2000
# Layered model 43840: value=0.902531
11
1.9447426334260016212 335.53778429258915139 183.48636655497335823 2000
0.5631022049048932665 773.9926385126260584 213.02197530396412617 2000
4.4663744425572966534 838.12311872016766756 394.77494527336500596 2000
6.0452092728007018607 916.6429116405337254 431.75954367025371994 2000
2.3653765079172668351 1492.6139621303491367 724.35820315148146165 2000
20.632588814526641841 1199.160395071236735 364.56803861632556618 2000
7.1464418860282492574 1298.518874926506669 559.23927548634185314 2000
57.815164237839461236 1406.1098710987980667 696.09399559346434216 2000
48.728517762960294135 1681.9147728529294454 849.36696029072936653 2000
67.894457796938013416 2936.303325515812503 910.63634503936191322 2000
0 2965.6663587709708736 1355.8134286164361129 2000
# Layered model 55821: value=0.903559
11
1.506347979307830931 438.95350835529916367 176.32679173989856736 2000
1.6183371822531504858 443.343043438852078 200.67633683953869195 2000
2.4821704709648524378 700.68543867388245872 427.48469670322151615 2000
7.5551581013730348957 992.59292353639978046 553.70225295677414579 2000
1.1898408611932005385 1477.8356060696526129 642.83112620124086334 2000
17.791276427832372065 1260.3296269017564555 364.56803861632556618 2000
30.166534648536895702 1298.518874926506669 570.47998492361739409 2000
19.996150895795317126 1378.4039516702264336 731.60178518299630923 2000
31.716603555865589215 1584.4397978697634244 761.30775138458454876 2000
126.38593486938167132 1665.2621513395340571 976.32541843021692785 2000
0 2335.6583694080618443 1369.3715629026005445 2000
# Layered model 50379: value=0.90508
11
1.9926340492133050031 530.30366227262641132 169.44658106775753481 2000
0.93792491786616216665 1199.160395071236735 257.35375500588003206 2000
3.2034566590642747919 1260.3296269017564555 333.33907635194100294 2000
6.9327688630236705691 1311.5040636757717039 419.06155936008383378 2000
6.0738314836155833376 1337.86529535565478 611.63175950608433595 2000
14.846607087862146557 907.56723924805316983 307.83304440876798935 2000
13.950014075912676503 1285.6622524024817267 636.4664615853870373 2000
22.067930898492214453 1324.6191043125295437 649.2594374632533345 2000
41.653859906812940039 1434.3726795078839586 746.30698106517456836 2000
43.256324889022039315 1537.8416577968605452 883.85466484004371068 2000
0 2454.8004198480516607 1167.8291847040309221 2000
# Layered model 58549: value=0.907219
11
1.8674677695354939821 700.68543867388245872 169.44658106775753481 2000
1.7505997427543782408 766.32934506200615488 267.80334944767633942 2000
3.3561517685983193182 863.51908734050743988 368.21371900248880138 2000
3.1600475018877416389 1032.8961765296010071 476.93114479560750851 2000
10.181250543477640136 1311.5040636757717039 564.83166824120530691 2000
12.479667267436195033 1247.851115744313347 267.80334944767633942 2000
32.298045747601051403 1392.1879911869286843 689.20197583511321682 2000
8.2703006158533582948 1632.4499081850153743 703.05493554939903333 2000
57.015362534544095752 1785.3864229768882979 724.35820315148146165 2000
34.680618540000750727 2738.743125805201089 731.60178518299630923 2000
0 2849.9470790728269094 1179.5074765510712496 2000
# Layered model 36179: value=0.907808
11
1.8826731075049070174 540.96276588430623633 161.22260776824660411 2000
0.79129648050145928728 797.44538945219721882 190.93664881743518436 2000
4.1672414876225385427 1085.5842622424745514 406.73702089009316296 2000
7.0574967168721105537 1351.2439483092114187 440.43791049802592852 2000
7.4507999527876567214 1378.4039516702264336 506.27202064974062523 2000
13.095816924073357512 1211.1519990219492229 323.53562342649479433 2000
19.732071654714616216 1235.4961542022904268 617.74807710114521342 2000
12.908309028549787456 1260.3296269017564555 642.83112620124086334 2000
40.893364897250279455 1477.8356060696526129 768.9208288984302726 2000
46.236023485761904794 1665.2621513395340571 832.63107566976702856 2000
0 2244.5217844279318342 1167.8291847040309221 2000
# Layered model 55660: value=0.908536
11
1.5002526660456916296 579.98530547815289538 154.93175715154760042 2000
1.5959320677736612559 647.07124685298958866 219.47675417764958183 2000
2.4037402481498197915 1211.1519990219492229 375.61481475443883937 2000
4.9709646917081986572 1392.1879911869286843 390.86628244887617711 2000
5.3005735561803497546 1492.6139621303491367 559.23927548634185314 2000
18.673861439504307214 898.58142499807229342 364.56803861632556618 2000
25.986977433942882953 1107.4045059135482916 649.2594374632533345 2000
8.3901365895495061409 1285.6622524024817267 675.62197415460570937 2000
54.646188654631018267 1434.3726795078839586 753.77005087582631404 2000
40.844771258742781583 1972.1773452290383375 816.22495409250768716 2000
0 2382.6051026331638241 1227.4002099240258303 2000
# Layered model 35577: value=0.909289
11
1.5186129996195951719 509.61139605124753871 153.39777935796792008 2000
1.0123165887332716828 628.0409772027684312 200.67633683953869195 2000
4.7171142970928165994 805.41984334671917622 360.95845407556987539 2000
4.2177392945323877171 925.80934075693903651 501.25942638588190903 2000
7.3918817985608384902 1364.7563877923034852 506.27202064974062523 2000
16.051935887076457021 1187.2875198725116661 336.67246711546039251 2000
15.388483353908021911 1247.851115744313347 668.93264767782739 2000
37.438494669127535985 1364.7563877923034852 731.60178518299630923 2000
47.08566469733902693 1492.6139621303491367 792.21989893488171219 2000
28.748414228300958939 1876.459073860799208 910.63634503936191322 2000
0 2554.4751606435661415 986.08867261451916875 2000
# Layered model 31697: value=0.911096
11
1.6806205249332053508 551.83611747858083163 151.87898946333456252 2000
0.92084612844543012322 621.82274970571131689 221.671521719426039 2000
2.8632698963238119028 721.91690815113975077 371.89585619251369053 2000
6.0010466302756242385 916.6429116405337254 427.48469670322151615 2000
7.9620293426485417854 1223.2635190121686719 675.62197415460570937 2000
14.182316619066728691 797.44538945219721882 278.67723932668332054 2000
9.365475040800774309 1247.851115744313347 682.37819389615174259 2000
23.258239201163569021 1665.2621513395340571 689.20197583511321682 2000
39.065069951986274077 1767.7093296800874214 816.22495409250768716 2000
116.28240765551799996 2406.4311536594955214 857.86062989363665565 2000
0 2580.0199122500016529 1277.2375803217830708 2000
# Layered model 32977: value=0.912078
11
1.9134562072253982201 557.35447865336664108 148.88637335882222601 2000
0.99037296796613816241 579.98530547815289538 257.35375500588003206 2000
3.8936119411476792784 773.9926385126260584 472.20905425307677206 2000
5.9414342547968752584 863.51908734050743988 486.51746080599923516 2000
6.9804429596338355424 982.76527082811844593 491.38263541405922297 2000
15.50327137821777157 1053.6573896778461403 336.67246711546039251 2000
8.5109019369320151327 1492.6139621303491367 611.63175950608433595 2000
29.007665127476300881 1537.8416577968605452 710.08548490489306459 2000
29.514869711902392169 2244.5217844279318342 808.1435189034727955 2000
105.70744135464823898 2504.1419082869974773 832.63107566976702856 2000
0 2658.1970956110890256 1497.661511179340323 2000
# Layered model 37881: value=0.913707
11
1.8523852369016660102 673.34493423092078501 166.10781400623224613 2000
2.5333667444872514096 829.82487001996798881 259.92729255593883408 2000
2.1548878993200899501 1022.6694817124763404 423.25217495368474374 2000
5.788700370880834889 1199.160395071236735 453.78361962402658492 2000
3.5206130047756030166 1272.9329231707740746 761.30775138458454876 2000
21.310387436794215432 1085.5842622424745514 326.77097966075973545 2000
5.4412593068403367624 1152.3695695457072361 675.62197415460570937 2000
25.346923485047319957 1434.3726795078839586 731.60178518299630923 2000
65.189989745046048597 1767.7093296800874214 800.14209792423037015 2000
96.621143470154436272 2178.5107307747271079 910.63634503936191322 2000
0 2849.9470790728269094 1497.661511179340323 2000
# Layered model 59481: value=0.91372
11
1.6008065004138014586 609.57038496785742154 150.37523709241045822 2000
1.1729866023432746758 707.69229306062129581 230.67227440403681271 2000
2.6559801497067514475 846.50434990736948748 317.16069348739807765 2000
8.218898717580334079 935.06743416450854056 521.6125691474485393 2000
2.2801619350668698161 1053.6573896778461403 542.79213112123727569 2000
17.234301214119607693 907.56723924805316983 350.34271933694122936 2000
19.843218308259480409 1616.287037806945591 668.93264767782739 2000
34.730225461160806333 1632.4499081850153743 731.60178518299630923 2000
16.68381440098528401 2072.7782104152565807 761.30775138458454876 2000
53.327937964049979769 2093.5059925194091193 947.61183229970356479 2000
0 2554.4751606435661415 1005.9090549340709231 2000
# Layered model 52131: value=0.916195
11
1.9212303077221932757 579.98530547815289538 176.32679173989856736 2000
1.1467139523475198271 925.80934075693903651 208.82460082733467743 2000
4.6605728783970929996 944.41810850615354411 419.06155936008383378 2000
6.1701906540342097429 992.59292353639978046 444.84228960300612243 2000
4.3148978826016861632 1053.6573896778461403 462.90467037846951825 2000
18.289253755159212034 838.12311872016766756 340.03919178661499245 2000
15.58491079628340259 1175.5321978935758125 630.16481345087822774 2000
19.120452624825588828 1260.3296269017564555 717.18633975394197932 2000
32.775662844096828508 1568.7522751185776997 816.22495409250768716 2000
102.10372971799895936 1991.8991186813284457 875.10362855449875497 2000
0 2289.6366722949333052 1264.591663684933792 2000
# Layered model 46003: value=0.92381
11
1.9368733922361829336 519.85458511187766817 159.62634432499663717 2000
0.13199688905942474904 530.30366227262641132 301.76751731082049446 2000
3.3958662684068396942 813.47404178018632592 317.16069348739807765 2000
6.5552006432268257186 1096.4401048648992401 491.38263541405922297 2000
4.0678376621184462181 1129.6633364824106138 649.2594374632533345 2000
20.333721610215967246 680.0783835732299849 357.3846079956137487 2000
12.148393648115842325 1568.7522751185776997 655.75203183788585193 2000
34.79449698786284273 2072.7782104152565807 724.35820315148146165 2000
18.891639384056034601 2244.5217844279318342 792.21989893488171219 2000
68.122008477873350785 2658.1970956110890256 824.38720363343270492 2000
0 2849.9470790728269094 1144.8183361474666526 2000
# Layered model 44415: value=0.924387
11
1.4348102985693382827 509.61139605124753871 158.04588547029371171 2000
1.2147698635954125024 568.55730367429941907 208.82460082733467743 2000
2.9572754703610830695 789.54989054673001192 350.34271933694122936 2000
4.3450970986232473336 854.96939340644303229 444.84228960300612243 2000
8.5349401107584768056 1463.2035703659926185 516.44808826480050357 2000
13.800009406745179064 1129.6633364824106138 292.89257926646723718 2000
19.347563264855963894 1187.2875198725116661 593.64375993625583305 2000
32.802106853000324804 1324.6191043125295437 724.35820315148146165 2000
45.397299455221101994 1698.7339205814587331 919.74270848975561421 2000
35.225640209958896776 2011.8181098681418462 957.08795062270064591 2000
0 2793.7918626338855574 1167.8291847040309221 2000
# Layered model 30640: value=0.924434
11
1.7011882293921174458 551.83611747858083163 150.37523709241045822 2000
2.1920579593862967727 640.66460084454411117 270.48138294215311817 2000
1.3988965546880769431 1175.5321978935758125 323.53562342649479433 2000
5.0653149188739812203 1235.4961542022904268 501.25942638588190903 2000
5.8908440858283057651 1392.1879911869286843 662.30955215626477184 2000
16.038600500483958911 743.79171238502738106 314.0204886013842156 2000
18.674992290586445165 1406.1098710987980667 611.63175950608433595 2000
24.944841124025955992 1732.8784723851460967 724.35820315148146165 2000
74.429230132490161509 1895.2236645994071296 753.77005087582631404 2000
21.592885550357948432 1914.1759012454012918 947.61183229970356479 2000
0 2907.2310153621906466 1369.3715629026005445 2000
# Layered model 15290: value=0.925806
11
1.506347979307830931 504.56573866460144018 169.44658106775753481 2000
0.86734345413212232678 514.70751001176006412 187.17444252272832728 2000
3.3056038022553124733 714.7692159912274974 360.95845407556987539 2000
7.9199119536511872752 1012.5440412994812505 511.33474085623817018 2000
3.8185386024215564049 1064.193963574624604 576.18478477285361805 2000
15.304340050266301176 944.41810850615354411 326.77097966075973545 2000
13.974460094226792251 1247.851115744313347 542.79213112123727569 2000
33.191251878554055565 1632.4499081850153743 696.09399559346434216 2000
49.946074006914969345 2052.2556538764915786 738.91780303482630643 2000
70.727099515361430804 2406.4311536594955214 840.95738642646472272 2000
0 2849.9470790728269094 1410.8648906301123134 2000
# Layered model 43843: value=0.928262
11
1.7501637451345961605 789.54989054673001192 166.10781400623224613 2000
0.94841977375059038913 821.60878219798814825 187.17444252272832728 2000
3.7586302785213012712 872.15427821391256202 458.3214558202668627 2000
5.5627233955227852746 963.40091248712724337 486.51746080599923516 2000
2.9133703667359469591 1420.1709698097861292 506.27202064974062523 2000
22.812036456651039629 1129.6633364824106138 364.56803861632556618 2000
9.7747092893836722283 1272.9329231707740746 593.64375993625583305 2000
24.911899134036502801 1406.1098710987980667 717.18633975394197932 2000
54.179302735458747975 1463.2035703659926185 832.63107566976702856 2000
48.46170498402092619 1507.5401017516526281 919.74270848975561421 2000
0 2684.7790665672000614 1067.7927314845246656 2000
# Layered model 43882: value=0.928926
11
1.6738200321420535488 480.0769874813221918 164.46318218438835856 2000
1.3109389280173502357 530.30366227262641132 242.43887867806770942 2000
4.0343685867626160046 963.40091248712724337 406.73702089009316296 2000
6.1907607515615818983 1199.160395071236735 440.43791049802592852 2000
5.2770045434239563065 1434.3726795078839586 655.75203183788585193 2000
15.805049303786379511 1175.5321978935758125 295.82150505913193683 2000
11.998217334334292161 1235.4961542022904268 668.93264767782739 2000
24.013853203079769116 1298.518874926506669 710.08548490489306459 2000
39.499621237483935943 1537.8416577968605452 724.35820315148146165 2000
50.103378259871291789 1785.3864229768882979 753.77005087582631404 2000
0 2849.9470790728269094 1203.2155768297477607 2000
