# 60025 2_reports/tar1_lr20_tr1.report
# Layered model 57984: value=0.405615
8
1.4464928431720585067 434.60743401514764628 167.7688921462945757 2000
1.5754582992594787783 736.42743800497760276 202.68310020793407489 2000
5.4542988019920359832 963.40091248712724337 423.25217495368474374 2000
10.010642897483984726 1032.8961765296010071 486.51746080599923516 2000
13.656238181016885136 673.34493423092078501 320.33230042227205558 2000
96.094244703322488022 1914.1759012454012918 703.05493554939903333 2000
29.551972544098561002 2031.9362909668232078 1067.7927314845246656 2000
0 2093.5059925194091193 1111.1493982316494566 2000
# Layered model 59768: value=0.429563
8
1.6073103496072904672 312.96214944612614772 171.14104687843510533 2000
1.384720484483340508 781.73256489775235423 215.15219505700380864 2000
5.1426610618596306779 1235.4961542022904268 436.07713910695628101 2000
6.724664927883267751 1448.7164063029629233 542.79213112123727569 2000
19.972432366815453975 1002.5188527717638181 333.33907635194100294 2000
93.405586535597961984 1553.2200743748294371 717.18633975394197932 2000
55.127072642027826532 1991.8991186813284457 1015.9681454834116039 2000
0 2266.9670022722111753 1239.6742120232661364 2000
# Layered model 29837: value=0.437251
8
1.4464928431720585067 480.0769874813221918 169.44658106775753481 2000
1.18249274661327064 514.70751001176006412 179.87096025387054965 2000
5.9878699660114849124 1420.1709698097861292 431.75954367025371994 2000
6.7679495058093461779 1463.2035703659926185 516.44808826480050357 2000
16.615194938393841539 680.0783835732299849 307.83304440876798935 2000
67.344135288136968143 2135.5854629690493312 738.91780303482630643 2000
76.16007744262783774 2222.2987964632989133 784.37613755928884984 2000
0 2312.5330390178828566 1215.2477325980453315 2000
# Layered model 54456: value=0.491485
8
1.9368733922361829336 389.54895091733129675 171.14104687843510533 2000
0.66608263725424210477 447.77647387324060446 206.75703052211355271 2000
3.8582009237399850221 982.76527082811844593 398.72269472609860941 2000
9.9492734560880897732 1272.9329231707740746 506.27202064974062523 2000
16.384754184371267627 557.35447865336664108 330.03868945736735441 2000
84.980912733806547976 1933.3176602578553229 776.61003718741471857 2000
48.11516059758237418 2406.4311536594955214 892.69321148844414893 2000
0 2738.743125805201089 1089.255365387363554 2000
# Layered model 59276: value=0.500926
8
1.9212303077221932757 621.82274970571131689 167.7688921462945757 2000
0.60517316999007264577 935.06743416450854056 192.84601530560954075 2000
6.9065270108146101791 1096.4401048648992401 371.89585619251369053 2000
4.706764187955352341 1434.3726795078839586 668.93264767782739 2000
18.949521548611016897 714.7692159912274974 336.67246711546039251 2000
69.840595103703748237 1337.86529535565478 717.18633975394197932 2000
64.003007747144181394 1952.6508368604338557 919.74270848975561421 2000
0 2359.0149531021424991 1122.2608922139659171 2000
# Layered model 36144: value=0.522463
8
1.3833955274083828968 289.01529428549946488 167.7688921462945757 2000
2.021814659719374685 805.41984334671917622 237.66187499075354594 2000
3.0030149583330820739 1406.1098710987980667 414.91243500998399441 2000
8.0868349985299001759 1434.3726795078839586 491.38263541405922297 2000
17.504939856009258392 634.3213869747961553 323.53562342649479433 2000
96.237375726246938257 1406.1098710987980667 761.30775138458454876 2000
21.845749442559736053 2114.4410524446034287 1191.302551316581912 2000
0 2156.9413175987397153 1215.2477325980453315 2000
# Layered model 41098: value=0.532214
8
1.7011882293921174458 312.96214944612614772 178.09005965729755872 2000
0.77543511901712269818 352.65358347979713471 210.91284683560803614 2000
4.0379026282331613729 1223.2635190121686719 402.70992167335958811 2000
7.6955378846005135784 1311.5040636757717039 599.58019753561836751 2000
18.658382781378634263 1022.6694817124763404 307.83304440876798935 2000
79.203944855454295748 2156.9413175987397153 717.18633975394197932 2000
77.121135057106457111 2289.6366722949333052 816.22495409250768716 2000
0 2479.3484240465322728 1424.9735395364134547 2000
# Layered model 57827: value=0.550835
8
1.4174631563391555389 289.01529428549946488 171.14104687843510533 2000
1.6044879860923817461 535.60669889535267885 226.12711930598649701 2000
9.6620912628330302141 1163.8932652411642721 449.29071249903614671 2000
2.3982725521404422153 1199.160395071236735 675.62197415460570937 2000
21.583816085666917672 1107.4045059135482916 350.34271933694122936 2000
83.64242792916601843 1553.2200743748294371 703.05493554939903333 2000
72.47098750534912881 1600.2841958484607403 857.86062989363665565 2000
0 2684.7790665672000614 1342.3895332836000307 2000
# Layered model 38305: value=0.563699
8
1.5943289685113954945 291.90544722835448965 171.14104687843510533 2000
1.1143175136300187411 781.73256489775235423 206.75703052211355271 2000
6.5703620855882238772 1364.7563877923034852 398.72269472609860941 2000
5.9538006117166428766 1434.3726795078839586 559.23927548634185314 2000
17.054093069206455624 653.5419593215194709 317.16069348739807765 2000
93.251112449390177517 1351.2439483092114187 753.77005087582631404 2000
39.318180796059451154 2072.7782104152565807 1179.5074765510712496 2000
0 2093.5059925194091193 1227.4002099240258303 2000
# Layered model 53936: value=0.571079
8
1.4941820169675747998 393.44444042650462734 162.83483384592906873 2000
1.6504724598707642969 813.47404178018632592 221.671521719426039 2000
4.4719407273483930965 1463.2035703659926185 406.73702089009316296 2000
9.3741316366594293896 1492.6139621303491367 444.84228960300612243 2000
15.87771980177538822 615.66608881753597871 333.33907635194100294 2000
91.782467478633435576 1351.2439483092114187 784.37613755928884984 2000
32.153922798428297369 1876.459073860799208 1122.2608922139659171 2000
0 2093.5059925194091193 1277.2375803217830708 2000
# Layered model 57200: value=0.582021
8
1.6670470569859159315 378.09237389591123701 158.04588547029371171 2000
1.5408149748368742404 693.74795908305191006 244.86326746484840555 2000
5.0617696470341222437 1420.1709698097861292 394.77494527336500596 2000
5.7303683211430875843 1492.6139621303491367 537.41795160518540797 2000
19.237219142782798542 666.67815270388200588 330.03868945736735441 2000
91.413694978472193498 1507.5401017516526281 753.77005087582631404 2000
29.237092255989026057 1715.7212597872733113 995.94955934066422287 2000
0 2200.2958380824743472 1191.302551316581912 2000
# Layered model 57690: value=0.586827
8
1.6806205249332053508 417.64920165466935487 174.58098192069164156 2000
0.84578295277906057059 484.87775735613541883 176.32679173989856736 2000
5.9498464667113069027 1337.86529535565478 423.25217495368474374 2000
6.5313763825699151511 1434.3726795078839586 481.70045624356362168 2000
17.787558266696279929 591.64301011826387366 323.53562342649479433 2000
67.255951042867238243 2178.5107307747271079 768.9208288984302726 2000
78.77962644702046191 2244.5217844279318342 776.61003718741471857 2000
0 2266.9670022722111753 1342.3895332836000307 2000
# Layered model 53293: value=0.591082
8
1.6138406230152744225 480.0769874813221918 164.46318218438835856 2000
1.2901950268488244777 551.83611747858083163 202.68310020793407489 2000
7.5075525977882318074 1285.6622524024817267 431.75954367025371994 2000
4.2281063775816409844 1448.7164063029629233 617.74807710114521342 2000
17.431791039349484151 628.0409772027684312 314.0204886013842156 2000
70.858325664213538175 2031.9362909668232078 731.60178518299630923 2000
72.574401401967804759 2093.5059925194091193 738.91780303482630643 2000
0 2200.2958380824743472 1342.3895332836000307 2000
# Layered model 57312: value=0.591103
8
1.4174631563391555389 342.28209375687021065 176.32679173989856736 2000
1.3456271200933009879 551.83611747858083163 189.04618694795561851 2000
8.1752683903140237476 1448.7164063029629233 423.25217495368474374 2000
11.166098391293196812 1492.6139621303491367 476.93114479560750851 2000
14.154857134383377115 880.87582099605185704 320.33230042227205558 2000
91.978061533823876061 1767.7093296800874214 724.35820315148146165 2000
65.752552110812558794 2093.5059925194091193 1005.9090549340709231 2000
0 2156.9413175987397153 1078.4706587993698577 2000
# Layered model 59592: value=0.599729
8
1.3777977311349938194 286.15375671831628779 148.88637335882222601 2000
2.575545582629996666 729.13607723265113236 252.28286933230072009 2000
4.1813485821852713897 1211.1519990219492229 476.93114479560750851 2000
6.4325059843019456451 1448.7164063029629233 553.70225295677414579 2000
17.432802119747790925 666.67815270388200588 317.16069348739807765 2000
95.331200411573121301 1247.851115744313347 738.91780303482630643 2000
43.833670373440043022 2031.9362909668232078 1122.2608922139659171 2000
0 2093.5059925194091193 1252.0709541434987386 2000
# Layered model 39741: value=0.600489
8
1.8078645926751237827 297.77274671764445202 172.8524573472194561 2000
1.9163636393812615299 889.68457920601224487 295.82150505913193683 2000
2.4765706413279935383 1163.8932652411642721 436.07713910695628101 2000
9.6491543829810666466 1420.1709698097861292 467.53371708225427028 2000
16.581363284347013121 916.6429116405337254 323.53562342649479433 2000
87.027095228596522247 1199.160395071236735 689.20197583511321682 2000
21.519019132311086651 2359.0149531021424991 947.61183229970356479 2000
0 2504.1419082869974773 1191.302551316581912 2000
# Layered model 50959: value=0.602797
8
1.4821143125608755575 758.74192580396641006 151.87898946333456252 2000
1.6314049714374800892 992.59292353639978046 215.15219505700380864 2000
3.4548165430906641049 1448.7164063029629233 406.73702089009316296 2000
7.9267243169017200799 1477.8356060696526129 486.51746080599923516 2000
18.594156081102504174 660.07737891473470881 333.33907635194100294 2000
89.806258242265272429 1285.6622524024817267 784.37613755928884984 2000
90.18938388312518839 1767.7093296800874214 1057.2205262223017144 2000
0 2135.5854629690493312 1215.2477325980453315 2000
# Layered model 31234: value=0.613722
8
1.929035993283912287 280.51539723391459802 169.44658106775753481 2000
0.4987880910306059512 585.78515853293447435 320.33230042227205558 2000
6.7751679586108908282 1012.5440412994812505 458.3214558202668627 2000
6.0298171365208723671 1235.4961542022904268 593.64375993625583305 2000
18.452402537822987227 982.76527082811844593 330.03868945736735441 2000
78.387179780806576446 1272.9329231707740746 703.05493554939903333 2000
24.561505656499164729 1568.7522751185776997 883.85466484004371068 2000
0 2766.1305570632530362 1167.8291847040309221 2000
# Layered model 56201: value=0.617202
8
1.9212303077221932757 283.32055120625375366 167.7688921462945757 2000
1.6576798216519816886 1002.5188527717638181 317.16069348739807765 2000
3.2091466469311367149 1223.2635190121686719 481.70045624356362168 2000
8.905305114895149643 1463.2035703659926185 501.25942638588190903 2000
16.306638108799539566 562.92802343990035752 333.33907635194100294 2000
90.027047110538774177 1420.1709698097861292 768.9208288984302726 2000
27.119648940008346472 1933.3176602578553229 1167.8291847040309221 2000
0 2052.2556538764915786 1203.2155768297477607 2000
# Layered model 53910: value=0.617291
8
1.9685427067557867975 401.35267367907738389 169.44658106775753481 2000
0.68673273892739561397 480.0769874813221918 267.80334944767633942 2000
3.4947245543168179438 1223.2635190121686719 353.8461465303106479 2000
8.5625521656189533815 1272.9329231707740746 581.94663262058213604 2000
19.655995676141934325 935.06743416450854056 326.77097966075973545 2000
64.975587446376081857 1492.6139621303491367 724.35820315148146165 2000
91.037257521839464403 2135.5854629690493312 901.62014360332864271 2000
0 2684.7790665672000614 1179.5074765510712496 2000
# Layered model 53467: value=0.618768
8
1.4003257445129533298 356.18011931459511743 192.84601530560954075 2000
1.5037099053511455704 603.53503462164098892 194.77447545866564838 2000
6.9249631065525072415 1012.5440412994812505 427.48469670322151615 2000
5.4038104230296752917 1022.6694817124763404 532.096981787312302 2000
18.004409963336517109 944.41810850615354411 333.33907635194100294 2000
74.931004225319071566 1351.2439483092114187 662.30955215626477184 2000
21.792654940474477598 2200.2958380824743472 928.94013557465291342 2000
0 2289.6366722949333052 1046.7529962597045596 2000
# Layered model 54258: value=0.618896
8
1.4523697379179385525 366.97273310994671647 166.10781400623224613 2000
1.4516659119461603478 838.12311872016766756 204.70993121001342274 2000
3.3996232291019117255 1463.2035703659926185 406.73702089009316296 2000
7.9064049822769044695 1477.8356060696526129 440.43791049802592852 2000
18.293701873726710971 700.68543867388245872 336.67246711546039251 2000
91.266316408178312258 1616.287037806945591 710.08548490489306459 2000
91.99891580219393461 1895.2236645994071296 1089.255365387363554 2000
0 2052.2556538764915786 1239.6742120232661364 2000
# Layered model 37821: value=0.621423
8
1.4174631563391555389 291.90544722835448965 153.39777935796792008 2000
1.7903988754836346331 634.3213869747961553 235.30878711955796234 2000
9.4761803734417782152 821.60878219798814825 467.53371708225427028 2000
5.349619939336784924 1002.5188527717638181 511.33474085623817018 2000
14.397654196111105307 714.7692159912274974 298.77972010972325734 2000
57.523659898367739629 1477.8356060696526129 746.30698106517456836 2000
79.080624565298322182 1616.287037806945591 776.61003718741471857 2000
0 2335.6583694080618443 1396.8959313169427787 2000
# Layered model 36902: value=0.62271
8
1.5943289685113954945 673.34493423092078501 159.62634432499663717 2000
1.7437851253301470678 907.56723924805316983 226.12711930598649701 2000
6.4908846625750635795 1152.3695695457072361 406.73702089009316296 2000
5.7093188313197842376 1247.851115744313347 453.78361962402658492 2000
20.72099660468666471 898.58142499807229342 371.89585619251369053 2000
81.51678313507326834 1285.6622524024817267 710.08548490489306459 2000
15.479526497287380948 1991.8991186813284457 1046.7529962597045596 2000
0 2382.6051026331638241 1215.2477325980453315 2000
# Layered model 58773: value=0.62323
8
1.5560105067934166811 312.96214944612614772 164.46318218438835856 2000
1.0992649388897657303 973.03492161199847033 219.47675417764958183 2000
5.8209744987403908567 1064.193963574624604 375.61481475443883937 2000
6.6060650129814373344 1199.160395071236735 703.05493554939903333 2000
18.452898963847424341 953.86228959121501703 320.33230042227205558 2000
48.497663044924678388 1972.1773452290383375 717.18633975394197932 2000
69.94078168259672168 2093.5059925194091193 753.77005087582631404 2000
0 2244.5217844279318342 1144.8183361474666526 2000
# Layered model 54670: value=0.627154
8
1.3666700000000000514 409.41986242002684548 164.46318218438835856 2000
1.3964202764324564754 872.15427821391256202 208.82460082733467743 2000
3.8594998693600386375 1448.7164063029629233 340.03919178661499245 2000
10.116966980380786012 1492.6139621303491367 506.27202064974062523 2000
16.497662016609517366 628.0409772027684312 326.77097966075973545 2000
93.194209342335227575 1337.86529535565478 746.30698106517456836 2000
37.396162749761117539 1895.2236645994071296 1133.4835011361055876 2000
0 2156.9413175987397153 1252.0709541434987386 2000
# Layered model 54515: value=0.632351
8
1.5814524310477200419 289.01529428549946488 162.83483384592906873 2000
1.5632020457906190547 562.92802343990035752 237.66187499075354594 2000
10.514079546237963925 872.15427821391256202 516.44808826480050357 2000
3.5015295384291391656 944.41810850615354411 564.83166824120530691 2000
15.343502173464184324 615.66608881753597871 314.0204886013842156 2000
74.141141178291121605 1434.3726795078839586 753.77005087582631404 2000
77.87080938955452325 1715.7212597872733113 901.62014360332864271 2000
0 2222.2987964632989133 1264.591663684933792 2000
# Layered model 59763: value=0.636691
8
1.4060150689014527803 289.01529428549946488 154.93175715154760042 2000
1.9654801658785052698 982.76527082811844593 247.31190013949688478 2000
3.9985602625054039727 1420.1709698097861292 402.70992167335958811 2000
7.2696391279486096693 1477.8356060696526129 476.93114479560750851 2000
17.864071109735654375 621.82274970571131689 326.77097966075973545 2000
96.646234265030045663 1285.6622524024817267 768.9208288984302726 2000
24.738006377244346368 2052.2556538764915786 1179.5074765510712496 2000
0 2072.7782104152565807 1252.0709541434987386 2000
# Layered model 47453: value=0.638314
8
1.929035993283912287 345.70491469443891219 166.10781400623224613 2000
1.3433040653785157659 405.36620041586814978 247.31190013949688478 2000
6.2385062414953953436 963.40091248712724337 559.23927548634185314 2000
5.2749259968240558294 1260.3296269017564555 576.18478477285361805 2000
18.899439420287389879 1074.8359032103708159 320.33230042227205558 2000
94.552164008977669596 1732.8784723851460967 696.09399559346434216 2000
59.775696150548213836 1839.4854169795112284 976.32541843021692785 2000
0 2156.9413175987397153 1302.9100556862508711 2000
# Layered model 51534: value=0.641207
8
1.8005492172245267657 306.79555871593584015 171.14104687843510533 2000
0.70084036466880594851 494.62380027899376955 198.68944241538483197 2000
9.1810190555604247464 916.6429116405337254 467.53371708225427028 2000
5.2241789899478483505 1064.193963574624604 506.27202064974062523 2000
16.929292802696380704 1235.4961542022904268 310.91137485285565845 2000
45.339288767195455421 1260.3296269017564555 738.91780303482630643 2000
77.629667722389839923 1392.1879911869286843 768.9208288984302726 2000
0 2359.0149531021424991 1439.223274931777496 2000
# Layered model 56047: value=0.64193
8
1.6874486471596097381 363.33933971281851427 164.46318218438835856 2000
1.3952437132348016746 447.77647387324060446 226.12711930598649701 2000
9.4974384235929711906 1053.6573896778461403 511.33474085623817018 2000
2.0595638412465895328 1235.4961542022904268 605.57599951097461144 2000
17.360305374766028308 1043.2251382948970786 330.03868945736735441 2000
86.614272038107898766 1767.7093296800874214 689.20197583511321682 2000
62.469145316252209454 1895.2236645994071296 832.63107566976702856 2000
0 2200.2958380824743472 1329.0985478055445128 2000
# Layered model 51903: value=0.649132
8
1.4117275082059810298 421.82569367121607229 166.10781400623224613 2000
1.2172580815793481168 797.44538945219721882 196.72222021325231367 2000
4.6806921201072766436 1434.3726795078839586 368.21371900248880138 2000
10.813732974151308852 1448.7164063029629233 462.90467037846951825 2000
15.788056633532566053 621.82274970571131689 340.03919178661499245 2000
78.958507446059968515 1392.1879911869286843 753.77005087582631404 2000
53.021283161442241294 1972.1773452290383375 1036.3891052076282904 2000
0 2093.5059925194091193 1277.2375803217830708 2000
# Layered model 49984: value=0.649462
8
1.6073103496072904672 579.98530547815289538 171.14104687843510533 2000
1.0745178505327237506 628.0409772027684312 185.32123022052309125 2000
4.2758294208164695505 1420.1709698097861292 427.48469670322151615 2000
8.8138056089012373207 1463.2035703659926185 444.84228960300612243 2000
19.529811173933019575 925.80934075693903651 368.21371900248880138 2000
54.653702035289455807 1129.6633364824106138 689.20197583511321682 2000
70.825149352797907909 2711.6268572328722257 832.63107566976702856 2000
0 2907.2310153621906466 1215.2477325980453315 2000
# Layered model 53274: value=0.651143
8
1.6008065004138014586 514.70751001176006412 164.46318218438835856 2000
1.5127127835845541881 653.5419593215194709 204.70993121001342274 2000
10.433318140849715761 758.74192580396641006 449.29071249903614671 2000
7.1761268331446892432 821.60878219798814825 496.29646176819989023 2000
13.188503059583720045 621.82274970571131689 326.77097966075973545 2000
84.70280472053141807 1434.3726795078839586 824.38720363343270492 2000
12.162575741501811422 2454.8004198480516607 976.32541843021692785 2000
0 2504.1419082869974773 1089.255365387363554 2000
# Layered model 45778: value=0.652683
8
1.4701440725112584484 465.95799429615436793 164.46318218438835856 2000
1.7697965796297594476 551.83611747858083163 226.12711930598649701 2000
3.2745853245013836208 1002.5188527717638181 427.48469670322151615 2000
11.077017412513518124 1420.1709698097861292 476.93114479560750851 2000
16.623963810562020882 743.79171238502738106 340.03919178661499245 2000
90.435406921537037306 1584.4397978697634244 682.37819389615174259 2000
33.138434149090514325 2072.7782104152565807 1122.2608922139659171 2000
0 2156.9413175987397153 1167.8291847040309221 2000
# Layered model 44485: value=0.658008
8
1.9845710193466328253 721.91690815113975077 176.32679173989856736 2000
1.067599634509220019 805.41984334671917622 219.47675417764958183 2000
8.5345320577460181966 829.82487001996798881 414.91243500998399441 2000
8.7288146146517018309 863.51908734050743988 472.20905425307677206 2000
15.54149371645560862 686.87916740896230294 340.03919178661499245 2000
77.816223130781736472 1324.6191043125295437 784.37613755928884984 2000
17.924706204868130044 2312.5330390178828566 910.63634503936191322 2000
0 2406.4311536594955214 1078.4706587993698577 2000
# Layered model 48668: value=0.658195
8
1.4701440725112584484 277.73801706328180217 167.7688921462945757 2000
1.7697965796297594476 568.55730367429941907 249.78501914089181923 2000
8.0643229580180388893 829.82487001996798881 496.29646176819989023 2000
6.9999859304750078337 1199.160395071236735 521.6125691474485393 2000
15.230964380618370768 751.22962950887767875 295.82150505913193683 2000
47.342406654188891935 1803.2402872066572854 738.91780303482630643 2000
81.92778427683079201 2031.9362909668232078 768.9208288984302726 2000
0 2312.5330390178828566 1156.2665195089414283 2000
# Layered model 50295: value=0.658718
8
1.9134562072253982201 574.24287671104241326 166.10781400623224613 2000
1.2311982696129408765 797.44538945219721882 228.38839049904632361 2000
7.79370418990814251 907.56723924805316983 419.06155936008383378 2000
3.3424245864063681921 1378.4039516702264336 792.21989893488171219 2000
18.441302588881463009 821.60878219798814825 314.0204886013842156 2000
77.772007401835736573 1434.3726795078839586 724.35820315148146165 2000
65.010119486894751617 2335.6583694080618443 1046.7529962597045596 2000
0 2849.9470790728269094 1089.255365387363554 2000
# Layered model 49735: value=0.659242
8
1.4174631563391555389 359.7419205077410993 164.46318218438835856 2000
2.1614469730350194254 766.32934506200615488 235.30878711955796234 2000
2.9356158472682265526 1448.7164063029629233 386.9963192563130292 2000
7.837328618449667772 1463.2035703659926185 564.83166824120530691 2000
18.00717423682898044 700.68543867388245872 330.03868945736735441 2000
95.878346894325886751 1463.2035703659926185 746.30698106517456836 2000
21.845749442559736053 2011.8181098681418462 957.08795062270064591 2000
0 2156.9413175987397153 1203.2155768297477607 2000
# Layered model 55220: value=0.659844
8
1.3946594415078754636 470.61757423911592468 166.10781400623224613 2000
1.4806233801397472583 721.91690815113975077 200.67633683953869195 2000
4.0253755036123184397 1378.4039516702264336 419.06155936008383378 2000
7.1690156393616701891 1448.7164063029629233 553.70225295677414579 2000
21.707413675374890971 889.68457920601224487 330.03868945736735441 2000
89.760927058046405591 1507.5401017516526281 724.35820315148146165 2000
49.966198032721891309 2031.9362909668232078 947.61183229970356479 2000
0 2156.9413175987397153 1203.2155768297477607 2000
# Layered model 49197: value=0.662347
8
1.9765406158674583281 370.6424604410461825 176.32679173989856736 2000
2.4781855827877992127 1012.5440412994812505 292.89257926646723718 2000
2.8549515112373482495 1032.8961765296010071 467.53371708225427028 2000
8.3059696056928782326 1351.2439483092114187 481.70045624356362168 2000
19.685627088205258417 982.76527082811844593 336.67246711546039251 2000
67.628536925006258684 1223.2635190121686719 696.09399559346434216 2000
49.043847319976833887 1933.3176602578553229 957.08795062270064591 2000
0 2359.0149531021424991 1264.591663684933792 2000
# Layered model 41603: value=0.662528
8
2.0417048435295153119 356.18011931459511743 167.7688921462945757 2000
1.1343961780772073844 707.69229306062129581 267.80334944767633942 2000
3.7815565993497610719 863.51908734050743988 462.90467037846951825 2000
11.437686893600387705 907.56723924805316983 491.38263541405922297 2000
16.358806439280588307 634.3213869747961553 343.43958370448115147 2000
90.783863744205461899 1895.2236645994071296 746.30698106517456836 2000
18.111536571687096853 2335.6583694080618443 966.65883012892766146 2000
0 2430.4954651960906631 1100.1479190412371736 2000
# Layered model 56215: value=0.663489
8
1.6138406230152744225 401.35267367907738389 156.48107472306307386 2000
1.2901950268488244777 461.34454880807362542 221.671521719426039 2000
4.1690368904181029919 992.59292353639978046 440.43791049802592852 2000
9.0147023147655183095 1022.6694817124763404 511.33474085623817018 2000
18.204167290646218191 781.73256489775235423 333.33907635194100294 2000
92.139486339424095718 1803.2402872066572854 696.09399559346434216 2000
16.321835327360588508 1876.459073860799208 1133.4835011361055876 2000
0 2178.5107307747271079 1144.8183361474666526 2000
# Layered model 51263: value=0.666879
8
1.3722225858840328971 805.41984334671917622 176.32679173989856736 2000
1.5901841805423344578 1163.8932652411642721 192.84601530560954075 2000
3.6059290606626523967 1448.7164063029629233 394.77494527336500596 2000
7.9267243169017200799 1463.2035703659926185 501.25942638588190903 2000
19.644182479249131745 805.41984334671917622 357.3846079956137487 2000
84.475029414868032518 1235.4961542022904268 731.60178518299630923 2000
55.794899161549025735 1991.8991186813284457 1015.9681454834116039 2000
0 2266.9670022722111753 1239.6742120232661364 2000
# Layered model 48494: value=0.667563
8
1.6806205249332053508 300.75047418482091643 172.8524573472194561 2000
1.4020718354612060619 640.66460084454411117 232.97899714807718397 2000
9.2921620361005601296 789.54989054673001192 476.93114479560750851 2000
3.8734473516738070487 982.76527082811844593 593.64375993625583305 2000
19.769092127964022154 944.41810850615354411 330.03868945736735441 2000
43.721239606660205368 1272.9329231707740746 768.9208288984302726 2000
80.038320291847298904 1767.7093296800874214 792.21989893488171219 2000
0 2821.7297812602246267 1133.4835011361055876 2000
# Layered model 57247: value=0.668274
8
1.929035993283912287 338.89316213551506962 206.75703052211355271 2000
1.278826038538877885 773.9926385126260584 208.82460082733467743 2000
4.6635200121534419182 781.73256489775235423 449.29071249903614671 2000
8.6207183473254289652 846.50434990736948748 476.93114479560750851 2000
17.64714223193821141 797.44538945219721882 343.43958370448115147 2000
94.098133103007057798 2011.8181098681418462 717.18633975394197932 2000
50.593386357330530245 2631.878312486226605 966.65883012892766146 2000
0 2793.7918626338855574 1203.2155768297477607 2000
# Layered model 40976: value=0.668938
8
1.4941820169675747998 603.53503462164098892 158.04588547029371171 2000
1.8439320768739677625 628.0409772027684312 226.12711930598649701 2000
3.619543527114941206 953.86228959121501703 427.48469670322151615 2000
7.1120163436651271383 1337.86529535565478 559.23927548634185314 2000
23.256879152776566144 1211.1519990219492229 350.34271933694122936 2000
56.538498969022711549 1715.7212597872733113 724.35820315148146165 2000
69.962539148458262162 2821.7297812602246267 840.95738642646472272 2000
0 2849.9470790728269094 1100.1479190412371736 2000
# Layered model 38950: value=0.673376
8
1.6603014881169446681 332.21562801246449226 189.04618694795561851 2000
1.6778126057245978942 693.74795908305191006 221.671521719426039 2000
3.852287889925031017 766.32934506200615488 462.90467037846951825 2000
9.8003248570795875594 880.87582099605185704 516.44808826480050357 2000
15.87771980177538822 574.24287671104241326 333.33907635194100294 2000
60.333318374568747799 1434.3726795078839586 784.37613755928884984 2000
105.70616163034938495 2684.7790665672000614 976.32541843021692785 2000
0 2936.303325515812503 1342.3895332836000307 2000
# Layered model 49748: value=0.673688
8
2.0170202253970175299 332.21562801246449226 169.44658106775753481 2000
2.2214989003063041473 680.0783835732299849 353.8461465303106479 2000
1.9114808742966786781 880.87582099605185704 440.43791049802592852 2000
9.9377748550477189582 916.6429116405337254 496.29646176819989023 2000
19.213499548743023126 797.44538945219721882 364.56803861632556618 2000
93.848725596208922184 1914.1759012454012918 717.18633975394197932 2000
22.823658648774170388 2312.5330390178828566 866.43923619257304836 2000
0 2430.4954651960906631 1215.2477325980453315 2000
# Layered model 29131: value=0.679159
8
1.4290044566512294377 272.26548089724713009 159.62634432499663717 2000
1.5040715497115104693 484.87775735613541883 242.43887867806770942 2000
9.7509663989018289243 1002.5188527717638181 462.90467037846951825 2000
2.8542751824718219922 1223.2635190121686719 593.64375993625583305 2000
18.753624557957547125 805.41984334671917622 353.8461465303106479 2000
55.027377343768307583 1767.7093296800874214 696.09399559346434216 2000
96.354893073061745667 2093.5059925194091193 816.22495409250768716 2000
0 2156.9413175987397153 1191.302551316581912 2000
# Layered model 50700: value=0.67938
8
1.4060150689014527803 316.09177094058742341 156.48107472306307386 2000
2.137460306716541858 766.32934506200615488 247.31190013949688478 2000
3.079114770174500304 1272.9329231707740746 453.78361962402658492 2000
8.9157274419438952151 1406.1098710987980667 467.53371708225427028 2000
18.524830448778640601 751.22962950887767875 336.67246711546039251 2000
95.086851963484633643 1378.4039516702264336 761.30775138458454876 2000
19.066109691042697705 2156.9413175987397153 1191.302551316581912 2000
0 2200.2958380824743472 1203.2155768297477607 2000
# Layered model 59507: value=0.680793
8
1.844889712324226716 366.97273310994671647 185.32123022052309125 2000
1.3312113092824959804 805.41984334671917622 217.30371700757382314 2000
8.0355545444016147627 863.51908734050743988 453.78361962402658492 2000
8.2161569566182759417 872.15427821391256202 501.25942638588190903 2000
14.25739919464265526 660.07737891473470881 310.91137485285565845 2000
67.795054907837169367 1648.7744072668654098 724.35820315148146165 2000
46.735843065935924301 2289.6366722949333052 986.08867261451916875 2000
0 2821.7297812602246267 1026.1278269382457893 2000
# Layered model 51096: value=0.682266
8
1.3777977311349938194 303.75797892666912503 147.41225085031902609 2000
2.7772058231276490758 680.0783835732299849 259.92729255593883408 2000
8.9533396039705124281 907.56723924805316983 491.38263541405922297 2000
3.9669416326704745046 1140.9599698472347882 593.64375993625583305 2000
16.087850328327007787 863.51908734050743988 317.16069348739807765 2000
51.229995405135618114 1876.459073860799208 753.77005087582631404 2000
76.386995267511849761 1991.8991186813284457 768.9208288984302726 2000
0 2359.0149531021424991 1122.2608922139659171 2000
# Layered model 58076: value=0.682744
8
1.829989530513397078 283.32055120625375366 164.46318218438835856 2000
1.191961611918140207 935.06743416450854056 254.80569802562376935 2000
3.8787071828284034325 1285.6622524024817267 472.20905425307677206 2000
11.678238453635518823 1434.3726795078839586 486.51746080599923516 2000
13.997479996543834346 758.74192580396641006 304.78519248392871077 2000
94.754823636133835407 1223.2635190121686719 717.18633975394197932 2000
28.495267920633210679 1991.8991186813284457 1203.2155768297477607 2000
0 2114.4410524446034287 1252.0709541434987386 2000
# Layered model 50523: value=0.683163
8
1.5186129996195951719 805.41984334671917622 161.22260776824660411 2000
1.6574880219871275244 872.15427821391256202 210.91284683560803614 2000
8.0355545444016147627 953.86228959121501703 427.48469670322151615 2000
4.8761192890393818544 1118.4785509726837063 458.3214558202668627 2000
16.488601920391573685 574.24287671104241326 350.34271933694122936 2000
75.59184659266259132 1616.287037806945591 738.91780303482630643 2000
74.052140290366082809 2266.9670022722111753 910.63634503936191322 2000
0 2821.7297812602246267 1078.4706587993698577 2000
# Layered model 51436: value=0.684117
8
1.3890160667320836652 421.82569367121607229 181.66966985640925714 2000
1.7245032172662719816 540.96276588430623633 204.70993121001342274 2000
4.0179766898468249892 916.6429116405337254 436.07713910695628101 2000
7.3635641701455591956 1247.851115744313347 553.70225295677414579 2000
18.520401948315054597 1311.5040636757717039 326.77097966075973545 2000
78.264982174653809466 1492.6139621303491367 662.30955215626477184 2000
26.21131942589569519 1803.2402872066572854 1089.255365387363554 2000
0 2359.0149531021424991 1167.8291847040309221 2000
# Layered model 37673: value=0.686645
8
2.0500000000000193623 366.97273310994671647 162.83483384592906873 2000
0.12611630873203072412 385.69203061121908149 204.70993121001342274 2000
4.7815413122244336819 829.82487001996798881 386.9963192563130292 2000
8.1997176706452581385 1012.5440412994812505 581.94663262058213604 2000
17.129526957050995151 562.92802343990035752 336.67246711546039251 2000
84.656943237659405099 1803.2402872066572854 761.30775138458454876 2000
39.860991433371140147 2382.6051026331638241 901.62014360332864271 2000
0 2684.7790665672000614 1111.1493982316494566 2000
# Layered model 52336: value=0.687001
8
1.3666700000000000514 434.60743401514764628 162.83483384592906873 2000
1.7779844768383390452 470.61757423911592468 217.30371700757382314 2000
8.3471263616294901766 846.50434990736948748 472.20905425307677206 2000
3.0032793055229110024 1406.1098710987980667 738.91780303482630643 2000
20.104333105211608768 700.68543867388245872 364.56803861632556618 2000
46.853807412173338776 1568.7522751185776997 761.30775138458454876 2000
122.49740504458054602 1914.1759012454012918 875.10362855449875497 2000
0 2135.5854629690493312 1277.2375803217830708 2000
# Layered model 46213: value=0.689725
8
1.8152096894560079132 359.7419205077410993 185.32123022052309125 2000
1.1471970769703594417 438.95350835529916367 202.68310020793407489 2000
7.5351809857987728236 889.68457920601224487 486.51746080599923516 2000
8.6430282205578556898 1053.6573896778461403 532.096981787312302 2000
14.998626650456877485 789.54989054673001192 336.67246711546039251 2000
64.502888256697872293 1272.9329231707740746 710.08548490489306459 2000
51.440994288868921558 1876.459073860799208 919.74270848975561421 2000
0 2711.6268572328722257 1111.1493982316494566 2000
# Layered model 58237: value=0.689808
8
1.4290044566512294377 374.34888504545665455 144.50764714274973244 2000
1.6231661972046234066 504.56573866460144018 223.88823693662030223 2000
10.606563369220449289 1406.1098710987980667 440.43791049802592852 2000
2.915442798168189853 1434.3726795078839586 753.77005087582631404 2000
15.712725427408244627 628.0409772027684312 310.91137485285565845 2000
58.952991583772373474 2072.7782104152565807 753.77005087582631404 2000
67.540147119583764379 2178.5107307747271079 800.14209792423037015 2000
0 2244.5217844279318342 1156.2665195089414283 2000
# Layered model 20361: value=0.691387
8
1.929035993283912287 349.16196384138328312 187.17444252272832728 2000
1.0040400130788276201 660.07737891473470881 196.72222021325231367 2000
6.65632968842597883 854.96939340644303229 449.29071249903614671 2000
12.515051363250959682 916.6429116405337254 486.51746080599923516 2000
11.207011606597113484 603.53503462164098892 317.16069348739807765 2000
77.182624579233262807 1448.7164063029629233 761.30775138458454876 2000
24.440095162716630739 2312.5330390178828566 1015.9681454834116039 2000
0 2849.9470790728269094 1026.1278269382457893 2000
# Layered model 43694: value=0.692518
8
1.9605771605258315304 300.75047418482091643 161.22260776824660411 2000
2.0722283538458352581 872.15427821391256202 360.95845407556987539 2000
3.7101351883891986461 1074.8359032103708159 481.70045624356362168 2000
7.1903668569043546199 1492.6139621303491367 548.22005243244962003 2000
19.588965451127503314 907.56723924805316983 323.53562342649479433 2000
85.786285961445230441 1681.9147728529294454 738.91780303482630643 2000
76.124977717848011594 2222.2987964632989133 901.62014360332864271 2000
0 2605.8201113725017422 1144.8183361474666526 2000
# Layered model 59827: value=0.692736
8
1.4290044566512294377 456.77678099809264722 181.66966985640925714 2000
1.8109361954897884583 1032.8961765296010071 204.70993121001342274 2000
5.376914903655796607 1152.3695695457072361 436.07713910695628101 2000
6.3907707711966743602 1324.6191043125295437 481.70045624356362168 2000
17.714459515040822168 597.55944021944651467 353.8461465303106479 2000
89.304961268504456484 1351.2439483092114187 746.30698106517456836 2000
73.180861559392297977 1767.7093296800874214 995.94955934066422287 2000
0 2266.9670022722111753 1239.6742120232661364 2000
# Layered model 51232: value=0.693683
8
1.829989530513397078 352.65358347979713471 171.14104687843510533 2000
0.59783455380112116018 385.69203061121908149 174.58098192069164156 2000
4.5873036453474655971 789.54989054673001192 419.06155936008383378 2000
8.7563355001957372536 982.76527082811844593 593.64375993625583305 2000
17.763750691394712078 574.24287671104241326 346.87397954152595503 2000
87.629542478891877977 1750.2072571089975099 768.9208288984302726 2000
59.9186609542157953 2114.4410524446034287 875.10362855449875497 2000
0 2605.8201113725017422 1290.0099561250008264 2000
# Layered model 59269: value=0.697502
8
1.506347979307830931 300.75047418482091643 167.7688921462945757 2000
1.426728027054908976 805.41984334671917622 230.67227440403681271 2000
5.6837795494340745961 1448.7164063029629233 394.77494527336500596 2000
5.383144444203185941 1463.2035703659926185 593.64375993625583305 2000
18.722085842034310588 736.42743800497760276 346.87397954152595503 2000
83.395388819215526155 1351.2439483092114187 738.91780303482630643 2000
31.173854973715393157 2011.8181098681418462 928.94013557465291342 2000
0 2072.7782104152565807 1100.1479190412371736 2000
# Layered model 42814: value=0.697513
8
2.033443252727728634 494.62380027899376955 176.32679173989856736 2000
0.89963275363501127302 758.74192580396641006 240.0384937406610959 2000
4.6211216804559800408 838.12311872016766756 390.86628244887617711 2000
6.9408624571720194396 1152.3695695457072361 496.29646176819989023 2000
21.845254710069369253 880.87582099605185704 383.16467253100307744 2000
37.414625235057343389 1260.3296269017564555 662.30955215626477184 2000
69.894611180612557177 1681.9147728529294454 824.38720363343270492 2000
0 2244.5217844279318342 1089.255365387363554 2000
# Layered model 58888: value=0.698397
8
1.9926340492133050031 456.77678099809264722 164.46318218438835856 2000
1.1520204276250340936 628.0409772027684312 249.78501914089181923 2000
4.6622427567163970963 805.41984334671917622 440.43791049802592852 2000
11.912421097215190713 863.51908734050743988 496.29646176819989023 2000
14.343829705745104519 673.34493423092078501 350.34271933694122936 2000
90.587766084739953953 1681.9147728529294454 738.91780303482630643 2000
61.023298441269005821 2200.2958380824743472 1089.255365387363554 2000
0 2430.4954651960906631 1191.302551316581912 2000
# Layered model 44009: value=0.700419
8
1.4941820169675747998 349.16196384138328312 183.48636655497335823 2000
1.4682247494587925551 557.35447865336664108 202.68310020793407489 2000
7.7093169248666040261 982.76527082811844593 431.75954367025371994 2000
5.8203767000086905625 1285.6622524024817267 564.83166824120530691 2000
19.445012597168904733 1032.8961765296010071 371.89585619251369053 2000
62.705017891467186075 1492.6139621303491367 662.30955215626477184 2000
131.06332849091106141 1785.3864229768882979 957.08795062270064591 2000
0 2580.0199122500016529 1468.1516627579062515 2000
# Layered model 35617: value=0.700588
8
1.5309778844549053467 366.97273310994671647 166.10781400623224613 2000
1.4020981219078345603 452.25423861197299402 204.70993121001342274 2000
7.393217271411927527 982.76527082811844593 496.29646176819989023 2000
7.0051986742003684583 1022.6694817124763404 576.18478477285361805 2000
17.113832717386994631 1129.6633364824106138 310.91137485285565845 2000
60.760496353113758516 1298.518874926506669 717.18633975394197932 2000
42.285942670379512265 1378.4039516702264336 746.30698106517456836 2000
0 2605.8201113725017422 1396.8959313169427787 2000
# Layered model 57705: value=0.701034
8
1.3666700000000000514 530.30366227262641132 167.7688921462945757 2000
1.3151582001400141664 1337.86529535565478 181.66966985640925714 2000
3.9954644039114644016 1420.1709698097861292 390.86628244887617711 2000
7.8177675399392612121 1448.7164063029629233 564.83166824120530691 2000
19.265401877848631784 729.13607723265113236 330.03868945736735441 2000
80.721748101098341976 1175.5321978935758125 703.05493554939903333 2000
43.30713814740778389 1876.459073860799208 938.22953693039960399 2000
0 2359.0149531021424991 1383.0652785316265181 2000
# Layered model 50278: value=0.704607
8
1.9134562072253982201 421.82569367121607229 178.09005965729755872 2000
0.76837199291461599771 562.92802343990035752 194.77447545866564838 2000
3.9407619456524809465 1064.193963574624604 431.75954367025371994 2000
12.901908999861030125 1096.4401048648992401 440.43791049802592852 2000
14.085629996039816803 854.96939340644303229 314.0204886013842156 2000
72.281183263467198685 2312.5330390178828566 717.18633975394197932 2000
88.098615431898963379 2554.4751606435661415 753.77005087582631404 2000
0 2580.0199122500016529 1369.3715629026005445 2000
# Layered model 26153: value=0.705389
8
1.9368733922361829336 385.69203061121908149 162.83483384592906873 2000
1.1458189681582284791 413.51406104422710541 247.31190013949688478 2000
8.6962127318883855054 889.68457920601224487 462.90467037846951825 2000
4.3088697627649228394 1260.3296269017564555 581.94663262058213604 2000
19.134814853939978718 1107.4045059135482916 336.67246711546039251 2000
86.804457401551076146 1876.459073860799208 731.60178518299630923 2000
92.395681077517309632 1914.1759012454012918 910.63634503936191322 2000
0 2200.2958380824743472 1290.0099561250008264 2000
# Layered model 37810: value=0.705663
8
1.9212303077221932757 319.25268864999327434 174.58098192069164156 2000
1.4168837861193492866 963.40091248712724337 252.28286933230072009 2000
3.0701110516192970934 1163.8932652411642721 462.90467037846951825 2000
9.6795497095868796578 1463.2035703659926185 511.33474085623817018 2000
18.05146776819215404 1022.6694817124763404 310.91137485285565845 2000
92.292185861878152764 1750.2072571089975099 717.18633975394197932 2000
78.799696943547985484 2052.2556538764915786 849.36696029072936653 2000
0 2504.1419082869974773 1144.8183361474666526 2000
# Layered model 58661: value=0.70717
8
1.7932634428392972836 397.37888483076966395 158.04588547029371171 2000
0.70812613905403543058 1053.6573896778461403 213.02197530396412617 2000
7.5731885127784419609 1463.2035703659926185 368.21371900248880138 2000
4.8587294649934449353 1477.8356060696526129 655.75203183788585193 2000
19.512017109696810024 889.68457920601224487 330.03868945736735441 2000
85.013087099946943681 1406.1098710987980667 703.05493554939903333 2000
31.567021960726776797 1750.2072571089975099 892.69321148844414893 2000
0 2156.9413175987397153 1179.5074765510712496 2000
# Layered model 49908: value=0.710979
8
1.8750550255490225915 312.96214944612614772 171.14104687843510533 2000
0.75393056423630655516 426.04395060792825234 208.82460082733467743 2000
4.8633257595389736139 1085.5842622424745514 449.29071249903614671 2000
8.5157957707844573747 1260.3296269017564555 559.23927548634185314 2000
17.979115940536381402 1012.5440412994812505 298.77972010972325734 2000
79.686011112845790194 2052.2556538764915786 717.18633975394197932 2000
57.491636611522238809 2406.4311536594955214 724.35820315148146165 2000
0 2554.4751606435661415 1369.3715629026005445 2000
# Layered model 52268: value=0.713424
8
1.6138406230152744225 277.73801706328180217 159.62634432499663717 2000
1.6261000291257434736 872.15427821391256202 259.92729255593883408 2000
3.5481161241642937831 1247.851115744313347 444.84228960300612243 2000
8.8275905392801732319 1420.1709698097861292 511.33474085623817018 2000
16.455838348997971821 680.0783835732299849 326.77097966075973545 2000
86.542786373524450028 1272.9329231707740746 761.30775138458454876 2000
34.313565033223270007 2052.2556538764915786 1191.302551316581912 2000
0 2114.4410524446034287 1215.2477325980453315 2000
# Layered model 47005: value=0.713941
8
1.5309778844549053467 381.87329763487036871 162.83483384592906873 2000
0.99542559325736057474 443.343043438852078 179.87096025387054965 2000
3.6743953956721129295 1351.2439483092114187 423.25217495368474374 2000
11.21694691838363056 1392.1879911869286843 476.93114479560750851 2000
14.941283040153042094 829.82487001996798881 295.82150505913193683 2000
64.20671267769208157 2200.2958380824743472 696.09399559346434216 2000
82.265020573964335426 2289.6366722949333052 768.9208288984302726 2000
0 2359.0149531021424991 1179.5074765510712496 2000
# Layered model 55987: value=0.716382
8
1.4174631563391555389 289.01529428549946488 144.50764714274973244 2000
1.9877470307886020429 863.51908734050743988 257.35375500588003206 2000
3.0559467661026524787 1175.5321978935758125 375.61481475443883937 2000
9.0771606345059794307 1223.2635190121686719 486.51746080599923516 2000
18.753624557957547125 781.73256489775235423 340.03919178661499245 2000
89.478139997454007926 1364.7563877923034852 738.91780303482630643 2000
36.006871631492359143 1952.6508368604338557 1179.5074765510712496 2000
0 2222.2987964632989133 1277.2375803217830708 2000
# Layered model 31537: value=0.717673
8
1.9212303077221932757 342.28209375687021065 190.93664881743518436 2000
1.223424169116145821 680.0783835732299849 217.30371700757382314 2000
4.5348536469252298531 838.12311872016766756 431.75954367025371994 2000
10.264850321162832358 872.15427821391256202 496.29646176819989023 2000
16.194884178313472489 686.87916740896230294 360.95845407556987539 2000
85.319169146069100407 1698.7339205814587331 710.08548490489306459 2000
20.639404111200519765 2244.5217844279318342 1057.2205262223017144 2000
0 2684.7790665672000614 1156.2665195089414283 2000
# Layered model 24310: value=0.718032
8
1.5686798904506438213 413.51406104422710541 181.66966985640925714 2000
1.5140124699437675915 470.61757423911592468 200.67633683953869195 2000
5.3935575840291622995 1118.4785509726837063 472.20905425307677206 2000
7.0620676433128171112 1406.1098710987980667 481.70045624356362168 2000
22.886887043328957958 872.15427821391256202 379.37096290198320503 2000
58.827764289554188792 1857.8802711493058268 682.37819389615174259 2000
101.65495772692014498 2011.8181098681418462 901.62014360332864271 2000
0 2684.7790665672000614 1078.4706587993698577 2000
# Layered model 30398: value=0.718267
8
1.5623323562343409687 504.56573866460144018 156.48107472306307386 2000
2.0885138667402545209 609.57038496785742154 235.30878711955796234 2000
6.5069476793447025287 992.59292353639978046 444.84228960300612243 2000
5.6136693275384228485 1285.6622524024817267 689.20197583511321682 2000
20.326390875581310524 1492.6139621303491367 326.77097966075973545 2000
71.306010406337350105 1584.4397978697634244 689.20197583511321682 2000
52.373089262863913973 2430.4954651960906631 938.22953693039960399 2000
0 2793.7918626338855574 1122.2608922139659171 2000
# Layered model 50140: value=0.718364
8
1.4174631563391555389 1140.9599698472347882 166.10781400623224613 2000
1.9540320784408025112 1163.8932652411642721 219.47675417764958183 2000
4.7631966611703031589 1337.86529535565478 436.07713910695628101 2000
7.5586699952501987809 1364.7563877923034852 532.096981787312302 2000
19.294224474984332574 707.69229306062129581 333.33907635194100294 2000
87.907888101173710993 1420.1709698097861292 738.91780303482630643 2000
49.344068256561669727 2359.0149531021424991 1036.3891052076282904 2000
0 2504.1419082869974773 1203.2155768297477607 2000
# Layered model 47130: value=0.719993
8
1.4406397287976311361 286.15375671831628779 153.39777935796792008 2000
2.8402645881627242019 907.56723924805316983 278.67723932668332054 2000
2.4515425865291167185 1364.7563877923034852 453.78361962402658492 2000
7.4776169577534430388 1477.8356060696526129 467.53371708225427028 2000
17.861421803340540748 673.34493423092078501 326.77097966075973545 2000
97.078514335416201675 1364.7563877923034852 731.60178518299630923 2000
33.655404852272454264 1933.3176602578553229 1133.4835011361055876 2000
0 2135.5854629690493312 1239.6742120232661364 2000
# Layered model 57315: value=0.721138
8
1.6670470569859159315 272.26548089724713009 164.46318218438835856 2000
1.1797676179127203344 1187.2875198725116661 275.91805873929041582 2000
3.6143422783317737945 1272.9329231707740746 375.61481475443883937 2000
8.8474615267770495564 1311.5040636757717039 496.29646176819989023 2000
18.67860458063768192 700.68543867388245872 343.43958370448115147 2000
66.063912575911871272 1260.3296269017564555 746.30698106517456836 2000
48.164974054485355737 1785.3864229768882979 1078.4706587993698577 2000
0 2114.4410524446034287 1179.5074765510712496 2000
# Layered model 57280: value=0.721818
8
1.4464928431720585067 680.0783835732299849 174.58098192069164156 2000
1.7296081784346641896 1211.1519990219492229 198.68944241538483197 2000
4.4404941825800090527 1351.2439483092114187 449.29071249903614671 2000
8.9575816170577606812 1492.6139621303491367 453.78361962402658492 2000
18.257612369404490948 574.24287671104241326 350.34271933694122936 2000
91.599639294469056949 1392.1879911869286843 753.77005087582631404 2000
59.242784077405957532 2031.9362909668232078 1036.3891052076282904 2000
0 2135.5854629690493312 1290.0099561250008264 2000
# Layered model 40428: value=0.722259
8
1.5814524310477200419 889.68457920601224487 156.48107472306307386 2000
1.265362243850916224 1118.4785509726837063 217.30371700757382314 2000
6.2060074697060230164 1129.6633364824106138 383.16467253100307744 2000
8.6262692853895170941 1463.2035703659926185 511.33474085623817018 2000
18.499402647031228497 805.41984334671917622 346.87397954152595503 2000
75.101950189934200353 1681.9147728529294454 696.09399559346434216 2000
125.72725441225809107 1750.2072571089975099 1026.1278269382457893 2000
0 2178.5107307747271079 1167.8291847040309221 2000
# Layered model 51713: value=0.72256
8
1.6603014881169446681 562.92802343990035752 159.62634432499663717 2000
1.158326902871804176 1285.6622524024817267 206.75703052211355271 2000
4.6736829583355543605 1364.7563877923034852 386.9963192563130292 2000
8.1233359662611803742 1463.2035703659926185 564.83166824120530691 2000
18.829677353776546056 700.68543867388245872 333.33907635194100294 2000
80.851618625393626871 1364.7563877923034852 746.30698106517456836 2000
123.19882663358770003 1648.7744072668654098 995.94955934066422287 2000
0 2200.2958380824743472 1252.0709541434987386 2000
# Layered model 34035: value=0.724232
8
1.6138406230152744225 300.75047418482091643 154.93175715154760042 2000
1.4996786609830812242 519.85458511187766817 235.30878711955796234 2000
9.3635511550393264457 889.68457920601224487 532.096981787312302 2000
4.0150299522639798511 1043.2251382948970786 593.64375993625583305 2000
15.5793852732817939 634.3213869747961553 314.0204886013842156 2000
66.570645215354289803 1750.2072571089975099 753.77005087582631404 2000
57.184337452268579227 1933.3176602578553229 768.9208288984302726 2000
0 2156.9413175987397153 1122.2608922139659171 2000
# Layered model 47393: value=0.72627
8
1.7644139676448375997 286.15375671831628779 164.46318218438835856 2000
1.0824007072537986662 707.69229306062129581 273.1861967715746573 2000
4.9600825586560990388 907.56723924805316983 406.73702089009316296 2000
8.2012098865540252746 1337.86529535565478 542.79213112123727569 2000
17.155027999121877258 751.22962950887767875 343.43958370448115147 2000
82.133808175525018669 1311.5040636757717039 738.91780303482630643 2000
31.99438634020957295 1632.4499081850153743 875.10362855449875497 2000
0 2504.1419082869974773 1167.8291847040309221 2000
# Layered model 52748: value=0.727458
8
1.778780218636503152 297.77274671764445202 166.10781400623224613 2000
1.6604820703625320366 621.82274970571131689 270.48138294215311817 2000
5.1775932667977784263 973.03492161199847033 458.3214558202668627 2000
7.5509835175431234688 1096.4401048648992401 587.76609894678790624 2000
17.592622948499435864 925.80934075693903651 330.03868945736735441 2000
67.719804603267064635 1223.2635190121686719 662.30955215626477184 2000
35.153630529468571808 1681.9147728529294454 1015.9681454834116039 2000
0 2738.743125805201089 1215.2477325980453315 2000
# Layered model 48086: value=0.727877
8
2.0088585188731933329 530.30366227262641132 169.44658106775753481 2000
0.46776482953604681114 935.06743416450854056 172.8524573472194561 2000
7.1127823463794781489 1285.6622524024817267 410.80439109899407413 2000
4.6913775583641310618 1420.1709698097861292 599.58019753561836751 2000
19.105100801350900497 766.32934506200615488 333.33907635194100294 2000
95.764115945495916549 1324.6191043125295437 710.08548490489306459 2000
27.65483691968361768 1785.3864229768882979 928.94013557465291342 2000
0 2178.5107307747271079 1203.2155768297477607 2000
# Layered model 55781: value=0.728326
8
1.778780218636503152 430.30439011400761729 179.87096025387054965 2000
1.461160433504514744 447.77647387324060446 215.15219505700380864 2000
5.7387179572022457563 1096.4401048648992401 476.93114479560750851 2000
6.3299598706641972967 1187.2875198725116661 491.38263541405922297 2000
18.151847202913238277 1053.6573896778461403 330.03868945736735441 2000
89.435008784437812324 1364.7563877923034852 655.75203183788585193 2000
10.360149357425186167 2289.6366722949333052 883.85466484004371068 2000
0 2430.4954651960906631 1290.0099561250008264 2000
# Layered model 53534: value=0.730331
8
1.5623323562343409687 274.98813570621962299 162.83483384592906873 2000
2.8046181374969174627 680.0783835732299849 298.77972010972325734 2000
5.6250935230769423256 1337.86529535565478 476.93114479560750851 2000
4.647650608425770713 1406.1098710987980667 506.27202064974062523 2000
17.719334206687079813 707.69229306062129581 340.03919178661499245 2000
95.878346894325886751 1378.4039516702264336 703.05493554939903333 2000
21.845749442559736053 1972.1773452290383375 1191.302551316581912 2000
0 2093.5059925194091193 1215.2477325980453315 2000
# Layered model 53900: value=0.730583
8
1.7715825307144412726 319.25268864999327434 166.10781400623224613 2000
0.60840382779405599578 421.82569367121607229 204.70993121001342274 2000
3.9757406130186367932 838.12311872016766756 431.75954367025371994 2000
7.783967704955094824 1012.5440412994812505 511.33474085623817018 2000
18.655489917207539463 603.53503462164098892 340.03919178661499245 2000
76.918114290128769994 1648.7744072668654098 753.77005087582631404 2000
55.142896610283827386 2178.5107307747271079 910.63634503936191322 2000
0 2711.6268572328722257 1133.4835011361055876 2000
# Layered model 37614: value=0.731326
8
2.0417048435295153119 426.04395060792825234 178.09005965729755872 2000
1.1343961780772073844 461.34454880807362542 273.1861967715746573 2000
3.2321241238541169594 1337.86529535565478 379.37096290198320503 2000
7.6614488191607712508 1406.1098710987980667 605.57599951097461144 2000
22.678366539241505251 992.59292353639978046 333.33907635194100294 2000
68.395002585923947436 1732.8784723851460967 738.91780303482630643 2000
113.34390541858998347 2454.8004198480516607 832.63107566976702856 2000
0 2631.878312486226605 1290.0099561250008264 2000
# Layered model 55748: value=0.732892
8
1.4582705096515389265 530.30366227262641132 166.10781400623224613 2000
1.0431190722417937877 585.78515853293447435 167.7688921462945757 2000
4.571682958388869622 1448.7164063029629233 440.43791049802592852 2000
10.258419411692834444 1463.2035703659926185 481.70045624356362168 2000
16.353719765294233213 597.55944021944651467 310.91137485285565845 2000
84.929060320838630105 1991.8991186813284457 784.37613755928884984 2000
63.606091620360061256 2289.6366722949333052 857.86062989363665565 2000
0 2312.5330390178828566 1179.5074765510712496 2000
# Layered model 32736: value=0.733238
8
1.7644139676448375997 401.35267367907738389 169.44658106775753481 2000
1.7439774933630782794 494.62380027899376955 235.30878711955796234 2000
8.0783112505939556058 992.59292353639978046 511.33474085623817018 2000
6.4469596329994818262 1022.6694817124763404 516.44808826480050357 2000
21.346390121838986431 953.86228959121501703 360.95845407556987539 2000
81.784703933703980283 1392.1879911869286843 800.14209792423037015 2000
115.84294227907338382 1876.459073860799208 976.32541843021692785 2000
0 2793.7918626338855574 1482.8331793854854368 2000
# Layered model 58434: value=0.733699
8
1.4941820169675747998 280.51539723391459802 153.39777935796792008 2000
1.8773132178123832503 797.44538945219721882 273.1861967715746573 2000
6.6205487820282424849 953.86228959121501703 406.73702089009316296 2000
7.599499372347718662 1223.2635190121686719 581.94663262058213604 2000
17.240245801493063738 846.50434990736948748 326.77097966075973545 2000
54.487530298813261709 1952.6508368604338557 724.35820315148146165 2000
72.470276813099658852 2222.2987964632989133 768.9208288984302726 2000
0 2335.6583694080618443 1100.1479190412371736 2000
# Layered model 52244: value=0.735665
8
1.4117275082059810298 325.66966769185813746 189.04618694795561851 2000
1.9934826789217765519 686.87916740896230294 235.30878711955796234 2000
2.846807157289312773 1448.7164063029629233 398.72269472609860941 2000
8.6073394794164599375 1463.2035703659926185 476.93114479560750851 2000
18.009089818788019954 680.0783835732299849 333.33907635194100294 2000
95.368929083625388898 1616.287037806945591 731.60178518299630923 2000
49.477589143838002883 1839.4854169795112284 1089.255365387363554 2000
0 2093.5059925194091193 1203.2155768297477607 2000
# Layered model 17157: value=0.735876
8
1.3777977311349938194 405.36620041586814978 154.93175715154760042 2000
1.6142331029556371558 829.82487001996798881 230.67227440403681271 2000
3.2087680392937478757 1448.7164063029629233 353.8461465303106479 2000
12.012806801718323158 1492.6139621303491367 467.53371708225427028 2000
14.875610549990543774 585.78515853293447435 343.43958370448115147 2000
95.148159501153685369 1311.5040636757717039 784.37613755928884984 2000
31.539578048393366316 1972.1773452290383375 1122.2608922139659171 2000
0 2093.5059925194091193 1264.591663684933792 2000
