# 60050 2_reports/tar1_ln9_tr2.report
# Layered model 33287: value=0.169425
9
5.3253551267666825453 378.09237389591123701 179.87096025387054965 2000
4.6104108591954684471 401.35267367907738389 185.32123022052309125 2000
2.2791158025315425562 574.24287671104241326 217.30371700757382314 2000
4.234949331179288734 621.82274970571131689 228.38839049904632361 2000
4.1128005132943563638 660.07737891473470881 270.48138294215311817 2000
5.3714955433143067864 673.34493423092078501 289.99265273907644769 2000
14.043806091825832283 880.87582099605185704 310.91137485285565845 2000
3.0634904278399233135 963.40091248712724337 532.096981787312302 2000
0 1235.4961542022904268 593.64375993625583305 2000
# Layered model 60025: value=0.17339
9
5.7095014939308681434 385.69203061121908149 179.87096025387054965 2000
4.4259733883491234607 409.41986242002684548 183.48636655497335823 2000
2.0794069062137019444 609.57038496785742154 198.68944241538483197 2000
5.9559656255748496534 935.06743416450854056 254.80569802562376935 2000
10.384275262646752935 963.40091248712724337 273.1861967715746573 2000
2.1587790619443403273 973.03492161199847033 278.67723932668332054 2000
4.0654198048007970101 1298.518874926506669 289.99265273907644769 2000
2.2943861529096167828 1351.2439483092114187 379.37096290198320503 2000
0 1420.1709698097861292 486.51746080599923516 2000
# Layered model 46891: value=0.173686
9
5.6529717761691760103 397.37888483076966395 178.09005965729755872 2000
3.7069692295072833588 426.04395060792825234 187.17444252272832728 2000
2.8549407828172341794 585.78515853293447435 190.93664881743518436 2000
7.6583064204677757658 838.12311872016766756 252.28286933230072009 2000
8.1192857413525132415 889.68457920601224487 273.1861967715746573 2000
3.3387772132927118207 1002.5188527717638181 292.89257926646723718 2000
3.1037206616016561611 1140.9599698472347882 320.33230042227205558 2000
3.3839173958587380753 1420.1709698097861292 336.67246711546039251 2000
0 1434.3726795078839586 496.29646176819989023 2000
# Layered model 26295: value=0.174835
9
6.3068416752643639001 322.44521553649320822 181.66966985640925714 2000
3.2412341446261923039 359.7419205077410993 200.67633683953869195 2000
2.1901854890329914838 509.61139605124753871 202.68310020793407489 2000
3.4528817427618765379 514.70751001176006412 210.91284683560803614 2000
6.420389451067427089 585.78515853293447435 289.99265273907644769 2000
3.8115899129727104366 700.68543867388245872 295.82150505913193683 2000
8.6709090943817166419 751.22962950887767875 304.78519248392871077 2000
4.8708078732473651939 1311.5040636757717039 375.61481475443883937 2000
0 1420.1709698097861292 511.33474085623817018 2000
# Layered model 56315: value=0.174855
9
2.9902596119145448128 385.69203061121908149 178.09005965729755872 2000
2.8153411876526872604 405.36620041586814978 183.48636655497335823 2000
5.5874399806742189867 621.82274970571131689 185.32123022052309125 2000
8.6788793108096324858 789.54989054673001192 240.0384937406610959 2000
4.2804956725614395907 863.51908734050743988 284.27865183714970954 2000
7.9282036415026162501 1012.5440412994812505 298.77972010972325734 2000
2.8464953537799004835 1187.2875198725116661 304.78519248392871077 2000
7.06622285109163073 1337.86529535565478 360.95845407556987539 2000
0 1420.1709698097861292 506.27202064974062523 2000
# Layered model 41446: value=0.175227
9
2.0899670486297994287 319.25268864999327434 176.32679173989856736 2000
5.8923896540078510853 328.92636436877671713 187.17444252272832728 2000
2.3316144900001010143 374.34888504545665455 189.04618694795561851 2000
3.1673969394725975945 381.87329763487036871 217.30371700757382314 2000
5.3198648610870851172 551.83611747858083163 275.91805873929041582 2000
9.0036615785332685391 889.68457920601224487 292.89257926646723718 2000
4.958799573660183313 1032.8961765296010071 310.91137485285565845 2000
2.5106666400674555462 1152.3695695457072361 320.33230042227205558 2000
0 1285.6622524024817267 481.70045624356362168 2000
# Layered model 37627: value=0.175564
9
4.4080090001912415332 359.7419205077410993 179.87096025387054965 2000
4.4976537047333140507 366.97273310994671647 183.48636655497335823 2000
4.1903438823276353276 666.67815270388200588 202.68310020793407489 2000
6.1927140962776405786 872.15427821391256202 259.92729255593883408 2000
9.8403599589874453102 889.68457920601224487 267.80334944767633942 2000
2.5154830327254842359 1107.4045059135482916 278.67723932668332054 2000
3.4825510836522788338 1187.2875198725116661 353.8461465303106479 2000
2.3173300144387098953 1272.9329231707740746 394.77494527336500596 2000
0 1477.8356060696526129 501.25942638588190903 2000
# Layered model 59579: value=0.178165
9
3.0503638301140272304 303.75797892666912503 183.48636655497335823 2000
4.1044118041473218739 316.09177094058742341 185.32123022052309125 2000
2.8558631913223910814 319.25268864999327434 192.84601530560954075 2000
3.6055429878477127659 426.04395060792825234 221.671521719426039 2000
4.0954301447143741655 551.83611747858083163 273.1861967715746573 2000
9.2755447773428336689 693.74795908305191006 292.89257926646723718 2000
7.7921648079717726887 953.86228959121501703 340.03919178661499245 2000
3.7997273509501070521 1074.8359032103708159 346.87397954152595503 2000
0 1463.2035703659926185 537.41795160518540797 2000
# Layered model 52238: value=0.178893
9
5.9413301496854522554 312.96214944612614772 183.48636655497335823 2000
2.876157676972523447 363.33933971281851427 185.32123022052309125 2000
3.6429130857844427283 443.343043438852078 219.47675417764958183 2000
2.1379889704539802864 591.64301011826387366 226.12711930598649701 2000
4.7725392712279131047 666.67815270388200588 254.80569802562376935 2000
2.9674176692982747738 714.7692159912274974 275.91805873929041582 2000
12.788767935472453274 821.60878219798814825 314.0204886013842156 2000
11.019117190546531049 872.15427821391256202 431.75954367025371994 2000
0 1260.3296269017564555 542.79213112123727569 2000
# Layered model 55457: value=0.179404
9
8.4165046645360757083 363.33933971281851427 179.87096025387054965 2000
2.4500962671489396882 417.64920165466935487 210.91284683560803614 2000
3.8903070856039061454 434.60743401514764628 213.02197530396412617 2000
3.7791734298023982319 438.95350835529916367 267.80334944767633942 2000
6.554236866574431275 480.0769874813221918 281.46401171995017876 2000
4.7202921182950419166 640.66460084454411117 307.83304440876798935 2000
1.9895083152702497387 693.74795908305191006 317.16069348739807765 2000
5.6443260261027070612 829.82487001996798881 410.80439109899407413 2000
0 1463.2035703659926185 553.70225295677414579 2000
# Layered model 52175: value=0.179854
9
8.2506662724596377956 370.6424604410461825 179.87096025387054965 2000
3.6339751306624243909 378.09237389591123701 198.68944241538483197 2000
3.1688804653143662904 401.35267367907738389 242.43887867806770942 2000
9.6829506790729222843 499.57003828178363847 270.48138294215311817 2000
2.978848195375778829 551.83611747858083163 287.12143835552120663 2000
2.0952896890756633752 634.3213869747961553 317.16069348739807765 2000
2.9530837134300931268 680.0783835732299849 340.03919178661499245 2000
3.2196812918551671601 821.60878219798814825 496.29646176819989023 2000
0 1448.7164063029629233 542.79213112123727569 2000
# Layered model 56805: value=0.180254
9
3.9510030139033576191 370.6424604410461825 178.09005965729755872 2000
5.316265308548582702 405.36620041586814978 185.32123022052309125 2000
3.3177365991149017077 409.41986242002684548 189.04618694795561851 2000
2.6061381301185821968 504.56573866460144018 262.52656548149820992 2000
9.1612727119270989107 530.30366227262641132 273.1861967715746573 2000
5.458194668348269829 591.64301011826387366 289.99265273907644769 2000
3.6116339657524498818 628.0409772027684312 310.91137485285565845 2000
2.561131039532810405 846.50434990736948748 406.73702089009316296 2000
0 1477.8356060696526129 516.44808826480050357 2000
# Layered model 54738: value=0.180514
9
7.4692205439830940961 378.09237389591123701 179.87096025387054965 2000
5.0216570125327590901 430.30439011400761729 200.67633683953869195 2000
3.6485354123508120239 443.343043438852078 232.97899714807718397 2000
5.8129504292132452292 480.0769874813221918 267.80334944767633942 2000
4.6815150768695836803 494.62380027899376955 289.99265273907644769 2000
2.0135322071992263204 519.85458511187766817 314.0204886013842156 2000
6.8309752243352725998 838.12311872016766756 357.3846079956137487 2000
2.3405033145830955732 925.80934075693903651 462.90467037846951825 2000
0 1477.8356060696526129 532.096981787312302 2000
# Layered model 53824: value=0.180951
9
2.6274292831041994312 325.66966769185813746 179.87096025387054965 2000
4.1126930124645983966 328.92636436877671713 185.32123022052309125 2000
2.5045347061878233674 359.7419205077410993 187.17444252272832728 2000
5.4997167799687414202 389.54895091733129675 219.47675417764958183 2000
5.4130927734823028885 456.77678099809264722 278.67723932668332054 2000
6.0360018928367971114 789.54989054673001192 289.99265273907644769 2000
2.0275222975256106395 992.59292353639978046 298.77972010972325734 2000
7.4061136477428526348 1311.5040636757717039 364.56803861632556618 2000
0 1324.6191043125295437 491.38263541405922297 2000
# Layered model 59246: value=0.182397
9
8.6715331723761828187 322.44521553649320822 183.48636655497335823 2000
4.0704110230256382863 438.95350835529916367 213.02197530396412617 2000
6.3720341033847951451 489.7265349296968111 257.35375500588003206 2000
3.5035636626185144848 509.61139605124753871 267.80334944767633942 2000
1.9783979598435195157 519.85458511187766817 310.91137485285565845 2000
4.9195159519798572489 562.92802343990035752 314.0204886013842156 2000
1.9698102131388601777 666.67815270388200588 330.03868945736735441 2000
3.439843602205250761 838.12311872016766756 379.37096290198320503 2000
0 1392.1879911869286843 537.41795160518540797 2000
# Layered model 57507: value=0.182887
9
8.6715331723761828187 389.54895091733129675 179.87096025387054965 2000
3.3319546447771006825 397.37888483076966395 202.68310020793407489 2000
3.2005692699675094559 456.77678099809264722 223.88823693662030223 2000
5.2713085977604183796 465.95799429615436793 281.46401171995017876 2000
6.1585127900682827828 484.87775735613541883 295.82150505913193683 2000
6.2955813802084641395 591.64301011826387366 304.78519248392871077 2000
2.5489260513260347807 743.79171238502738106 357.3846079956137487 2000
3.8761018707041969833 789.54989054673001192 476.93114479560750851 2000
0 1406.1098710987980667 576.18478477285361805 2000
# Layered model 55146: value=0.182891
9
4.4966099810950854732 332.21562801246449226 181.66966985640925714 2000
4.9569304346381386495 421.82569367121607229 183.48636655497335823 2000
3.7734262373914884137 504.56573866460144018 215.15219505700380864 2000
6.4494573161440698073 609.57038496785742154 249.78501914089181923 2000
3.2646532677718269611 621.82274970571131689 259.92729255593883408 2000
9.3395421680745300819 640.66460084454411117 310.91137485285565845 2000
5.3804021454161485849 743.79171238502738106 330.03868945736735441 2000
2.0870111044287824598 1002.5188527717638181 449.29071249903614671 2000
0 1022.6694817124763404 559.23927548634185314 2000
# Layered model 47885: value=0.183024
9
2.3785774543725684005 319.25268864999327434 179.87096025387054965 2000
5.0667107612900839086 338.89316213551506962 183.48636655497335823 2000
2.8686829769750987751 359.7419205077410993 194.77447545866564838 2000
4.4304025890876115312 374.34888504545665455 219.47675417764958183 2000
2.1076172686557708147 456.77678099809264722 278.67723932668332054 2000
13.256725485899266914 838.12311872016766756 298.77972010972325734 2000
2.6549776091104853037 953.86228959121501703 314.0204886013842156 2000
2.5106666400674555462 1260.3296269017564555 326.77097966075973545 2000
0 1364.7563877923034852 501.25942638588190903 2000
# Layered model 57555: value=0.183034
9
8.5856764082932510718 370.6424604410461825 179.87096025387054965 2000
3.4178114088600324294 409.41986242002684548 210.91284683560803614 2000
4.6249655040830131014 447.77647387324060446 240.0384937406610959 2000
3.0479706480324857409 525.05313096299641984 270.48138294215311817 2000
2.3695003367894003077 535.60669889535267885 273.1861967715746573 2000
6.6014863760905377887 609.57038496785742154 275.91805873929041582 2000
3.4707092525546308082 880.87582099605185704 330.03868945736735441 2000
6.846719448651292339 907.56723924805316983 427.48469670322151615 2000
0 1420.1709698097861292 526.82869483892307017 2000
# Layered model 37857: value=0.183055
9
2.2857661814820109392 303.75797892666912503 181.66966985640925714 2000
4.3215490773835885108 335.53778429258915139 187.17444252272832728 2000
4.8996559291782650902 393.44444042650462734 189.04618694795561851 2000
11.565183366785509733 480.0769874813221918 262.52656548149820992 2000
3.0369312945476423238 766.32934506200615488 265.15183113631320566 2000
1.9738576680709947198 953.86228959121501703 343.43958370448115147 2000
7.3954423890359812788 1074.8359032103708159 364.56803861632556618 2000
13.996620733042306028 1085.5842622424745514 462.90467037846951825 2000
0 1434.3726795078839586 581.94663262058213604 2000
# Layered model 58160: value=0.183909
9
7.4692205439830940961 370.6424604410461825 179.87096025387054965 2000
4.4154208591389680905 409.41986242002684548 196.72222021325231367 2000
6.8527160116280771973 438.95350835529916367 254.80569802562376935 2000
5.7541995629818920577 461.34454880807362542 273.1861967715746573 2000
2.6776624545639506891 499.57003828178363847 298.77972010972325734 2000
2.0540042045639275159 551.83611747858083163 310.91137485285565845 2000
6.2551622696240833932 789.54989054673001192 360.95845407556987539 2000
3.4864534768706505474 846.50434990736948748 449.29071249903614671 2000
0 1492.6139621303491367 599.58019753561836751 2000
# Layered model 52624: value=0.18427
9
9.869013634535699353 417.64920165466935487 179.87096025387054965 2000
3.0003500028201397498 452.25423861197299402 223.88823693662030223 2000
7.6234082161795022614 514.70751001176006412 249.78501914089181923 2000
3.9987851241966900773 525.05313096299641984 267.80334944767633942 2000
5.2230181856998427747 743.79171238502738106 287.12143835552120663 2000
5.5902628730715591132 963.40091248712724337 368.21371900248880138 2000
5.0728745642851222897 973.03492161199847033 394.77494527336500596 2000
8.1224409523202538708 1002.5188527717638181 486.51746080599923516 2000
0 1434.3726795078839586 587.76609894678790624 2000
# Layered model 24623: value=0.184385
9
4.3211538086376251044 309.86351430309520083 185.32123022052309125 2000
5.8143210736423664997 465.95799429615436793 187.17444252272832728 2000
6.3283402872608949252 509.61139605124753871 232.97899714807718397 2000
2.8249055139889449606 603.53503462164098892 257.35375500588003206 2000
10.425854479902042726 660.07737891473470881 287.12143835552120663 2000
2.246434148563313471 973.03492161199847033 289.99265273907644769 2000
3.5173765944888053525 1012.5440412994812505 340.03919178661499245 2000
3.1006629879265474869 1337.86529535565478 496.29646176819989023 2000
0 1448.7164063029629233 501.25942638588190903 2000
# Layered model 55921: value=0.18478
9
4.4966099810950854732 306.79555871593584015 185.32123022052309125 2000
3.1742779127903615333 332.21562801246449226 189.04618694795561851 2000
4.5439938946082465421 345.70491469443891219 194.77447545866564838 2000
3.1281726937085849727 519.85458511187766817 273.1861967715746573 2000
2.1931949813084425926 621.82274970571131689 281.46401171995017876 2000
5.9415775505258281441 829.82487001996798881 289.99265273907644769 2000
5.5982879721150453634 1085.5842622424745514 292.89257926646723718 2000
12.699466805914418899 1175.5321978935758125 364.56803861632556618 2000
0 1434.3726795078839586 501.25942638588190903 2000
# Layered model 58438: value=0.185
9
8.7582485040999440429 374.34888504545665455 179.87096025387054965 2000
3.3652741912248718137 417.64920165466935487 206.75703052211355271 2000
3.8560941055332680349 434.60743401514764628 228.38839049904632361 2000
3.5019910895070456291 465.95799429615436793 281.46401171995017876 2000
5.11433203088352073 489.7265349296968111 284.27865183714970954 2000
5.5127766150317505378 525.05313096299641984 289.99265273907644769 2000
2.9826145505643957279 813.47404178018632592 364.56803861632556618 2000
5.4877178075657440104 1129.6633364824106138 467.53371708225427028 2000
0 1260.3296269017564555 559.23927548634185314 2000
# Layered model 58468: value=0.185203
9
9.0236321920226760795 363.33933971281851427 181.66966985640925714 2000
2.7433394942367907987 393.44444042650462734 206.75703052211355271 2000
4.8614816349768297243 434.60743401514764628 247.31190013949688478 2000
4.8913617930465278505 480.0769874813221918 265.15183113631320566 2000
5.1140633606666696664 546.37239354314931461 298.77972010972325734 2000
2.88157739827901338 557.35447865336664108 317.16069348739807765 2000
3.2482382721623785926 872.15427821391256202 333.33907635194100294 2000
5.4333839678868756096 925.80934075693903651 402.70992167335958811 2000
0 1420.1709698097861292 537.41795160518540797 2000
# Layered model 31953: value=0.185678
9
4.773242104326015145 381.87329763487036871 179.87096025387054965 2000
2.1711126369208137987 417.64920165466935487 183.48636655497335823 2000
5.2705270472468646048 585.78515853293447435 189.04618694795561851 2000
5.0740560407303458845 846.50434990736948748 257.35375500588003206 2000
11.55173607425841098 944.41810850615354411 265.15183113631320566 2000
2.803889771760310623 973.03492161199847033 281.46401171995017876 2000
2.4494678348645173571 1223.2635190121686719 317.16069348739807765 2000
3.7248577109598102197 1311.5040636757717039 364.56803861632556618 2000
0 1434.3726795078839586 486.51746080599923516 2000
# Layered model 26578: value=0.185708
9
9.5787674034439422854 430.30439011400761729 179.87096025387054965 2000
6.2813326206338988555 456.77678099809264722 223.88823693662030223 2000
2.3261944808776426896 530.30366227262641132 237.66187499075354594 2000
7.0473811407588051736 546.37239354314931461 273.1861967715746573 2000
2.2072359809046524504 781.73256489775235423 281.46401171995017876 2000
7.8639264098844918749 854.96939340644303229 353.8461465303106479 2000
5.476651690293010688 992.59292353639978046 427.48469670322151615 2000
8.6935169127298550507 1064.193963574624604 449.29071249903614671 2000
0 1324.6191043125295437 564.83166824120530691 2000
# Layered model 31698: value=0.185971
9
4.967054874462490055 335.53778429258915139 179.87096025387054965 2000
3.676693607703941602 397.37888483076966395 187.17444252272832728 2000
6.5603086049543613001 597.55944021944651467 213.02197530396412617 2000
3.3320243599705268167 609.57038496785742154 235.30878711955796234 2000
5.3364955194928604953 821.60878219798814825 304.78519248392871077 2000
5.3506466702757293774 863.51908734050743988 314.0204886013842156 2000
8.814408129176694473 944.41810850615354411 317.16069348739807765 2000
7.6517067977669341872 992.59292353639978046 383.16467253100307744 2000
0 1002.5188527717638181 576.18478477285361805 2000
# Layered model 55791: value=0.186124
9
4.4080090001912415332 303.75797892666912503 183.48636655497335823 2000
6.1390068055635955702 475.32374998150709189 192.84601530560954075 2000
4.8090818522371634458 494.62380027899376955 223.88823693662030223 2000
3.5525590261858557284 562.92802343990035752 275.91805873929041582 2000
10.805918479254017939 693.74795908305191006 281.46401171995017876 2000
3.2148846917260840428 1012.5440412994812505 304.78519248392871077 2000
2.5489260513260347807 1053.6573896778461403 343.43958370448115147 2000
1.9660588668497567255 1351.2439483092114187 491.38263541405922297 2000
0 1406.1098710987980667 501.25942638588190903 2000
# Layered model 49282: value=0.186713
9
3.7592437993598948331 356.18011931459511743 179.87096025387054965 2000
5.7888320205306609267 621.82274970571131689 185.32123022052309125 2000
4.6330227300649866606 660.07737891473470881 208.82460082733467743 2000
2.2687325697174394179 673.34493423092078501 219.47675417764958183 2000
4.7358688144049025937 829.82487001996798881 278.67723932668332054 2000
13.423493318057627022 854.96939340644303229 287.12143835552120663 2000
3.0518282983957760734 880.87582099605185704 398.72269472609860941 2000
7.5759473245217208159 1163.8932652411642721 410.80439109899407413 2000
0 1223.2635190121686719 491.38263541405922297 2000
# Layered model 52296: value=0.186827
9
8.7582485040999440429 366.97273310994671647 179.87096025387054965 2000
2.326771106311941395 378.09237389591123701 204.70993121001342274 2000
7.4668194140932033775 401.35267367907738389 244.86326746484840555 2000
3.6200480075556207282 489.7265349296968111 275.91805873929041582 2000
2.424052889187940707 509.61139605124753871 298.77972010972325734 2000
5.5127766150317505378 640.66460084454411117 310.91137485285565845 2000
2.3305845977699810589 773.9926385126260584 314.0204886013842156 2000
2.4858085545222365909 797.44538945219721882 481.70045624356362168 2000
0 1420.1709698097861292 564.83166824120530691 2000
# Layered model 40432: value=0.187767
9
5.9413301496854522554 312.96214944612614772 183.48636655497335823 2000
3.702226428404008729 359.7419205077410993 194.77447545866564838 2000
2.8168443343529574463 447.77647387324060446 208.82460082733467743 2000
2.1379889704539802864 519.85458511187766817 235.30878711955796234 2000
5.9642417500709399292 603.53503462164098892 270.48138294215311817 2000
11.08193204227542239 714.7692159912274974 292.89257926646723718 2000
2.7904081499655895016 729.13607723265113236 330.03868945736735441 2000
6.1119962861164154333 1107.4045059135482916 458.3214558202668627 2000
0 1477.8356060696526129 553.70225295677414579 2000
# Layered model 50017: value=0.187867
9
9.0236321920226760795 374.34888504545665455 181.66966985640925714 2000
2.0613874183892093583 413.51406104422710541 202.68310020793407489 2000
2.1419470427128270984 421.82569367121607229 217.30371700757382314 2000
3.7213107993054812539 438.95350835529916367 257.35375500588003206 2000
7.1630252838198273935 452.25423861197299402 275.91805873929041582 2000
2.8758539992386396023 530.30366227262641132 301.76751731082049446 2000
6.1041743513561357304 680.0783835732299849 304.78519248392871077 2000
3.6153101966899043873 781.73256489775235423 440.43791049802592852 2000
0 1463.2035703659926185 553.70225295677414579 2000
# Layered model 52976: value=0.187999
9
9.4839281222217248768 332.21562801246449226 183.48636655497335823 2000
2.1665388938767566884 393.44444042650462734 210.91284683560803614 2000
2.9603330010192632216 421.82569367121607229 242.43887867806770942 2000
8.2329173639014374686 504.56573866460144018 270.48138294215311817 2000
3.5264593268516044589 519.85458511187766817 307.83304440876798935 2000
2.2772339742779337257 551.83611747858083163 314.0204886013842156 2000
3.4707092525546308082 686.87916740896230294 323.53562342649479433 2000
2.8069897538692671901 821.60878219798814825 462.90467037846951825 2000
0 1392.1879911869286843 548.22005243244962003 2000
# Layered model 40251: value=0.188055
9
2.2185421362126320766 378.09237389591123701 179.87096025387054965 2000
6.1709949817426359431 452.25423861197299402 181.66966985640925714 2000
5.1032915648972512201 686.87916740896230294 204.70993121001342274 2000
3.9689985246637604632 736.42743800497760276 235.30878711955796234 2000
5.2521106509397696982 743.79171238502738106 275.91805873929041582 2000
11.213317559773052778 846.50434990736948748 289.99265273907644769 2000
2.9916952243856300697 889.68457920601224487 375.61481475443883937 2000
4.4430115277476573965 1163.8932652411642721 383.16467253100307744 2000
0 1211.1519990219492229 491.38263541405922297 2000
# Layered model 35707: value=0.18828
9
7.1777741313750018648 352.65358347979713471 179.87096025387054965 2000
3.9072454790368835731 421.82569367121607229 202.68310020793407489 2000
2.5427373592691591142 426.04395060792825234 213.02197530396412617 2000
5.8538509206840849686 447.77647387324060446 265.15183113631320566 2000
6.8885688175056571936 480.0769874813221918 270.48138294215311817 2000
2.2772339742779337257 609.57038496785742154 314.0204886013842156 2000
3.1527080650823222641 729.13607723265113236 317.16069348739807765 2000
2.4368283055800681325 743.79171238502738106 423.25217495368474374 2000
0 1463.2035703659926185 548.22005243244962003 2000
# Layered model 55275: value=0.188579
9
3.6851718452699686601 332.21562801246449226 178.09005965729755872 2000
4.3770084243940594604 342.28209375687021065 187.17444252272832728 2000
2.3549306349001017935 389.54895091733129675 189.04618694795561851 2000
2.1572045544086009272 405.36620041586814978 215.15219505700380864 2000
2.5305238068816695574 603.53503462164098892 262.52656548149820992 2000
13.542571416294320485 797.44538945219721882 275.91805873929041582 2000
5.7875611430596300977 1129.6633364824106138 310.91137485285565845 2000
6.1119962861164154333 1285.6622524024817267 419.06155936008383378 2000
0 1378.4039516702264336 506.27202064974062523 2000
# Layered model 49860: value=0.188851
9
3.30310692804432815 325.66966769185813746 183.48636655497335823 2000
7.8927628784716761245 489.7265349296968111 187.17444252272832728 2000
2.7058050782556293257 540.96276588430623633 221.671521719426039 2000
5.0069817994062226774 615.66608881753597871 254.80569802562376935 2000
11.103064230888335828 680.0783835732299849 287.12143835552120663 2000
3.5796210831804415875 944.41810850615354411 292.89257926646723718 2000
2.6001594649576844631 973.03492161199847033 295.82150505913193683 2000
3.5565311917557522747 1311.5040636757717039 496.29646176819989023 2000
0 1351.2439483092114187 501.25942638588190903 2000
# Layered model 38225: value=0.189097
9
3.1116761430993191695 405.36620041586814978 176.32679173989856736 2000
6.7257159222097415707 417.64920165466935487 181.66966985640925714 2000
2.3774897231846328083 562.92802343990035752 196.72222021325231367 2000
2.529491993231669511 647.07124685298958866 252.28286933230072009 2000
8.196703455315246245 700.68543867388245872 267.80334944767633942 2000
4.8638173346900934746 805.41984334671917622 273.1861967715746573 2000
11.385315474448571393 925.80934075693903651 307.83304440876798935 2000
3.8512136497681268565 963.40091248712724337 559.23927548634185314 2000
0 1378.4039516702264336 599.58019753561836751 2000
# Layered model 52347: value=0.18921
9
4.9178761133291981622 363.33933971281851427 179.87096025387054965 2000
2.9854473546288717856 401.35267367907738389 185.32123022052309125 2000
4.5570774444843484829 405.36620041586814978 187.17444252272832728 2000
5.530537121288810809 494.62380027899376955 270.48138294215311817 2000
8.6429404412182648798 509.61139605124753871 273.1861967715746573 2000
3.7759252266937117781 519.85458511187766817 284.27865183714970954 2000
2.0294974324071759497 758.74192580396641006 301.76751731082049446 2000
2.835059651407959791 805.41984334671917622 402.70992167335958811 2000
0 1492.6139621303491367 548.22005243244962003 2000
# Layered model 53629: value=0.189733
9
8.8458309891409427905 378.09237389591123701 179.87096025387054965 2000
3.7699553429400687321 397.37888483076966395 215.15219505700380864 2000
2.5882707550397814344 443.343043438852078 249.78501914089181923 2000
7.4134848742843377778 509.61139605124753871 257.35375500588003206 2000
3.4915438879718863063 525.05313096299641984 284.27865183714970954 2000
3.1141377874828926053 546.37239354314931461 301.76751731082049446 2000
4.5332432048304660555 907.56723924805316983 340.03919178661499245 2000
3.3172408546796745554 925.80934075693903651 453.78361962402658492 2000
0 1392.1879911869286843 542.79213112123727569 2000
# Layered model 56478: value=0.190329
9
4.1114295797899194085 303.75797892666912503 183.48636655497335823 2000
1.9903152074238370517 381.87329763487036871 189.04618694795561851 2000
3.5182823598887607019 409.41986242002684548 190.93664881743518436 2000
2.584479554310689764 413.51406104422710541 192.84601530560954075 2000
2.0249351582655812365 585.78515853293447435 270.48138294215311817 2000
12.757714875809872623 781.73256489775235423 278.67723932668332054 2000
5.1309631992146904622 1085.5842622424745514 289.99265273907644769 2000
8.8343178577346606062 1140.9599698472347882 364.56803861632556618 2000
0 1463.2035703659926185 537.41795160518540797 2000
# Layered model 35355: value=0.190686
9
7.1777741313750018648 381.87329763487036871 181.66966985640925714 2000
4.2431326582519757196 397.37888483076966395 190.93664881743518436 2000
2.6197848439923721031 504.56573866460144018 230.67227440403681271 2000
3.5957538459720908008 562.92802343990035752 254.80569802562376935 2000
4.8526019050185098536 634.3213869747961553 275.91805873929041582 2000
4.498109350878710444 653.5419593215194709 278.67723932668332054 2000
7.7921648079717726887 889.68457920601224487 289.99265273907644769 2000
10.910017020343104832 925.80934075693903651 506.27202064974062523 2000
0 1211.1519990219492229 537.41795160518540797 2000
# Layered model 58062: value=0.191114
9
8.6715331723761828187 363.33933971281851427 179.87096025387054965 2000
2.6362953322049822447 409.41986242002684548 206.75703052211355271 2000
3.0150810308739330878 438.95350835529916367 244.86326746484840555 2000
6.9838381024486881898 456.77678099809264722 249.78501914089181923 2000
6.1341639887151551136 494.62380027899376955 295.82150505913193683 2000
3.5801291294272914456 585.78515853293447435 310.91137485285565845 2000
3.072990754061045493 916.6429116405337254 386.9963192563130292 2000
2.9796761862627718642 963.40091248712724337 453.78361962402658492 2000
0 1298.518874926506669 564.83166824120530691 2000
# Layered model 37377: value=0.191466
9
4.3211538086376251044 366.97273310994671647 181.66966985640925714 2000
8.0460516928632195288 397.37888483076966395 187.17444252272832728 2000
3.4541972716259703446 447.77647387324060446 259.92729255593883408 2000
2.349444640941728224 579.98530547815289538 265.15183113631320566 2000
4.5430904443875057552 621.82274970571131689 284.27865183714970954 2000
8.930625816786712079 898.58142499807229342 289.99265273907644769 2000
8.7331489255457945831 1002.5188527717638181 371.89585619251369053 2000
5.7685193486530152995 1140.9599698472347882 458.3214558202668627 2000
0 1163.8932652411642721 564.83166824120530691 2000
# Layered model 50321: value=0.191656
9
3.0808674684151675649 300.75047418482091643 181.66966985640925714 2000
6.4672083514753886391 385.69203061121908149 187.17444252272832728 2000
3.1627791508919536057 447.77647387324060446 204.70993121001342274 2000
3.0971094052849803546 452.25423861197299402 247.31190013949688478 2000
3.3711734002932143284 557.35447865336664108 289.99265273907644769 2000
18.297659213092330788 805.41984334671917622 295.82150505913193683 2000
4.5404126575550662892 854.96939340644303229 472.20905425307677206 2000
3.2197592280449072177 935.06743416450854056 532.096981787312302 2000
0 1463.2035703659926185 593.64375993625583305 2000
# Layered model 48060: value=0.191905
9
2.9313396842609007464 443.343043438852078 176.32679173989856736 2000
8.4895671053660777261 456.77678099809264722 183.48636655497335823 2000
8.6680764997910610958 480.0769874813221918 252.28286933230072009 2000
4.4025736883139927613 525.05313096299641984 254.80569802562376935 2000
2.40866028196695936 540.96276588430623633 304.78519248392871077 2000
2.615238613529516698 591.64301011826387366 314.0204886013842156 2000
5.9629300332554855402 647.07124685298958866 357.3846079956137487 2000
5.883576263878396162 1002.5188527717638181 402.70992167335958811 2000
0 1477.8356060696526129 559.23927548634185314 2000
# Layered model 50920: value=0.191944
9
5.1175616042135780859 352.65358347979713471 181.66966985640925714 2000
3.1889107898015387477 461.34454880807362542 185.32123022052309125 2000
3.4317889149084308542 574.24287671104241326 187.17444252272832728 2000
10.433625723137161856 880.87582099605185704 254.80569802562376935 2000
6.3832356446545865936 889.68457920601224487 270.48138294215311817 2000
2.1587790619443403273 1002.5188527717638181 281.46401171995017876 2000
4.0654198048007970101 1163.8932652411642721 364.56803861632556618 2000
3.0395676776066551383 1285.6622524024817267 371.89585619251369053 2000
0 1392.1879911869286843 496.29646176819989023 2000
# Layered model 57278: value=0.192216
9
6.4979452848665486542 349.16196384138328312 179.87096025387054965 2000
3.63752959741344295 421.82569367121607229 198.68944241538483197 2000
3.0914917708447209321 426.04395060792825234 208.82460082733467743 2000
7.8688230873740856453 447.77647387324060446 257.35375500588003206 2000
5.0132961088782188597 494.62380027899376955 289.99265273907644769 2000
2.5383248327717033987 647.07124685298958866 314.0204886013842156 2000
3.1527080650823222641 673.34493423092078501 320.33230042227205558 2000
3.4742420382272989343 789.54989054673001192 386.9963192563130292 2000
0 1463.2035703659926185 548.22005243244962003 2000
# Layered model 53187: value=0.192663
9
2.4263868612054571017 319.25268864999327434 176.32679173989856736 2000
5.3986858793470871021 345.70491469443891219 185.32123022052309125 2000
1.9883169522067341006 349.16196384138328312 198.68944241538483197 2000
3.5344995469539384203 385.69203061121908149 206.75703052211355271 2000
7.0111519810465257052 456.77678099809264722 278.67723932668332054 2000
7.4458533509709603493 781.73256489775235423 295.82150505913193683 2000
3.0599873872609322234 889.68457920601224487 307.83304440876798935 2000
3.7144345643475880081 1107.4045059135482916 353.8461465303106479 2000
0 1337.86529535565478 506.27202064974062523 2000
# Layered model 33371: value=0.192939
9
5.3786086780343493885 309.86351430309520083 181.66966985640925714 2000
5.5966582629675167837 413.51406104422710541 192.84601530560954075 2000
3.9292101564599448693 461.34454880807362542 235.30878711955796234 2000
7.7130648639433196934 540.96276588430623633 270.48138294215311817 2000
12.225134318215211238 766.32934506200615488 310.91137485285565845 2000
2.2630633138975113638 889.68457920601224487 394.77494527336500596 2000
3.2719730072707022828 935.06743416450854056 402.70992167335958811 2000
2.2375583852979801236 1012.5440412994812505 570.47998492361739409 2000
0 1285.6622524024817267 599.58019753561836751 2000
# Layered model 56269: value=0.193065
9
3.9905130440423910443 328.92636436877671713 181.66966985640925714 2000
5.8468790212666696959 456.77678099809264722 187.17444252272832728 2000
2.1368082959238510199 530.30366227262641132 204.70993121001342274 2000
9.3325472766708745809 813.47404178018632592 244.86326746484840555 2000
3.2891922833448639096 838.12311872016766756 275.91805873929041582 2000
2.3912168142400105353 982.76527082811844593 295.82150505913193683 2000
7.4478150897196897517 1260.3296269017564555 314.0204886013842156 2000
7.3406099668576629824 1337.86529535565478 368.21371900248880138 2000
0 1351.2439483092114187 501.25942638588190903 2000
# Layered model 46902: value=0.1931
9
2.7070430178115398867 306.79555871593584015 185.32123022052309125 2000
2.5486916501918286393 325.66966769185813746 187.17444252272832728 2000
5.1613762365607609439 342.28209375687021065 189.04618694795561851 2000
2.2829477089983285509 484.87775735613541883 204.70993121001342274 2000
4.3204523473224867303 546.37239354314931461 267.80334944767633942 2000
11.913373828085262573 673.34493423092078501 284.27865183714970954 2000
5.84543675449022615 1002.5188527717638181 346.87397954152595503 2000
4.9687111114996369565 1118.4785509726837063 368.21371900248880138 2000
0 1477.8356060696526129 526.82869483892307017 2000
# Layered model 49376: value=0.193175
9
3.1742208335756156856 370.6424604410461825 176.32679173989856736 2000
2.6313799659916163876 434.60743401514764628 181.66966985640925714 2000
7.0323627209231034385 591.64301011826387366 187.17444252272832728 2000
2.8134863568042085546 872.15427821391256202 262.52656548149820992 2000
12.903672799420752071 963.40091248712724337 270.48138294215311817 2000
3.0894409985274648989 1002.5188527717638181 275.91805873929041582 2000
2.4494678348645173571 1298.518874926506669 310.91137485285565845 2000
4.4850173843032621335 1392.1879911869286843 368.21371900248880138 2000
0 1448.7164063029629233 491.38263541405922297 2000
# Layered model 55727: value=0.193233
9
8.2506662724596377956 363.33933971281851427 181.66966985640925714 2000
2.4018196913527471992 389.54895091733129675 196.72222021325231367 2000
3.3882056698069646927 421.82569367121607229 208.82460082733467743 2000
3.2482461956046897456 426.04395060792825234 259.92729255593883408 2000
8.305695882546391573 499.57003828178363847 295.82150505913193683 2000
3.6285899250894786405 647.07124685298958866 323.53562342649479433 2000
4.8708078732473687467 693.74795908305191006 330.03868945736735441 2000
6.0514814714023899 907.56723924805316983 379.37096290198320503 2000
0 1448.7164063029629233 564.83166824120530691 2000
# Layered model 56586: value=0.193329
9
6.7617879201927229005 322.44521553649320822 183.48636655497335823 2000
2.5054804022592174206 328.92636436877671713 198.68944241538483197 2000
3.0697622839266909267 475.32374998150709189 208.82460082733467743 2000
4.4434421187997781288 494.62380027899376955 237.66187499075354594 2000
3.5785684955813330532 634.3213869747961553 298.77972010972325734 2000
6.0963619117651646206 707.69229306062129581 301.76751731082049446 2000
7.6386283775823713427 766.32934506200615488 310.91137485285565845 2000
5.2604562670809116298 1311.5040636757717039 371.89585619251369053 2000
0 1420.1709698097861292 511.33474085623817018 2000
# Layered model 54214: value=0.193378
9
9.0236321920226760795 359.7419205077410993 179.87096025387054965 2000
5.1921516217630045986 475.32374998150709189 226.12711930598649701 2000
2.5789540406629782865 494.62380027899376955 244.86326746484840555 2000
6.9765260555466035441 530.30366227262641132 262.52656548149820992 2000
4.5011347798218608318 640.66460084454411117 281.46401171995017876 2000
5.3189433084295103527 743.79171238502738106 371.89585619251369053 2000
9.6990311182754638253 751.22962950887767875 427.48469670322151615 2000
2.8558588329194734001 925.80934075693903651 491.38263541405922297 2000
0 1311.5040636757717039 581.94663262058213604 2000
# Layered model 34671: value=0.193887
9
3.0503638301140272304 300.75047418482091643 183.48636655497335823 2000
2.2579281845693746078 309.86351430309520083 187.17444252272832728 2000
5.318202819062466169 366.97273310994671647 196.72222021325231367 2000
2.8548732983644811156 405.36620041586814978 215.15219505700380864 2000
4.9494062951001556172 628.0409772027684312 249.78501914089181923 2000
13.530234884784682947 751.22962950887767875 317.16069348739807765 2000
3.8721604535536435776 821.60878219798814825 336.67246711546039251 2000
12.186784247430189509 1235.4961542022904268 394.77494527336500596 2000
0 1463.2035703659926185 581.94663262058213604 2000
# Layered model 45080: value=0.193949
9
8.0880955518671093785 349.16196384138328312 181.66966985640925714 2000
2.6709152715834001413 401.35267367907738389 204.70993121001342274 2000
3.5638987120045886314 434.60743401514764628 223.88823693662030223 2000
2.9660282937689412819 443.343043438852078 257.35375500588003206 2000
6.1132550602810873386 452.25423861197299402 273.1861967715746573 2000
6.4084175424556661937 660.07737891473470881 314.0204886013842156 2000
3.2807206548840035509 743.79171238502738106 330.03868945736735441 2000
6.6567015681152739148 829.82487001996798881 436.07713910695628101 2000
0 1378.4039516702264336 542.79213112123727569 2000
# Layered model 49529: value=0.194287
9
7.8502258581396215931 316.09177094058742341 185.32123022052309125 2000
3.8002411579588599722 456.77678099809264722 194.77447545866564838 2000
3.5535900710223113919 489.7265349296968111 237.66187499075354594 2000
12.393642342290961622 557.35447865336664108 284.27865183714970954 2000
4.9006938109061763953 758.74192580396641006 289.99265273907644769 2000
2.1108000118175809234 880.87582099605185704 394.77494527336500596 2000
2.6789468969053658043 916.6429116405337254 406.73702089009316296 2000
5.3271308370456580406 1152.3695695457072361 501.25942638588190903 2000
0 1324.6191043125295437 587.76609894678790624 2000
# Layered model 55021: value=0.194624
9
3.1427929045303124589 316.09177094058742341 179.87096025387054965 2000
4.1557937199796892713 378.09237389591123701 185.32123022052309125 2000
7.0243229109450959768 401.35267367907738389 202.68310020793407489 2000
5.7490105555959853945 525.05313096299641984 270.48138294215311817 2000
1.9740042150070991056 1074.8359032103708159 292.89257926646723718 2000
13.258913730445250678 1096.4401048648992401 323.53562342649479433 2000
5.0728745642851222897 1247.851115744313347 368.21371900248880138 2000
5.7685193486530152995 1406.1098710987980667 379.37096290198320503 2000
0 1477.8356060696526129 548.22005243244962003 2000
# Layered model 58035: value=0.194801
9
5.5970017585833424789 316.09177094058742341 181.66966985640925714 2000
4.4381218872384309293 489.7265349296968111 192.84601530560954075 2000
4.4310149849878754935 499.57003828178363847 221.671521719426039 2000
4.4425180533682073758 591.64301011826387366 262.52656548149820992 2000
4.7275581342223205183 615.66608881753597871 281.46401171995017876 2000
9.2932450367577814632 963.40091248712724337 289.99265273907644769 2000
3.2620416080463598973 1129.6633364824106138 353.8461465303106479 2000
2.7733379201503254308 1260.3296269017564555 436.07713910695628101 2000
0 1477.8356060696526129 516.44808826480050357 2000
# Layered model 55669: value=0.195294
9
7.8502258581396215931 378.09237389591123701 179.87096025387054965 2000
5.2778119883270697699 426.04395060792825234 200.67633683953869195 2000
2.2280598115253091862 452.25423861197299402 244.86326746484840555 2000
7.2614443034131301857 499.57003828178363847 267.80334944767633942 2000
3.4915438879718863063 546.37239354314931461 292.89257926646723718 2000
4.6048158892826194233 568.55730367429941907 314.0204886013842156 2000
8.4763083075196377081 880.87582099605185704 368.21371900248880138 2000
4.7163462660566679574 907.56723924805316983 472.20905425307677206 2000
0 1492.6139621303491367 564.83166824120530691 2000
# Layered model 58393: value=0.19545
9
8.3331729351842334097 325.66966769185813746 181.66966985640925714 2000
2.3193130286281515851 421.82569367121607229 215.15219505700380864 2000
2.8403427190401338009 443.343043438852078 219.47675417764958183 2000
2.1586211944420252706 456.77678099809264722 247.31190013949688478 2000
7.9847649411056327295 480.0769874813221918 281.46401171995017876 2000
2.2979123578814686368 621.82274970571131689 304.78519248392871077 2000
7.1572039105631510836 634.3213869747961553 307.83304440876798935 2000
2.183029698613545122 700.68543867388245872 419.06155936008383378 2000
0 1406.1098710987980667 532.096981787312302 2000
# Layered model 55908: value=0.195584
9
7.3220473914156389839 363.33933971281851427 179.87096025387054965 2000
2.7130762544061344244 374.34888504545665455 194.77447545866564838 2000
3.4577050370307453875 434.60743401514764628 213.02197530396412617 2000
7.6029610576462793858 443.343043438852078 259.92729255593883408 2000
6.0734296917971839491 568.55730367429941907 273.1861967715746573 2000
2.0540042045639275159 647.07124685298958866 310.91137485285565845 2000
1.9503071417216411021 743.79171238502738106 323.53562342649479433 2000
3.405785744757672262 838.12311872016766756 496.29646176819989023 2000
0 1311.5040636757717039 526.82869483892307017 2000
# Layered model 40895: value=0.195722
9
3.6125594013037631846 322.44521553649320822 183.48636655497335823 2000
4.9456074127224063375 332.21562801246449226 187.17444252272832728 2000
3.7788637923524621698 426.04395060792825234 206.75703052211355271 2000
2.1168207628257231789 465.95799429615436793 217.30371700757382314 2000
6.5220891595856294032 585.78515853293447435 273.1861967715746573 2000
6.011216206698676956 700.68543867388245872 301.76751731082049446 2000
4.8129620117423819181 973.03492161199847033 304.78519248392871077 2000
7.1647206361236008831 1032.8961765296010071 364.56803861632556618 2000
0 1420.1709698097861292 511.33474085623817018 2000
# Layered model 38127: value=0.196249
9
5.4323947648146928557 328.92636436877671713 179.87096025387054965 2000
7.0584827917011603304 409.41986242002684548 194.77447545866564838 2000
2.1199224606018916006 452.25423861197299402 235.30878711955796234 2000
2.8510271903985344721 470.61757423911592468 257.35375500588003206 2000
3.3064307417807334843 621.82274970571131689 273.1861967715746573 2000
13.840935302838499155 907.56723924805316983 314.0204886013842156 2000
4.5810167940437622747 1053.6573896778461403 333.33907635194100294 2000
11.279244226801502293 1096.4401048648992401 472.20905425307677206 2000
0 1378.4039516702264336 587.76609894678790624 2000
# Layered model 48520: value=0.196329
9
3.6486849953168007943 303.75797892666912503 183.48636655497335823 2000
4.6577873986983160393 342.28209375687021065 190.93664881743518436 2000
3.908409394478576715 378.09237389591123701 200.67633683953869195 2000
3.1281726937085849727 530.30366227262641132 230.67227440403681271 2000
2.1931949813084425926 597.55944021944651467 278.67723932668332054 2000
4.1451298842940360601 766.32934506200615488 292.89257926646723718 2000
11.082314797586128918 1002.5188527717638181 301.76751731082049446 2000
6.201145237963757495 1085.5842622424745514 343.43958370448115147 2000
0 1406.1098710987980667 516.44808826480050357 2000
# Layered model 26010: value=0.196519
9
2.1319753863072583577 335.53778429258915139 178.09005965729755872 2000
7.6080167575630976984 385.69203061121908149 185.32123022052309125 2000
3.2263510118248817093 434.60743401514764628 213.02197530396412617 2000
5.2045042583733049923 721.91690815113975077 237.66187499075354594 2000
3.226709519350119848 766.32934506200615488 284.27865183714970954 2000
13.90728110308477028 781.73256489775235423 317.16069348739807765 2000
5.0728745642851222897 907.56723924805316983 343.43958370448115147 2000
4.8592562742644531681 1096.4401048648992401 402.70992167335958811 2000
0 1223.2635190121686719 542.79213112123727569 2000
# Layered model 34550: value=0.196543
9
5.8242624739588784166 456.77678099809264722 178.09005965729755872 2000
3.7238133459316777873 551.83611747858083163 181.66966985640925714 2000
1.9588953681533087803 680.0783835732299849 183.48636655497335823 2000
14.751292875925765102 789.54989054673001192 249.78501914089181923 2000
2.2968586127456660506 889.68457920601224487 287.12143835552120663 2000
5.3721327415138055983 925.80934075693903651 314.0204886013842156 2000
2.2642460449752164209 1163.8932652411642721 360.95845407556987539 2000
6.4237695228822175864 1448.7164063029629233 444.84228960300612243 2000
0 1477.8356060696526129 521.6125691474485393 2000
# Layered model 42874: value=0.197354
9
2.499908809486843797 385.69203061121908149 178.09005965729755872 2000
8.2591020139636661668 401.35267367907738389 183.48636655497335823 2000
3.5638987120045886314 609.57038496785742154 221.671521719426039 2000
2.1269215842178841314 647.07124685298958866 240.0384937406610959 2000
3.5080565587504501934 660.07737891473470881 270.48138294215311817 2000
7.5717109074485513531 686.87916740896230294 281.46401171995017876 2000
10.50803318016462029 729.13607723265113236 307.83304440876798935 2000
6.3079901093217003449 963.40091248712724337 553.70225295677414579 2000
0 1211.1519990219492229 570.47998492361739409 2000
# Layered model 37280: value=0.197929
9
2.7614545824695517773 319.25268864999327434 179.87096025387054965 2000
3.7156704629824619524 366.97273310994671647 187.17444252272832728 2000
6.1078798761148282992 385.69203061121908149 189.04618694795561851 2000
4.7039329076571974042 470.61757423911592468 257.35375500588003206 2000
2.2757006164415152227 944.41810850615354411 304.78519248392871077 2000
17.912158543787480625 1074.8359032103708159 310.91137485285565845 2000
2.9009156113355203388 1118.4785509726837063 357.3846079956137487 2000
3.0941253321183168623 1420.1709698097861292 383.16467253100307744 2000
0 1477.8356060696526129 559.23927548634185314 2000
# Layered model 47034: value=0.198176
9
2.2185421362126320766 319.25268864999327434 176.32679173989856736 2000
5.6847813317454374271 328.92636436877671713 185.32123022052309125 2000
3.6036477200857950365 363.33933971281851427 198.68944241538483197 2000
5.2735015371345443924 438.95350835529916367 247.31190013949688478 2000
3.5785684955813330532 499.57003828178363847 275.91805873929041582 2000
5.5750859555219030028 953.86228959121501703 301.76751731082049446 2000
6.5051739577687364147 1085.5842622424745514 307.83304440876798935 2000
2.4858085545222365909 1129.6633364824106138 346.87397954152595503 2000
0 1235.4961542022904268 491.38263541405922297 2000
# Layered model 38131: value=0.198327
9
6.1213583945510716688 338.89316213551506962 181.66966985640925714 2000
3.7160336707579890714 443.343043438852078 190.93664881743518436 2000
2.3774897231846328083 574.24287671104241326 200.67633683953869195 2000
2.529491993231669511 660.07737891473470881 219.47675417764958183 2000
10.097525538735775186 666.67815270388200588 267.80334944767633942 2000
4.6735565527673692543 693.74795908305191006 304.78519248392871077 2000
9.2867322913054302091 789.54989054673001192 326.77097966075973545 2000
7.34404378490763321 1064.193963574624604 537.41795160518540797 2000
0 1163.8932652411642721 564.83166824120530691 2000
# Layered model 32627: value=0.198347
9
4.4520890901931542416 319.25268864999327434 179.87096025387054965 2000
7.3148825960663126367 409.41986242002684548 190.93664881743518436 2000
2.6991669445501820235 494.62380027899376955 265.15183113631320566 2000
7.4862247672702615375 514.70751001176006412 267.80334944767633942 2000
9.2779537331388404198 579.98530547815289538 281.46401171995017876 2000
2.3610248670278828342 821.60878219798814825 357.3846079956137487 2000
6.7863706025419219259 935.06743416450854056 449.29071249903614671 2000
2.66371109515884541 1085.5842622424745514 537.41795160518540797 2000
0 1235.4961542022904268 570.47998492361739409 2000
# Layered model 17966: value=0.198376
9
7.8502258581396215931 378.09237389591123701 179.87096025387054965 2000
5.947473856590034913 430.30439011400761729 208.82460082733467743 2000
3.5059354914466496211 447.77647387324060446 247.31190013949688478 2000
6.232269655205140424 489.7265349296968111 275.91805873929041582 2000
2.8342718464893401631 499.57003828178363847 278.67723932668332054 2000
3.7385398284096140742 525.05313096299641984 301.76751731082049446 2000
3.6477503054099749136 838.12311872016766756 330.03868945736735441 2000
2.5867423499281372301 916.6429116405337254 501.25942638588190903 2000
0 1477.8356060696526129 581.94663262058213604 2000
# Layered model 49951: value=0.19849
9
4.2783701075620053089 378.09237389591123701 178.09005965729755872 2000
3.2413709902572742649 393.44444042650462734 183.48636655497335823 2000
5.1911138729632302358 546.37239354314931461 189.04618694795561851 2000
6.770752919582619711 766.32934506200615488 259.92729255593883408 2000
7.4186093693338612809 846.50434990736948748 270.48138294215311817 2000
2.615238613529516698 935.06743416450854056 287.12143835552120663 2000
2.9238452608218743478 1022.6694817124763404 304.78519248392871077 2000
5.0051436392833679179 1199.160395071236735 364.56803861632556618 2000
0 1434.3726795078839586 462.90467037846951825 2000
# Layered model 28642: value=0.19878
9
3.3694993772980192936 300.75047418482091643 181.66966985640925714 2000
4.9369730167170970958 452.25423861197299402 187.17444252272832728 2000
5.052763925640842757 700.68543867388245872 208.82460082733467743 2000
8.5931270784239508487 729.13607723265113236 249.78501914089181923 2000
5.4885482285390310153 963.40091248712724337 275.91805873929041582 2000
2.6678049096614593338 1053.6573896778461403 301.76751731082049446 2000
2.6549776091104853037 1085.5842622424745514 320.33230042227205558 2000
4.6807506279428636731 1199.160395071236735 368.21371900248880138 2000
0 1492.6139621303491367 486.51746080599923516 2000
# Layered model 20203: value=0.199251
9
4.8691842706229682136 322.44521553649320822 181.66966985640925714 2000
5.4700136567908508312 430.30439011400761729 190.93664881743518436 2000
2.6271452282814191648 519.85458511187766817 217.30371700757382314 2000
3.9819342967349555806 591.64301011826387366 254.80569802562376935 2000
5.7656604060258551669 609.57038496785742154 267.80334944767633942 2000
6.8015180147724585424 628.0409772027684312 281.46401171995017876 2000
5.9629300332554855402 766.32934506200615488 368.21371900248880138 2000
4.6671270750256752535 1012.5440412994812505 383.16467253100307744 2000
0 1022.6694817124763404 537.41795160518540797 2000
# Layered model 57320: value=0.199539
9
5.0167254232071147868 322.44521553649320822 179.87096025387054965 2000
4.3432155824693445823 345.70491469443891219 196.72222021325231367 2000
2.2620998942478447447 504.56573866460144018 204.70993121001342274 2000
4.0294089773702399526 509.61139605124753871 213.02197530396412617 2000
2.2372782004327422811 519.85458511187766817 292.89257926646723718 2000
8.8312290861228710526 707.69229306062129581 295.82150505913193683 2000
5.080161583380885304 721.91690815113975077 314.0204886013842156 2000
8.3453942342786255892 1311.5040636757717039 346.87397954152595503 2000
0 1392.1879911869286843 506.27202064974062523 2000
# Layered model 39920: value=0.19963
9
2.2407275575747584995 297.77274671764445202 181.66966985640925714 2000
3.8610172296389979607 322.44521553649320822 185.32123022052309125 2000
2.5209137078993775205 338.89316213551506962 198.68944241538483197 2000
4.725230744600082744 489.7265349296968111 202.68310020793407489 2000
2.3702670707403257211 509.61139605124753871 262.52656548149820992 2000
7.7596707035830068122 609.57038496785742154 281.46401171995017876 2000
10.616204496070729135 992.59292353639978046 310.91137485285565845 2000
4.4850173843032621335 1107.4045059135482916 343.43958370448115147 2000
0 1434.3726795078839586 486.51746080599923516 2000
# Layered model 21882: value=0.199638
9
3.4715985779295266411 319.25268864999327434 183.48636655497335823 2000
7.1808873858828583536 461.34454880807362542 185.32123022052309125 2000
6.4798261215106904842 509.61139605124753871 237.66187499075354594 2000
2.5441118839457068646 551.83611747858083163 242.43887867806770942 2000
10.038151194163091873 628.0409772027684312 292.89257926646723718 2000
2.246434148563313471 743.79171238502738106 298.77972010972325734 2000
10.900746248917780434 797.44538945219721882 414.91243500998399441 2000
6.1233995277269315238 846.50434990736948748 436.07713910695628101 2000
0 1163.8932652411642721 506.27202064974062523 2000
# Layered model 36141: value=0.199854
9
4.5869918417150969958 378.09237389591123701 176.32679173989856736 2000
5.4481318041066764124 401.35267367907738389 187.17444252272832728 2000
3.7289108935560815183 525.05313096299641984 213.02197530396412617 2000
5.7175733509872745941 634.3213869747961553 252.28286933230072009 2000
8.2337128525200000695 758.74192580396641006 284.27865183714970954 2000
7.5895172936183037393 797.44538945219721882 320.33230042227205558 2000
4.6730952316040443861 992.59292353639978046 326.77097966075973545 2000
7.5665756556341250416 1012.5440412994812505 581.94663262058213604 2000
0 1074.8359032103708159 593.64375993625583305 2000
# Layered model 42038: value=0.199913
9
3.238022672330485463 338.89316213551506962 181.66966985640925714 2000
3.4353657391237701901 352.65358347979713471 187.17444252272832728 2000
6.1645751090360798585 363.33933971281851427 192.84601530560954075 2000
7.637402164390875825 525.05313096299641984 270.48138294215311817 2000
3.8770500787313117996 1022.6694817124763404 304.78519248392871077 2000
8.9063386900970122895 1064.193963574624604 317.16069348739807765 2000
7.1189581470790201934 1163.8932652411642721 333.33907635194100294 2000
3.9679092745697488454 1235.4961542022904268 491.38263541405922297 2000
0 1434.3726795078839586 576.18478477285361805 2000
# Layered model 51174: value=0.199934
9
9.5787674034439422854 366.97273310994671647 179.87096025387054965 2000
2.6659905188341213034 409.41986242002684548 213.02197530396412617 2000
4.0560491762772681312 447.77647387324060446 249.78501914089181923 2000
3.5723811104061375943 465.95799429615436793 265.15183113631320566 2000
6.4969884989093173999 489.7265349296968111 284.27865183714970954 2000
2.5637080810994206104 557.35447865336664108 314.0204886013842156 2000
8.7271367615610806467 889.68457920601224487 390.86628244887617711 2000
2.0870111044287824598 907.56723924805316983 414.91243500998399441 2000
0 1477.8356060696526129 564.83166824120530691 2000
# Layered model 43035: value=0.200432
9
9.5787674034439422854 381.87329763487036871 179.87096025387054965 2000
3.0370189286370692372 417.64920165466935487 208.82460082733467743 2000
3.3638304687770723689 434.60743401514764628 244.86326746484840555 2000
2.929039883319772386 494.62380027899376955 278.67723932668332054 2000
7.725221790771637842 509.61139605124753871 281.46401171995017876 2000
2.589345161910415527 519.85458511187766817 317.16069348739807765 2000
5.9038911220351302234 821.60878219798814825 343.43958370448115147 2000
2.691774462172048743 953.86228959121501703 467.53371708225427028 2000
0 1434.3726795078839586 537.41795160518540797 2000
# Layered model 56947: value=0.200457
9
3.4031943710709993134 303.75797892666912503 179.87096025387054965 2000
4.3444024017533013904 328.92636436877671713 187.17444252272832728 2000
3.8744441271000029658 426.04395060792825234 210.91284683560803614 2000
6.0144045796671363746 519.85458511187766817 232.97899714807718397 2000
2.5210210756162254597 729.13607723265113236 295.82150505913193683 2000
16.580889477978328017 789.54989054673001192 304.78519248392871077 2000
9.2152473570380308843 846.50434990736948748 501.25942638588190903 2000
4.016153315697536641 982.76527082811844593 548.22005243244962003 2000
0 1420.1709698097861292 593.64375993625583305 2000
# Layered model 49759: value=0.200681
9
7.6193518769171548755 366.97273310994671647 181.66966985640925714 2000
2.9276639288376822279 413.51406104422710541 192.84601530560954075 2000
2.0379891158120049255 434.60743401514764628 198.68944241538483197 2000
8.3019156135804834662 438.95350835529916367 267.80334944767633942 2000
5.4832561727234612192 499.57003828178363847 270.48138294215311817 2000
2.8530469289891229323 615.66608881753597871 314.0204886013842156 2000
1.9503071417216411021 729.13607723265113236 323.53562342649479433 2000
2.0565127259973223772 805.41984334671917622 406.73702089009316296 2000
0 1298.518874926506669 526.82869483892307017 2000
# Layered model 54542: value=0.200741
9
3.6486849953168007943 306.79555871593584015 181.66966985640925714 2000
3.7966032203458519589 465.95799429615436793 187.17444252272832728 2000
5.6507183715895381582 634.3213869747961553 198.68944241538483197 2000
6.0017366637674456342 758.74192580396641006 262.52656548149820992 2000
6.2434782457827715518 944.41810850615354411 273.1861967715746573 2000
5.0685822048407978002 1012.5440412994812505 275.91805873929041582 2000
5.0685822048407871421 1199.160395071236735 336.67246711546039251 2000
3.1006629879265474869 1235.4961542022904268 357.3846079956137487 2000
0 1492.6139621303491367 476.93114479560750851 2000
# Layered model 50584: value=0.201001
9
3.9510030139033576191 312.96214944612614772 183.48636655497335823 2000
7.6994640021951239461 525.05313096299641984 189.04618694795561851 2000
5.3122182168946636693 562.92802343990035752 242.43887867806770942 2000
2.135058018026491311 609.57038496785742154 267.80334944767633942 2000
10.322628197922814053 628.0409772027684312 281.46401171995017876 2000
2.860247956172688788 797.44538945219721882 292.89257926646723718 2000
5.0075207439257383157 1152.3695695457072361 357.3846079956137487 2000
2.0663476281473123208 1378.4039516702264336 511.33474085623817018 2000
0 1420.1709698097861292 526.82869483892307017 2000
# Layered model 51966: value=0.201036
9
8.0880955518671093785 332.21562801246449226 181.66966985640925714 2000
2.6709152715834001413 426.04395060792825234 206.75703052211355271 2000
3.5638987120045886314 430.30439011400761729 226.12711930598649701 2000
5.5502786735063711632 456.77678099809264722 267.80334944767633942 2000
3.5290046805436574573 465.95799429615436793 273.1861967715746573 2000
3.0532102430197802789 628.0409772027684312 281.46401171995017876 2000
5.3447156147061356535 647.07124685298958866 301.76751731082049446 2000
2.0978486317898621394 714.7692159912274974 436.07713910695628101 2000
0 1463.2035703659926185 532.096981787312302 2000
# Layered model 47621: value=0.201282
9
5.1687372202557142487 306.79555871593584015 181.66966985640925714 2000
2.2765509954069385046 335.53778429258915139 192.84601530560954075 2000
2.1747389314398644089 378.09237389591123701 194.77447545866564838 2000
4.4087385914577232882 591.64301011826387366 202.68310020793407489 2000
5.1503720378004640423 615.66608881753597871 287.12143835552120663 2000
11.230665925282501405 640.66460084454411117 292.89257926646723718 2000
5.0685822048407871421 813.47404178018632592 307.83304440876798935 2000
3.8761018707041969833 1140.9599698472347882 357.3846079956137487 2000
0 1392.1879911869286843 532.096981787312302 2000
# Layered model 44333: value=0.201343
9
3.7592437993598948331 374.34888504545665455 178.09005965729755872 2000
2.2820876731289732042 417.64920165466935487 179.87096025387054965 2000
5.9328688887440437227 597.55944021944651467 192.84601530560954075 2000
4.9740770911972820301 813.47404178018632592 228.38839049904632361 2000
9.9519398072687970114 846.50434990736948748 278.67723932668332054 2000
5.0607920522961968857 1012.5440412994812505 287.12143835552120663 2000
2.8183122314652457874 1211.1519990219492229 340.03919178661499245 2000
3.7997273509501070521 1260.3296269017564555 360.95845407556987539 2000
0 1477.8356060696526129 496.29646176819989023 2000
# Layered model 41790: value=0.201445
9
4.4080090001912415332 312.96214944612614772 181.66966985640925714 2000
5.2355475778982194512 494.62380027899376955 190.93664881743518436 2000
6.4958563907772042256 504.56573866460144018 223.88823693662030223 2000
4.3359527160145461266 579.98530547815289538 267.80334944767633942 2000
6.9655459417377301179 640.66460084454411117 278.67723932668332054 2000
2.6678049096614593338 1032.8961765296010071 287.12143835552120663 2000
6.444699941555963818 1043.2251382948970786 350.34271933694122936 2000
2.0256324165741759202 1260.3296269017564555 491.38263541405922297 2000
0 1477.8356060696526129 496.29646176819989023 2000
# Layered model 43532: value=0.201571
9
3.6851718452699686601 303.75797892666912503 179.87096025387054965 2000
4.297184857367682298 366.97273310994671647 190.93664881743518436 2000
2.128388511201926292 393.44444042650462734 194.77447545866564838 2000
2.4635702451331535912 405.36620041586814978 198.68944241538483197 2000
2.6815721995402128641 603.53503462164098892 275.91805873929041582 2000
10.678239517768702171 829.82487001996798881 278.67723932668332054 2000
8.5008446489267051049 1085.5842622424745514 289.99265273907644769 2000
5.7105411563013177556 1211.1519990219492229 386.9963192563130292 2000
0 1337.86529535565478 521.6125691474485393 2000
# Layered model 60014: value=0.201724
9
2.9313396842609007464 359.7419205077410993 179.87096025387054965 2000
6.4286013214155586226 393.44444042650462734 185.32123022052309125 2000
3.2250639158903826598 680.0783835732299849 190.93664881743518436 2000
8.9348101927159824243 944.41810850615354411 262.52656548149820992 2000
9.0951413911761989084 963.40091248712724337 265.15183113631320566 2000
2.3145033496989348976 1064.193963574624604 292.89257926646723718 2000
2.1976549037370816109 1074.8359032103708159 394.77494527336500596 2000
3.4519341355155006568 1152.3695695457072361 444.84228960300612243 2000
0 1492.6139621303491367 516.44808826480050357 2000
# Layered model 36910: value=0.201952
9
3.2059630419113718247 316.09177094058742341 183.48636655497335823 2000
4.9368390304492963949 342.28209375687021065 189.04618694795561851 2000
3.951140292484572214 381.87329763487036871 200.67633683953869195 2000
4.1930191397814731147 525.05313096299641984 230.67227440403681271 2000
3.2776769410388411075 597.55944021944651467 295.82150505913193683 2000
17.173717587520439309 813.47404178018632592 304.78519248392871077 2000
9.6747833909402700669 863.51908734050743988 486.51746080599923516 2000
3.5566172817952974583 944.41810850615354411 553.70225295677414579 2000
0 1434.3726795078839586 581.94663262058213604 2000
# Layered model 53379: value=0.201978
9
5.2204245924582712846 359.7419205077410993 181.66966985640925714 2000
2.5271721803660298633 409.41986242002684548 187.17444252272832728 2000
5.2187463828709370617 585.78515853293447435 196.72222021325231367 2000
5.0245948780359910302 863.51908734050743988 252.28286933230072009 2000
8.3792386741395574745 880.87582099605185704 265.15183113631320566 2000
1.9935962447517070473 1053.6573896778461403 281.46401171995017876 2000
5.3926938890678819405 1298.518874926506669 314.0204886013842156 2000
7.6054953286720134997 1337.86529535565478 386.9963192563130292 2000
0 1364.7563877923034852 516.44808826480050357 2000
# Layered model 46576: value=0.202149
9
7.4692205439830940961 378.09237389591123701 178.09005965729755872 2000
6.32847917074656241 421.82569367121607229 206.75703052211355271 2000
2.1819170861284273855 426.04395060792825234 237.66187499075354594 2000
5.11617293964071429 470.61757423911592468 284.27865183714970954 2000
5.80442751920019262 484.87775735613541883 287.12143835552120663 2000
2.9103931722618021638 557.35447865336664108 310.91137485285565845 2000
5.3165043269342469046 846.50434990736948748 333.33907635194100294 2000
4.2273730182931501531 1043.2251382948970786 516.44808826480050357 2000
0 1272.9329231707740746 537.41795160518540797 2000
