# 60575 2_reports/tar1_ln7_tr1.report
# Layered model 56544: value=0.167516
7
2.308623843296830902 366.97273310994671647 179.87096025387054965 2000
7.3349327347926305265 393.44444042650462734 181.66966985640925714 2000
3.5834100750352515519 465.95799429615436793 208.82460082733467743 2000
2.269518373899588326 540.96276588430623633 257.35375500588003206 2000
11.944426599594640592 568.55730367429941907 273.1861967715746573 2000
11.557593602561809121 615.66608881753597871 336.67246711546039251 2000
0 1064.193963574624604 593.64375993625583305 2000
# Layered model 59177: value=0.168732
7
5.4323947648146928557 312.96214944612614772 181.66966985640925714 2000
6.9348107366861517775 461.34454880807362542 196.72222021325231367 2000
4.7651065838222308457 465.95799429615436793 242.43887867806770942 2000
7.8515251876613696425 615.66608881753597871 287.12143835552120663 2000
11.636165669277417578 944.41810850615354411 320.33230042227205558 2000
13.893057230123922352 1032.8961765296010071 440.43791049802592852 2000
0 1152.3695695457072361 593.64375993625583305 2000
# Layered model 55000: value=0.170832
7
4.5869918417150969958 359.7419205077410993 181.66966985640925714 2000
7.0634751743833845694 499.57003828178363847 185.32123022052309125 2000
2.6724425193566165859 660.07737891473470881 232.97899714807718397 2000
9.4483543745401643577 686.87916740896230294 265.15183113631320566 2000
7.7713563925356758944 707.69229306062129581 298.77972010972325734 2000
7.8458699789416179726 743.79171238502738106 314.0204886013842156 2000
0 1477.8356060696526129 553.70225295677414579 2000
# Layered model 44047: value=0.170836
7
2.9902596119145448128 385.69203061121908149 178.09005965729755872 2000
9.0132282052387395765 443.343043438852078 183.48636655497335823 2000
3.8179149559735314767 700.68543867388245872 254.80569802562376935 2000
2.7146786739645047959 1107.4045059135482916 265.15183113631320566 2000
17.362362766477801301 1298.518874926506669 278.67723932668332054 2000
3.8839309707181612907 1448.7164063029629233 472.20905425307677206 2000
0 1477.8356060696526129 521.6125691474485393 2000
# Layered model 56088: value=0.170937
7
3.5063145637088219964 335.53778429258915139 181.66966985640925714 2000
5.9472258520244025704 342.28209375687021065 185.32123022052309125 2000
2.8834901906454071252 456.77678099809264722 192.84601530560954075 2000
3.0060238758236472734 944.41810850615354411 265.15183113631320566 2000
17.480322690518832474 1022.6694817124763404 275.91805873929041582 2000
6.9589980115661731475 1223.2635190121686719 394.77494527336500596 2000
0 1260.3296269017564555 516.44808826480050357 2000
# Layered model 55778: value=0.172569
7
3.3361379973247715647 322.44521553649320822 179.87096025387054965 2000
5.9311303251271692005 342.28209375687021065 187.17444252272832728 2000
2.5883755995608428435 443.343043438852078 189.04618694795561851 2000
3.0361735975298334012 973.03492161199847033 252.28286933230072009 2000
19.264320388133437945 1074.8359032103708159 281.46401171995017876 2000
7.2415612364177803784 1118.4785509726837063 410.80439109899407413 2000
0 1378.4039516702264336 496.29646176819989023 2000
# Layered model 56625: value=0.172597
7
2.6274292831041994312 603.53503462164098892 174.58098192069164156 2000
6.639839039347741334 660.07737891473470881 179.87096025387054965 2000
2.1257724577895107387 673.34493423092078501 183.48636655497335823 2000
6.777806633827092142 729.13607723265113236 244.86326746484840555 2000
9.2700642125503982527 829.82487001996798881 252.28286933230072009 2000
7.8639264098844918749 854.96939340644303229 326.77097966075973545 2000
0 1129.6633364824106138 472.20905425307677206 2000
# Layered model 39446: value=0.17521
7
6.4979452848665486542 370.6424604410461825 181.66966985640925714 2000
3.4378207010956023382 389.54895091733129675 183.48636655497335823 2000
4.3871435494929471588 438.95350835529916367 221.671521719426039 2000
10.910766110259190853 509.61139605124753871 267.80334944767633942 2000
4.1866958032281615942 693.74795908305191006 289.99265273907644769 2000
9.5781337802382999769 797.44538945219721882 394.77494527336500596 2000
0 1298.518874926506669 532.096981787312302 2000
# Layered model 47877: value=0.175937
7
1.9688434999999999686 374.34888504545665455 176.32679173989856736 2000
9.0064234410018659815 525.05313096299641984 181.66966985640925714 2000
4.534391693570054116 660.07737891473470881 230.67227440403681271 2000
2.8428972536373073865 973.03492161199847033 254.80569802562376935 2000
15.465402436222507987 1118.4785509726837063 275.91805873929041582 2000
14.243485205608372723 1163.8932652411642721 402.70992167335958811 2000
0 1298.518874926506669 581.94663262058213604 2000
# Layered model 57191: value=0.176135
7
3.2059630419113718247 374.34888504545665455 179.87096025387054965 2000
8.91755965341344492 413.51406104422710541 185.32123022052309125 2000
2.7809544021369951849 707.69229306062129581 242.43887867806770942 2000
2.7319683821296294468 1211.1519990219492229 273.1861967715746573 2000
17.90656859324927197 1272.9329231707740746 281.46401171995017876 2000
3.0693673421897358367 1463.2035703659926185 414.91243500998399441 2000
0 1492.6139621303491367 501.25942638588190903 2000
# Layered model 57779: value=0.176946
7
1.9885319349999999172 499.57003828178363847 174.58098192069164156 2000
6.9171307699245554446 504.56573866460144018 179.87096025387054965 2000
2.8325986039989921039 686.87916740896230294 189.04618694795561851 2000
2.5724826209817539535 729.13607723265113236 242.43887867806770942 2000
14.244378746809994496 736.42743800497760276 252.28286933230072009 2000
4.0483029224509969879 963.40091248712724337 343.43958370448115147 2000
0 1298.518874926506669 453.78361962402658492 2000
# Layered model 50023: value=0.177392
7
2.1108667191160974674 332.21562801246449226 176.32679173989856736 2000
7.1564016033358424096 366.97273310994671647 185.32123022052309125 2000
3.6990748332432978884 475.32374998150709189 200.67633683953869195 2000
3.3206183489314753388 579.98530547815289538 262.52656548149820992 2000
11.153950121992227906 597.55944021944651467 278.67723932668332054 2000
11.947578654853614921 615.66608881753597871 340.03919178661499245 2000
0 1163.8932652411642721 564.83166824120530691 2000
# Layered model 57247: value=0.177681
7
8.3331729351842334097 328.92636436877671713 181.66966985640925714 2000
3.2019429223390147854 374.34888504545665455 210.91284683560803614 2000
3.3693612399385628464 475.32374998150709189 242.43887867806770942 2000
9.5870798802702204 634.3213869747961553 265.15183113631320566 2000
6.7387601534867194175 660.07737891473470881 340.03919178661499245 2000
9.7575038035276229209 889.68457920601224487 353.8461465303106479 2000
0 1406.1098710987980667 581.94663262058213604 2000
# Layered model 45843: value=0.177683
7
3.6486849953168007943 405.36620041586814978 179.87096025387054965 2000
5.7112560103596585748 647.07124685298958866 181.66966985640925714 2000
3.6064021500187788405 1074.8359032103708159 198.68944241538483197 2000
6.3223775278345932804 1107.4045059135482916 257.35375500588003206 2000
11.632385386983781217 1311.5040636757717039 262.52656548149820992 2000
4.7367803463548519005 1364.7563877923034852 298.77972010972325734 2000
0 1406.1098710987980667 486.51746080599923516 2000
# Layered model 46805: value=0.178216
7
3.796836237353493626 332.21562801246449226 181.66966985640925714 2000
4.9333497296346013883 342.28209375687021065 189.04618694795561851 2000
3.6068446393905357894 591.64301011826387366 194.77447545866564838 2000
3.7886738536478166139 944.41810850615354411 247.31190013949688478 2000
17.357422593866360216 1053.6573896778461403 278.67723932668332054 2000
9.168963771966218701 1152.3695695457072361 414.91243500998399441 2000
0 1285.6622524024817267 496.29646176819989023 2000
# Layered model 54371: value=0.178736
7
5.2726288383828538997 303.75797892666912503 183.48636655497335823 2000
2.7895514312811737767 328.92636436877671713 187.17444252272832728 2000
3.5598606302602764373 397.37888483076966395 213.02197530396412617 2000
6.730514988284923561 494.62380027899376955 242.43887867806770942 2000
5.9998598754032954616 597.55944021944651467 301.76751731082049446 2000
13.499149195735039797 666.67815270388200588 330.03868945736735441 2000
0 1311.5040636757717039 559.23927548634185314 2000
# Layered model 50204: value=0.179046
7
5.6529717761691760103 316.09177094058742341 183.48636655497335823 2000
3.7069692295072833588 335.53778429258915139 190.93664881743518436 2000
2.3783203032470883187 434.60743401514764628 226.12711930598649701 2000
5.3794989180309471521 530.30366227262641132 230.67227440403681271 2000
11.437362449760801297 621.82274970571131689 301.76751731082049446 2000
8.9216743127377391431 743.79171238502738106 317.16069348739807765 2000
0 1285.6622524024817267 559.23927548634185314 2000
# Layered model 36605: value=0.179595
7
7.3952678653297958533 397.37888483076966395 179.87096025387054965 2000
5.3466763300720252516 405.36620041586814978 196.72222021325231367 2000
7.7508276581335202593 585.78515853293447435 249.78501914089181923 2000
2.1247701078697893706 615.66608881753597871 278.67723932668332054 2000
8.303564109108481972 700.68543867388245872 320.33230042227205558 2000
9.6608948549778439485 721.91690815113975077 336.67246711546039251 2000
0 1118.4785509726837063 532.096981787312302 2000
# Layered model 44195: value=0.180066
7
7.3952678653297958533 306.79555871593584015 185.32123022052309125 2000
2.1528079545607603507 504.56573866460144018 202.68310020793407489 2000
4.6330227300649866606 621.82274970571131689 213.02197530396412617 2000
7.990788482105166679 693.74795908305191006 275.91805873929041582 2000
12.325812254692102954 743.79171238502738106 289.99265273907644769 2000
3.3538656725947504356 789.54989054673001192 295.82150505913193683 2000
0 1392.1879911869286843 581.94663262058213604 2000
# Layered model 56772: value=0.180818
7
8.9342892990323523605 332.21562801246449226 183.48636655497335823 2000
2.261580507483651914 504.56573866460144018 206.75703052211355271 2000
2.2969588763365145212 535.60669889535267885 221.671521719426039 2000
8.679058349208190748 680.0783835732299849 265.15183113631320566 2000
15.184177969340616698 743.79171238502738106 304.78519248392871077 2000
2.0324252800712301337 797.44538945219721882 431.75954367025371994 2000
0 1406.1098710987980667 581.94663262058213604 2000
# Layered model 52728: value=0.180922
7
7.2495518726887517857 374.34888504545665455 181.66966985640925714 2000
2.7855717731330216225 443.343043438852078 187.17444252272832728 2000
3.3241126738341861824 484.87775735613541883 210.91284683560803614 2000
12.381636206537187661 499.57003828178363847 262.52656548149820992 2000
2.2516014241208353042 628.0409772027684312 326.77097966075973545 2000
10.237606658627054657 686.87916740896230294 350.34271933694122936 2000
0 1311.5040636757717039 542.79213112123727569 2000
# Layered model 58369: value=0.181794
7
8.2506662724596377956 306.79555871593584015 185.32123022052309125 2000
3.5163054137998290827 546.37239354314931461 208.82460082733467743 2000
1.9970628531183880483 647.07124685298958866 223.88823693662030223 2000
4.4068128746906882753 721.91690815113975077 275.91805873929041582 2000
17.372166658772169257 766.32934506200615488 289.99265273907644769 2000
5.038986852650744197 781.73256489775235423 390.86628244887617711 2000
0 1351.2439483092114187 581.94663262058213604 2000
# Layered model 50541: value=0.181868
7
7.0363436245221073762 303.75797892666912503 185.32123022052309125 2000
4.3845631651048702082 374.34888504545665455 198.68944241538483197 2000
2.0719218932255412113 557.35447865336664108 226.12711930598649701 2000
2.0036563441717820666 579.98530547815289538 275.91805873929041582 2000
10.873691680846485852 609.57038496785742154 278.67723932668332054 2000
10.368179325315207251 838.12311872016766756 320.33230042227205558 2000
0 1235.4961542022904268 542.79213112123727569 2000
# Layered model 54801: value=0.181878
7
3.9510030139033576191 519.85458511187766817 176.32679173989856736 2000
5.5025374018298665035 562.92802343990035752 183.48636655497335823 2000
2.8834901906454071252 615.66608881753597871 192.84601530560954075 2000
3.7886738536478166139 680.0783835732299849 240.0384937406610959 2000
9.7248755888616891241 821.60878219798814825 257.35375500588003206 2000
9.4542579876152963436 973.03492161199847033 310.91137485285565845 2000
0 1420.1709698097861292 453.78361962402658492 2000
# Layered model 42384: value=0.18211
7
2.3317100817297991 381.87329763487036871 179.87096025387054965 2000
4.0812850127771449493 773.9926385126260584 181.66966985640925714 2000
5.9240355118716871985 854.96939340644303229 187.17444252272832728 2000
11.91203570820753832 973.03492161199847033 252.28286933230072009 2000
4.0233323752309537724 992.59292353639978046 265.15183113631320566 2000
6.6828864948397423973 1175.5321978935758125 289.99265273907644769 2000
0 1492.6139621303491367 491.38263541405922297 2000
# Layered model 44925: value=0.182258
7
7.6193518769171548755 306.79555871593584015 185.32123022052309125 2000
2.2180401883919058648 366.97273310994671647 189.04618694795561851 2000
2.7476128562577812886 409.41986242002684548 232.97899714807718397 2000
4.0293245093028708936 603.53503462164098892 267.80334944767633942 2000
7.7380863327428102139 673.34493423092078501 275.91805873929041582 2000
12.022194170234993038 821.60878219798814825 314.0204886013842156 2000
0 1107.4045059135482916 537.41795160518540797 2000
# Layered model 45092: value=0.182492
7
3.7592437993598948331 417.64920165466935487 179.87096025387054965 2000
4.3029364703041323992 700.68543867388245872 183.48636655497335823 2000
5.4306484131884911193 925.80934075693903651 187.17444252272832728 2000
3.7961091463715206373 1096.4401048648992401 267.80334944767633942 2000
15.209455411093891541 1129.6633364824106138 270.48138294215311817 2000
2.806444796185502355 1392.1879911869286843 273.1861967715746573 2000
0 1463.2035703659926185 481.70045624356362168 2000
# Layered model 43916: value=0.182581
7
6.8976998573885968113 325.66966769185813746 183.48636655497335823 2000
3.649315948366240292 447.77647387324060446 187.17444252272832728 2000
5.7537912928004946167 461.34454880807362542 249.78501914089181923 2000
6.0927988038259854875 615.66608881753597871 252.28286933230072009 2000
14.592597069303167245 634.3213869747961553 326.77097966075973545 2000
2.0123022574962661224 781.73256489775235423 343.43958370448115147 2000
0 982.76527082811844593 576.18478477285361805 2000
# Layered model 26827: value=0.182628
7
1.9885319349999999172 319.25268864999327434 174.58098192069164156 2000
6.7416540319880953192 345.70491469443891219 187.17444252272832728 2000
4.365820620264095453 475.32374998150709189 198.68944241538483197 2000
3.5183228436175220111 579.98530547815289538 262.52656548149820992 2000
13.697508693347142383 621.82274970571131689 287.12143835552120663 2000
5.7026271568202915319 640.66460084454411117 330.03868945736735441 2000
0 1187.2875198725116661 532.096981787312302 2000
# Layered model 60474: value=0.182689
7
2.6274292831041994312 385.69203061121908149 176.32679173989856736 2000
6.1027566838838964713 634.3213869747961553 183.48636655497335823 2000
4.4967806861366170779 1085.5842622424745514 198.68944241538483197 2000
6.8449534379263710093 1096.4401048648992401 252.28286933230072009 2000
11.158397040167667313 1235.4961542022904268 265.15183113631320566 2000
4.4275692856497137484 1392.1879911869286843 304.78519248392871077 2000
0 1406.1098710987980667 496.29646176819989023 2000
# Layered model 47296: value=0.182881
7
6.8976998573885968113 312.96214944612614772 185.32123022052309125 2000
4.0775670836132693609 397.37888483076966395 190.93664881743518436 2000
5.4885482285390203572 434.60743401514764628 254.80569802562376935 2000
6.379902211478295726 568.55730367429941907 262.52656548149820992 2000
7.7712391244398411061 628.0409772027684312 333.33907635194100294 2000
7.9974249095714249336 916.6429116405337254 353.8461465303106479 2000
0 1002.5188527717638181 570.47998492361739409 2000
# Layered model 53846: value=0.182891
7
3.3694993772980192936 349.16196384138328312 181.66966985640925714 2000
5.8060138132484553353 443.343043438852078 185.32123022052309125 2000
2.2175275896949759868 597.55944021944651467 194.77447545866564838 2000
3.6476949144965917782 1043.2251382948970786 219.47675417764958183 2000
19.115402212938011672 1175.5321978935758125 273.1861967715746573 2000
4.8423673215046960649 1247.851115744313347 458.3214558202668627 2000
0 1272.9329231707740746 472.20905425307677206 2000
# Layered model 59493: value=0.183357
7
3.4715985779295266411 309.86351430309520083 181.66966985640925714 2000
7.2874122455209828786 335.53778429258915139 190.93664881743518436 2000
2.4679558296742030166 359.7419205077410993 202.68310020793407489 2000
8.0797809847790738047 653.5419593215194709 287.12143835552120663 2000
8.4078275255280878753 686.87916740896230294 307.83304440876798935 2000
7.0237808697541197489 729.13607723265113236 314.0204886013842156 2000
0 1463.2035703659926185 559.23927548634185314 2000
# Layered model 43333: value=0.183401
7
3.4372263147817094797 480.0769874813221918 176.32679173989856736 2000
5.6474402105118297612 591.64301011826387366 183.48636655497335823 2000
3.500338396273303232 686.87916740896230294 192.84601530560954075 2000
2.6061381301185821968 700.68543867388245872 235.30878711955796234 2000
8.6814339148987560435 751.22962950887767875 254.80569802562376935 2000
10.054678451644921466 1002.5188527717638181 287.12143835552120663 2000
0 1420.1709698097861292 472.20905425307677206 2000
# Layered model 51069: value=0.183782
7
2.4263868612054571017 332.21562801246449226 181.66966985640925714 2000
7.3136052826648993985 359.7419205077410993 185.32123022052309125 2000
2.1156517781424266644 434.60743401514764628 202.68310020793407489 2000
4.5941871976601991179 470.61757423911592468 249.78501914089181923 2000
7.4227458469111979866 621.82274970571131689 287.12143835552120663 2000
14.739804448446268026 963.40091248712724337 301.76751731082049446 2000
0 1096.4401048648992401 593.64375993625583305 2000
# Layered model 56791: value=0.183801
7
3.8348045997270285845 342.28209375687021065 181.66966985640925714 2000
7.0317963319579863679 421.82569367121607229 185.32123022052309125 2000
7.3196935732704684341 509.61139605124753871 240.0384937406610959 2000
9.9661186829874495174 647.07124685298958866 289.99265273907644769 2000
10.335577939065856867 935.06743416450854056 323.53562342649479433 2000
4.5906206071088249132 1022.6694817124763404 516.44808826480050357 2000
0 1107.4045059135482916 564.83166824120530691 2000
# Layered model 46669: value=0.183981
7
2.8451294177729620216 480.0769874813221918 176.32679173989856736 2000
6.1495899142008392246 562.92802343990035752 179.87096025387054965 2000
2.6273215679505028675 666.67815270388200588 192.84601530560954075 2000
3.4186947948137387243 773.9926385126260584 235.30878711955796234 2000
7.0051886113201398132 846.50434990736948748 242.43887867806770942 2000
15.059815287459670685 889.68457920601224487 301.76751731082049446 2000
0 1392.1879911869286843 467.53371708225427028 2000
# Layered model 53863: value=0.184164
7
8.1689765073857802946 389.54895091733129675 179.87096025387054965 2000
4.3219010491300728916 409.41986242002684548 202.68310020793407489 2000
7.0072917060763746377 579.98530547815289538 240.0384937406610959 2000
3.8047068377854422749 621.82274970571131689 287.12143835552120663 2000
6.4116990630542041174 660.07737891473470881 307.83304440876798935 2000
7.7622218260211610641 680.0783835732299849 333.33907635194100294 2000
0 1187.2875198725116661 532.096981787312302 2000
# Layered model 57215: value=0.184398
7
6.4979452848665486542 306.79555871593584015 183.48636655497335823 2000
3.7388843462362428838 409.41986242002684548 206.75703052211355271 2000
5.1192680268892090112 634.3213869747961553 215.15219505700380864 2000
5.7396920825067976324 751.22962950887767875 287.12143835552120663 2000
13.401909546254014316 766.32934506200615488 289.99265273907644769 2000
3.3538656725947504356 773.9926385126260584 307.83304440876798935 2000
0 1364.7563877923034852 570.47998492361739409 2000
# Layered model 50006: value=0.185259
7
2.308623843296830902 430.30439011400761729 176.32679173989856736 2000
5.3622640505886156603 666.67815270388200588 179.87096025387054965 2000
4.6661427124931842414 686.87916740896230294 189.04618694795561851 2000
3.4709337696888589164 935.06743416450854056 244.86326746484840555 2000
14.503873748149365142 953.86228959121501703 259.92729255593883408 2000
4.6434470604400104321 1211.1519990219492229 357.3846079956137487 2000
0 1351.2439483092114187 440.43791049802592852 2000
# Layered model 49794: value=0.185539
7
7.8502258581396215931 370.6424604410461825 179.87096025387054965 2000
4.2732968371851942635 393.44444042650462734 210.91284683560803614 2000
5.5279155784956337527 525.05313096299641984 221.671521719426039 2000
2.221749935141019705 621.82274970571131689 275.91805873929041582 2000
5.9773918399266676715 653.5419593215194709 310.91137485285565845 2000
14.73142087660331967 729.13607723265113236 333.33907635194100294 2000
0 1211.1519990219492229 548.22005243244962003 2000
# Layered model 46406: value=0.185613
7
3.0808674684151675649 335.53778429258915139 179.87096025387054965 2000
4.5140710403823050001 447.77647387324060446 183.48636655497335823 2000
4.7420920975811586828 557.35447865336664108 194.77447545866564838 2000
3.629013413449534653 944.41810850615354411 226.12711930598649701 2000
18.53165526692464482 1012.5440412994812505 275.91805873929041582 2000
4.1146821282776357975 1247.851115744313347 394.77494527336500596 2000
0 1272.9329231707740746 521.6125691474485393 2000
# Layered model 60318: value=0.185698
7
1.9885319349999999172 489.7265349296968111 174.58098192069164156 2000
7.0961345902935386576 530.30366227262641132 179.87096025387054965 2000
3.500338396273303232 562.92802343990035752 198.68944241538483197 2000
5.2278050128205144631 700.68543867388245872 249.78501914089181923 2000
9.6281016922315849627 751.22962950887767875 262.52656548149820992 2000
4.8397077784961979319 1043.2251382948970786 284.27865183714970954 2000
0 1378.4039516702264336 449.29071249903614671 2000
# Layered model 54492: value=0.185818
7
1.9885319349999999172 585.78515853293447435 174.58098192069164156 2000
6.7416540319880953192 597.55944021944651467 178.09005965729755872 2000
2.7767852210557695258 673.34493423092078501 187.17444252272832728 2000
5.1073582428258479382 680.0783835732299849 242.43887867806770942 2000
11.378144519444269633 766.32934506200615488 254.80569802562376935 2000
4.9369859048439757032 898.58142499807229342 310.91137485285565845 2000
0 1260.3296269017564555 449.29071249903614671 2000
# Layered model 58207: value=0.186064
7
7.928728116721018182 309.86351430309520083 185.32123022052309125 2000
2.9378728149639972145 366.97273310994671647 192.84601530560954075 2000
6.6100706265530551065 452.25423861197299402 249.78501914089181923 2000
4.4756918398418399363 628.0409772027684312 278.67723932668332054 2000
8.6625931073791129222 673.34493423092078501 333.33907635194100294 2000
7.9974249095714249336 781.73256489775235423 336.67246711546039251 2000
0 1012.5440412994812505 599.58019753561836751 2000
# Layered model 44773: value=0.186325
7
3.8731526457242990702 303.75797892666912503 183.48636655497335823 2000
4.6002798434105214298 504.56573866460144018 189.04618694795561851 2000
3.3822114328779626646 609.57038496785742154 192.84601530560954075 2000
4.7586855088569297578 880.87582099605185704 235.30878711955796234 2000
15.884063809448218052 1175.5321978935758125 275.91805873929041582 2000
6.1139881747125173206 1247.851115744313347 394.77494527336500596 2000
0 1285.6622524024817267 462.90467037846951825 2000
# Layered model 49531: value=0.186355
7
2.0084172543499998476 535.60669889535267885 176.32679173989856736 2000
6.9863020776238009546 579.98530547815289538 178.09005965729755872 2000
2.2855190643048626242 673.34493423092078501 183.48636655497335823 2000
3.4641353854466991891 693.74795908305191006 247.31190013949688478 2000
13.528024908091760281 736.42743800497760276 249.78501914089181923 2000
4.0082207152980160458 963.40091248712724337 323.53562342649479433 2000
0 1311.5040636757717039 449.29071249903614671 2000
# Layered model 59810: value=0.186472
7
7.2495518726887517857 470.61757423911592468 179.87096025387054965 2000
3.9463179338272524888 729.13607723265113236 185.32123022052309125 2000
2.2969588763365145212 829.82487001996798881 206.75703052211355271 2000
3.6249315441019760442 1107.4045059135482916 259.92729255593883408 2000
12.302611221987955759 1163.8932652411642721 262.52656548149820992 2000
8.0564255405105846819 1247.851115744313347 317.16069348739807765 2000
0 1463.2035703659926185 481.70045624356362168 2000
# Layered model 58037: value=0.186659
7
2.2857661814820109392 530.30366227262641132 172.8524573472194561 2000
5.938463911602264389 574.24287671104241326 181.66966985640925714 2000
3.9906516954094186644 680.0783835732299849 189.04618694795561851 2000
3.2816032385306073138 721.91690815113975077 237.66187499075354594 2000
11.944426599594640592 729.13607723265113236 257.35375500588003206 2000
4.8397077784961979319 1096.4401048648992401 304.78519248392871077 2000
0 1247.851115744313347 440.43791049802592852 2000
# Layered model 44192: value=0.186757
7
3.0808674684151675649 660.07737891473470881 172.8524573472194561 2000
3.461028827491366755 729.13607723265113236 179.87096025387054965 2000
5.1963650130170133679 736.42743800497760276 185.32123022052309125 2000
2.715590060280806739 821.60878219798814825 221.671521719426039 2000
4.5353939539250553992 829.82487001996798881 242.43887867806770942 2000
20.39924495834314655 1053.6573896778461403 289.99265273907644769 2000
0 1378.4039516702264336 521.6125691474485393 2000
# Layered model 59972: value=0.186788
7
2.816959819577189883 389.54895091733129675 178.09005965729755872 2000
4.4816268049328122913 700.68543867388245872 179.87096025387054965 2000
4.6756137367229095858 854.96939340644303229 187.17444252272832728 2000
11.797063548762350749 963.40091248712724337 252.28286933230072009 2000
4.221210040318720047 992.59292353639978046 278.67723932668332054 2000
8.3821359835335336186 1175.5321978935758125 287.12143835552120663 2000
0 1311.5040636757717039 501.25942638588190903 2000
# Layered model 55374: value=0.187011
7
7.2495518726887517857 356.18011931459511743 179.87096025387054965 2000
4.2855639848344964093 430.30439011400761729 194.77447545866564838 2000
7.7700022242512361004 568.55730367429941907 242.43887867806770942 2000
5.9285575639398047088 621.82274970571131689 281.46401171995017876 2000
7.9179352987340330117 628.0409772027684312 310.91137485285565845 2000
3.5867450887376719493 634.3213869747961553 350.34271933694122936 2000
0 1118.4785509726837063 537.41795160518540797 2000
# Layered model 50063: value=0.187389
7
3.0503638301140272304 309.86351430309520083 178.09005965729755872 2000
6.4031765856191968922 312.96214944612614772 190.93664881743518436 2000
4.0392882671192946731 363.33933971281851427 210.91284683560803614 2000
3.4554487695776749945 666.67815270388200588 287.12143835552120663 2000
12.18080319008708301 700.68543867388245872 298.77972010972325734 2000
7.2455292913302393742 813.47404178018632592 340.03919178661499245 2000
0 1364.7563877923034852 548.22005243244962003 2000
# Layered model 49705: value=0.187795
7
4.8691842706229682136 322.44521553649320822 183.48636655497335823 2000
4.3980840518289721075 332.21562801246449226 185.32123022052309125 2000
3.1931325899904781096 366.97273310994671647 217.30371700757382314 2000
8.6353888280563797508 591.64301011826387366 265.15183113631320566 2000
4.4988439712716328245 640.66460084454411117 275.91805873929041582 2000
11.882163277682604274 758.74192580396641006 353.8461465303106479 2000
0 1298.518874926506669 526.82869483892307017 2000
# Layered model 30589: value=0.18786
7
5.3253551267666825453 300.75047418482091643 183.48636655497335823 2000
7.4165890686351385597 434.60743401514764628 198.68944241538483197 2000
2.311577673034607372 475.32374998150709189 242.43887867806770942 2000
11.467324836172897662 591.64301011826387366 284.27865183714970954 2000
10.465356267075158314 838.12311872016766756 330.03868945736735441 2000
12.041275573309434321 1118.4785509726837063 427.48469670322151615 2000
0 1152.3695695457072361 576.18478477285361805 2000
# Layered model 44542: value=0.187955
7
9.3900278437838853307 359.7419205077410993 181.66966985640925714 2000
2.8547300784941782581 363.33933971281851427 217.30371700757382314 2000
3.4199972986395756891 430.30439011400761729 252.28286933230072009 2000
6.952786740487491457 634.3213869747961553 257.35375500588003206 2000
7.9974145440538926266 647.07124685298958866 320.33230042227205558 2000
9.5652424306711303359 854.96939340644303229 368.21371900248880138 2000
0 1351.2439483092114187 576.18478477285361805 2000
# Layered model 57441: value=0.188134
7
7.2495518726887517857 309.86351430309520083 185.32123022052309125 2000
3.402934091123633209 438.95350835529916367 190.93664881743518436 2000
7.3537462193118550147 465.95799429615436793 252.28286933230072009 2000
7.9920490683308393898 535.60669889535267885 265.15183113631320566 2000
4.9228248190585333077 680.0783835732299849 379.37096290198320503 2000
8.0773991586671378684 789.54989054673001192 390.86628244887617711 2000
0 1107.4045059135482916 526.82869483892307017 2000
# Layered model 48593: value=0.188165
7
8.6715331723761828187 316.09177094058742341 185.32123022052309125 2000
2.4134864380357026192 484.87775735613541883 215.15219505700380864 2000
2.6790149289659694887 540.96276588430623633 217.30371700757382314 2000
7.1228859957694705685 707.69229306062129581 270.48138294215311817 2000
16.099282436537158958 721.91690815113975077 298.77972010972325734 2000
2.4022873097880719229 797.44538945219721882 414.91243500998399441 2000
0 1406.1098710987980667 593.64375993625583305 2000
# Layered model 54649: value=0.188286
7
5.0167254232071147868 312.96214944612614772 183.48636655497335823 2000
8.5091050980453655228 461.34454880807362542 196.72222021325231367 2000
3.4368547117406649249 504.56573866460144018 270.48138294215311817 2000
10.361769647612550926 591.64301011826387366 275.91805873929041582 2000
9.2955480616561665386 880.87582099605185704 340.03919178661499245 2000
10.96558471124319567 1118.4785509726837063 440.43791049802592852 2000
0 1152.3695695457072361 593.64375993625583305 2000
# Layered model 60188: value=0.188852
7
6.4336091929371770348 484.87775735613541883 179.87096025387054965 2000
2.5611101390366242114 751.22962950887767875 183.48636655497335823 2000
3.8432441885165342654 838.12311872016766756 194.77447545866564838 2000
2.2027721742477073263 1053.6573896778461403 232.97899714807718397 2000
14.088344947779233962 1175.5321978935758125 262.52656548149820992 2000
5.4801126096182350977 1272.9329231707740746 273.1861967715746573 2000
0 1492.6139621303491367 506.27202064974062523 2000
# Layered model 59859: value=0.18892
7
6.1825719784965826875 316.09177094058742341 183.48636655497335823 2000
2.8121473534772185587 504.56573866460144018 196.72222021325231367 2000
4.9069555527978323539 609.57038496785742154 204.70993121001342274 2000
9.1704796700577411173 660.07737891473470881 273.1861967715746573 2000
8.4704657477015636857 781.73256489775235423 278.67723932668332054 2000
4.8319896313165777713 805.41984334671917622 298.77972010972325734 2000
0 1378.4039516702264336 564.83166824120530691 2000
# Layered model 56762: value=0.189173
7
4.0304181744828149192 434.60743401514764628 176.32679173989856736 2000
3.8729052934752550286 766.32934506200615488 183.48636655497335823 2000
5.4559128516978896428 880.87582099605185704 190.93664881743518436 2000
4.2772091599354808977 1118.4785509726837063 259.92729255593883408 2000
13.906174822939497915 1163.8932652411642721 267.80334944767633942 2000
4.1152661143375262043 1378.4039516702264336 270.48138294215311817 2000
0 1434.3726795078839586 486.51746080599923516 2000
# Layered model 54755: value=0.1894
7
4.3643653467240017818 540.96276588430623633 176.32679173989856736 2000
3.2305731620734707832 729.13607723265113236 183.48636655497335823 2000
4.4990038560477678686 781.73256489775235423 187.17444252272832728 2000
3.8721016549829254672 813.47404178018632592 240.0384937406610959 2000
10.667834455121328219 944.41810850615354411 252.28286933230072009 2000
4.080023263710142345 1211.1519990219492229 259.92729255593883408 2000
0 1324.6191043125295437 440.43791049802592852 2000
# Layered model 52930: value=0.1894
7
1.9688434999999999686 489.7265349296968111 172.8524573472194561 2000
6.2553865930842746934 562.92802343990035752 179.87096025387054965 2000
2.7242581606189268939 621.82274970571131689 181.66966985640925714 2000
2.9413788141782237773 721.91690815113975077 232.97899714807718397 2000
14.950806835601024858 797.44538945219721882 252.28286933230072009 2000
2.803889771760310623 1085.5842622424745514 273.1861967715746573 2000
0 1392.1879911869286843 458.3214558202668627 2000
# Layered model 55544: value=0.189482
7
6.060750885694130119 309.86351430309520083 183.48636655497335823 2000
5.1351189208218741555 349.16196384138328312 196.72222021325231367 2000
3.4149302106017405123 535.60669889535267885 230.67227440403681271 2000
3.3801380166134844529 579.98530547815289538 275.91805873929041582 2000
12.624018471727794122 591.64301011826387366 307.83304440876798935 2000
6.8618404839940119189 805.41984334671917622 317.16069348739807765 2000
0 1311.5040636757717039 537.41795160518540797 2000
# Layered model 46990: value=0.189657
7
7.8502258581396215931 381.87329763487036871 181.66966985640925714 2000
3.684889999383626602 417.64920165466935487 189.04618694795561851 2000
2.092641112157796357 443.343043438852078 244.86326746484840555 2000
7.0523623720489787559 546.37239354314931461 262.52656548149820992 2000
9.0344558217018509083 736.42743800497760276 265.15183113631320566 2000
6.2998901176052726214 751.22962950887767875 398.72269472609860941 2000
0 854.96939340644303229 506.27202064974062523 2000
# Layered model 31278: value=0.189838
7
4.5415760809060365943 325.66966769185813746 179.87096025387054965 2000
6.9935397766172116008 374.34888504545665455 194.77447545866564838 2000
1.9577128253292706006 447.77647387324060446 204.70993121001342274 2000
5.6049145681671177499 484.87775735613541883 267.80334944767633942 2000
17.522259691242226154 736.42743800497760276 307.83304440876798935 2000
3.9619979832295939559 758.74192580396641006 383.16467253100307744 2000
0 1175.5321978935758125 581.94663262058213604 2000
# Layered model 59538: value=0.190313
7
5.0167254232071147868 434.60743401514764628 179.87096025387054965 2000
4.4368149925261093358 758.74192580396641006 181.66966985640925714 2000
3.7734262373914884137 789.54989054673001192 192.84601530560954075 2000
2.7390773667034533645 1043.2251382948970786 262.52656548149820992 2000
15.264273111390584958 1129.6633364824106138 265.15183113631320566 2000
4.4275692856497137484 1337.86529535565478 275.91805873929041582 2000
0 1477.8356060696526129 496.29646176819989023 2000
# Layered model 39161: value=0.19046
7
8.5856764082932510718 306.79555871593584015 187.17444252272832728 2000
3.1812952779662158065 504.56573866460144018 202.68310020793407489 2000
2.2737199473598828092 562.92802343990035752 230.67227440403681271 2000
5.0570516174002868581 693.74795908305191006 281.46401171995017876 2000
16.093359791396906644 721.91690815113975077 292.89257926646723718 2000
5.7967178923298305904 773.9926385126260584 390.86628244887617711 2000
0 1364.7563877923034852 593.64375993625583305 2000
# Layered model 46201: value=0.190558
7
7.2495518726887517857 359.7419205077410993 181.66966985640925714 2000
4.5174198135707150925 504.56573866460144018 190.93664881743518436 2000
3.7426869483124534099 653.5419593215194709 223.88823693662030223 2000
5.5861311059268778934 686.87916740896230294 273.1861967715746573 2000
12.387337313394009897 700.68543867388245872 298.77972010972325734 2000
5.5153781752879424971 773.9926385126260584 301.76751731082049446 2000
0 1492.6139621303491367 576.18478477285361805 2000
# Layered model 52861: value=0.190781
7
6.1825719784965826875 546.37239354314931461 176.32679173989856736 2000
2.0416581145876921966 707.69229306062129581 185.32123022052309125 2000
3.749970268148636876 714.7692159912274974 194.77447545866564838 2000
4.9740770911972820301 789.54989054673001192 219.47675417764958183 2000
7.1630252838198273935 953.86228959121501703 270.48138294215311817 2000
11.903162544787125654 1022.6694817124763404 289.99265273907644769 2000
0 1378.4039516702264336 472.20905425307677206 2000
# Layered model 49301: value=0.190986
7
2.2857661814820109392 514.70751001176006412 174.58098192069164156 2000
7.4542259623883460051 540.96276588430623633 179.87096025387054965 2000
2.8450127776964855286 591.64301011826387366 206.75703052211355271 2000
3.8648261981061402537 693.74795908305191006 249.78501914089181923 2000
10.719388312622999848 743.79171238502738106 254.80569802562376935 2000
4.7917898796992055566 944.41810850615354411 292.89257926646723718 2000
0 1364.7563877923034852 449.29071249903614671 2000
# Layered model 44963: value=0.191243
7
4.679190377733570827 546.37239354314931461 178.09005965729755872 2000
3.878976436292598251 721.91690815113975077 181.66966985640925714 2000
2.8348739662152819818 766.32934506200615488 183.48636655497335823 2000
4.5730032395867148409 829.82487001996798881 240.0384937406610959 2000
10.934173239870824901 898.58142499807229342 249.78501914089181923 2000
3.5095864419442150961 1285.6622524024817267 254.80569802562376935 2000
0 1324.6191043125295437 453.78361962402658492 2000
# Layered model 59700: value=0.191443
7
2.2857661814820109392 494.62380027899376955 172.8524573472194561 2000
7.3577903966074504893 514.70751001176006412 181.66966985640925714 2000
3.7156797415664986062 551.83611747858083163 204.70993121001342274 2000
3.4212364055224497861 634.3213869747961553 254.80569802562376935 2000
7.5719430384341137596 743.79171238502738106 267.80334944767633942 2000
9.9141122087988726719 944.41810850615354411 278.67723932668332054 2000
0 1351.2439483092114187 476.93114479560750851 2000
# Layered model 52537: value=0.191694
7
2.601415131786335877 297.77274671764445202 179.87096025387054965 2000
8.7064133727948291863 686.87916740896230294 189.04618694795561851 2000
3.0150810308739330878 693.74795908305191006 232.97899714807718397 2000
2.2914198954146147713 944.41810850615354411 247.31190013949688478 2000
14.000627074589310439 992.59292353639978046 262.52656548149820992 2000
16.033007079978734311 1053.6573896778461403 379.37096290198320503 2000
0 1175.5321978935758125 599.58019753561836751 2000
# Layered model 56275: value=0.192093
7
6.3699100920170073081 309.86351430309520083 183.48636655497335823 2000
4.0726798146709493054 447.77647387324060446 185.32123022052309125 2000
5.3788128664388583644 489.7265349296968111 254.80569802562376935 2000
8.6701542046052164636 574.24287671104241326 257.35375500588003206 2000
7.0510633247989069616 686.87916740896230294 343.43958370448115147 2000
9.0393806229605182523 736.42743800497760276 346.87397954152595503 2000
0 1074.8359032103708159 570.47998492361739409 2000
# Layered model 43614: value=0.192158
7
1.9493499999999999162 499.57003828178363847 176.32679173989856736 2000
6.0330067026376505979 597.55944021944651467 179.87096025387054965 2000
4.3546739037409807338 680.0783835732299849 190.93664881743518436 2000
1.9737133235266703934 693.74795908305191006 232.97899714807718397 2000
13.681730020408680915 829.82487001996798881 252.28286933230072009 2000
2.4173297513292233418 1022.6694817124763404 287.12143835552120663 2000
0 1448.7164063029629233 440.43791049802592852 2000
# Layered model 60217: value=0.192295
7
2.816959819577189883 579.98530547815289538 172.8524573472194561 2000
5.9132261474109055754 653.5419593215194709 181.66966985640925714 2000
4.1077775535022400533 721.91690815113975077 189.04618694795561851 2000
2.6585215065339653506 854.96939340644303229 237.66187499075354594 2000
13.344188876458149551 1064.193963574624604 262.52656548149820992 2000
6.1146112811744153248 1107.4045059135482916 323.53562342649479433 2000
0 1298.518874926506669 444.84228960300612243 2000
# Layered model 55741: value=0.192353
7
5.6529717761691760103 312.96214944612614772 185.32123022052309125 2000
4.7896181305187806032 393.44444042650462734 189.04618694795561851 2000
2.6534166805642342979 409.41986242002684548 215.15219505700380864 2000
4.8949314464790383283 574.24287671104241326 265.15183113631320566 2000
4.4981093508787211022 640.66460084454411117 267.80334944767633942 2000
15.362517574737612591 872.15427821391256202 314.0204886013842156 2000
0 1140.9599698472347882 521.6125691474485393 2000
# Layered model 60248: value=0.192418
7
6.6948395249432897103 322.44521553649320822 183.48636655497335823 2000
6.1745241124125493926 452.25423861197299402 200.67633683953869195 2000
2.0351134601059719387 519.85458511187766817 230.67227440403681271 2000
11.616369607147515097 603.53503462164098892 273.1861967715746573 2000
8.6702563378072170508 982.76527082811844593 336.67246711546039251 2000
14.821827821331758912 1107.4045059135482916 431.75954367025371994 2000
0 1187.2875198725116661 581.94663262058213604 2000
# Layered model 49974: value=0.192511
7
2.3317100817297991 551.83611747858083163 174.58098192069164156 2000
5.9747623122853177335 634.3213869747961553 179.87096025387054965 2000
4.7895341932370740778 693.74795908305191006 192.84601530560954075 2000
2.0951364644332333143 872.15427821391256202 252.28286933230072009 2000
15.12069507253143108 944.41810850615354411 262.52656548149820992 2000
4.2973551279186565921 1107.4045059135482916 320.33230042227205558 2000
0 1351.2439483092114187 444.84228960300612243 2000
# Layered model 50196: value=0.19287
7
6.1825719784965826875 312.96214944612614772 181.66966985640925714 2000
5.702069424625479499 438.95350835529916367 200.67633683953869195 2000
2.8722666141668593554 574.24287671104241326 223.88823693662030223 2000
10.476767628425367462 736.42743800497760276 270.48138294215311817 2000
12.873246262215207736 758.74192580396641006 350.34271933694122936 2000
8.541041677508260932 898.58142499807229342 368.21371900248880138 2000
0 1492.6139621303491367 553.70225295677414579 2000
# Layered model 50892: value=0.193242
7
9.5787674034439422854 338.89316213551506962 183.48636655497335823 2000
2.1882042828155245928 363.33933971281851427 215.15219505700380864 2000
5.884466587560982731 465.95799429615436793 247.31190013949688478 2000
3.4443514666783485723 621.82274970571131689 259.92729255593883408 2000
10.134527390719952678 647.07124685298958866 310.91137485285565845 2000
10.581359004316023942 1043.2251382948970786 410.80439109899407413 2000
0 1364.7563877923034852 553.70225295677414579 2000
# Layered model 35195: value=0.193379
7
8.4165046645360757083 378.09237389591123701 181.66966985640925714 2000
3.8282532577419878805 409.41986242002684548 192.84601530560954075 2000
3.2649007122938566994 434.60743401514764628 242.43887867806770942 2000
5.7970890033318660528 615.66608881753597871 265.15183113631320566 2000
10.86987933270802742 686.87916740896230294 307.83304440876798935 2000
8.0035719655183399368 714.7692159912274974 346.87397954152595503 2000
0 1002.5188527717638181 570.47998492361739409 2000
# Layered model 53606: value=0.193476
7
1.9688434999999999686 551.83611747858083163 174.58098192069164156 2000
6.9368192049245553932 603.53503462164098892 179.87096025387054965 2000
2.3745756913541082866 660.07737891473470881 189.04618694795561851 2000
5.334091034591049052 721.91690815113975077 235.30878711955796234 2000
10.554890001426269208 729.13607723265113236 247.31190013949688478 2000
3.8518213237502507695 1032.8961765296010071 320.33230042227205558 2000
0 1285.6622524024817267 440.43791049802592852 2000
# Layered model 54943: value=0.19348
7
6.5629247377152140075 306.79555871593584015 185.32123022052309125 2000
3.6739048933875775305 438.95350835529916367 190.93664881743518436 2000
5.7427871697552923536 465.95799429615436793 235.30878711955796234 2000
4.2930224911035121949 557.35447865336664108 242.43887867806770942 2000
17.083425709439730156 700.68543867388245872 326.77097966075973545 2000
2.4263101828859561238 789.54989054673001192 383.16467253100307744 2000
0 935.06743416450854056 564.83166824120530691 2000
# Layered model 59447: value=0.19359
7
2.308623843296830902 484.87775735613541883 176.32679173989856736 2000
7.5287682220122302823 574.24287671104241326 179.87096025387054965 2000
2.8734629054734490694 579.98530547815289538 196.72222021325231367 2000
2.0335188109428532499 686.87916740896230294 249.78501914089181923 2000
14.096300121757087354 729.13607723265113236 257.35375500588003206 2000
2.4905772601242439634 1002.5188527717638181 317.16069348739807765 2000
0 1311.5040636757717039 440.43791049802592852 2000
# Layered model 33928: value=0.194032
7
2.069274305574059003 509.61139605124753871 174.58098192069164156 2000
7.7681177597350021813 557.35447865336664108 179.87096025387054965 2000
2.3774897231846328083 647.07124685298958866 192.84601530560954075 2000
3.7511622313344723523 680.0783835732299849 249.78501914089181923 2000
12.874629883654284512 736.42743800497760276 254.80569802562376935 2000
2.1803668525637824871 935.06743416450854056 323.53562342649479433 2000
0 1324.6191043125295437 444.84228960300612243 2000
# Layered model 54776: value=0.194212
7
3.8348045997270285845 322.44521553649320822 179.87096025387054965 2000
8.0498368033950331579 352.65358347979713471 192.84601530560954075 2000
2.2964571468334806781 405.36620041586814978 240.0384937406610959 2000
11.817182701499536535 509.61139605124753871 278.67723932668332054 2000
1.9941926988589031566 673.34493423092078501 350.34271933694122936 2000
8.7458820828720114093 854.96939340644303229 364.56803861632556618 2000
0 925.80934075693903651 559.23927548634185314 2000
# Layered model 51205: value=0.194431
7
5.2726288383828538997 332.21562801246449226 181.66966985640925714 2000
6.1482779512441236847 378.09237389591123701 190.93664881743518436 2000
2.7601917603285652802 430.30439011400761729 259.92729255593883408 2000
10.802738723028902257 535.60669889535267885 262.52656548149820992 2000
7.1927896976273686391 597.55944021944651467 346.87397954152595503 2000
6.0534536383292234518 898.58142499807229342 357.3846079956137487 2000
0 963.40091248712724337 576.18478477285361805 2000
# Layered model 39104: value=0.194496
7
4.1114295797899194085 303.75797892666912503 183.48636655497335823 2000
5.4366462401006367955 356.18011931459511743 189.04618694795561851 2000
3.4182673358046820056 421.82569367121607229 232.97899714807718397 2000
6.3223775278345932804 509.61139605124753871 244.86326746484840555 2000
10.131650765412619108 640.66460084454411117 310.91137485285565845 2000
7.3179845842435433667 773.9926385126260584 314.0204886013842156 2000
0 1211.1519990219492229 581.94663262058213604 2000
# Layered model 60119: value=0.194744
7
9.1138685139429025384 306.79555871593584015 185.32123022052309125 2000
2.307038275684075046 494.62380027899376955 196.72222021325231367 2000
3.1898932274907672024 562.92802343990035752 240.0384937406610959 2000
4.4869432339018917588 707.69229306062129581 287.12143835552120663 2000
16.445270821821075913 721.91690815113975077 298.77972010972325734 2000
5.8546850712531224303 789.54989054673001192 383.16467253100307744 2000
0 1434.3726795078839586 599.58019753561836751 2000
# Layered model 37846: value=0.194794
7
2.7341134479896553877 300.75047418482091643 183.48636655497335823 2000
6.1715492569349006402 673.34493423092078501 185.32123022052309125 2000
4.1903438823276353276 736.42743800497760276 202.68310020793407489 2000
9.2975993151291262961 889.68457920601224487 257.35375500588003206 2000
9.4644406031749319652 963.40091248712724337 259.92729255593883408 2000
10.794044320302777606 982.76527082811844593 390.86628244887617711 2000
0 1223.2635190121686719 581.94663262058213604 2000
# Layered model 57310: value=0.194986
7
2.2631348331505058979 484.87775735613541883 172.8524573472194561 2000
6.2950319808756631801 603.53503462164098892 181.66966985640925714 2000
3.2974771079866140866 673.34493423092078501 183.48636655497335823 2000
2.4551000078925184766 686.87916740896230294 242.43887867806770942 2000
14.529929973577148772 829.82487001996798881 254.80569802562376935 2000
2.1803668525637824871 872.15427821391256202 281.46401171995017876 2000
0 1477.8356060696526129 431.75954367025371994 2000
# Layered model 52837: value=0.195001
7
5.6529717761691760103 356.18011931459511743 179.87096025387054965 2000
5.3222951648326901619 381.87329763487036871 190.93664881743518436 2000
2.3839693786540934184 443.343043438852078 194.77447545866564838 2000
3.2550931112137533319 480.0769874813221918 262.52656548149820992 2000
18.22834684875062905 736.42743800497760276 301.76751731082049446 2000
9.9850998361355038924 773.9926385126260584 379.37096290198320503 2000
0 1235.4961542022904268 593.64375993625583305 2000
# Layered model 33229: value=0.1952
7
2.9606530811035098871 338.89316213551506962 179.87096025387054965 2000
4.7102348127819375634 349.16196384138328312 183.48636655497335823 2000
5.6883484257705125842 465.95799429615436793 202.68310020793407489 2000
5.9294843638738718994 530.30366227262641132 254.80569802562376935 2000
20.365495062618450106 1096.4401048648992401 310.91137485285565845 2000
10.858844426237503455 1152.3695695457072361 444.84228960300612243 2000
0 1260.3296269017564555 576.18478477285361805 2000
# Layered model 60453: value=0.195244
7
7.5439127494229252235 374.34888504545665455 179.87096025387054965 2000
5.4541445243064723414 409.41986242002684548 200.67633683953869195 2000
7.6996422983412990959 591.64301011826387366 257.35375500588003206 2000
4.0387729754386541003 609.57038496785742154 292.89257926646723718 2000
8.0869046252117584572 673.34493423092078501 320.33230042227205558 2000
8.1644437620252645615 680.0783835732299849 375.61481475443883937 2000
0 1118.4785509726837063 532.096981787312302 2000
# Layered model 39092: value=0.19547
7
4.679190377733570827 342.28209375687021065 181.66966985640925714 2000
7.2054510253884913595 401.35267367907738389 189.04618694795561851 2000
2.2964571468334806781 430.30439011400761729 213.02197530396412617 2000
13.416600879456211715 470.61757423911592468 287.12143835552120663 2000
4.2603470761444945936 743.79171238502738106 304.78519248392871077 2000
4.1564187754808976649 758.74192580396641006 402.70992167335958811 2000
0 1152.3695695457072361 542.79213112123727569 2000
# Layered model 26365: value=0.195801
7
2.1532951401703308569 499.57003828178363847 172.8524573472194561 2000
6.1531772538447864207 585.78515853293447435 181.66966985640925714 2000
3.6677279672177949266 673.34493423092078501 187.17444252272832728 2000
2.3365435686723898812 700.68543867388245872 237.66187499075354594 2000
14.244378746809994496 766.32934506200615488 257.35375500588003206 2000
2.465918079330936763 1043.2251382948970786 278.67723932668332054 2000
0 1463.2035703659926185 431.75954367025371994 2000
# Layered model 49982: value=0.195998
7
3.4715985779295266411 300.75047418482091643 181.66966985640925714 2000
6.0764772419610295628 345.70491469443891219 190.93664881743518436 2000
4.3535990648810773962 430.30439011400761729 221.671521719426039 2000
5.0069817994062226774 540.96276588430623633 267.80334944767633942 2000
4.7275581342223205183 721.91690815113975077 295.82150505913193683 2000
12.738395115447339379 854.96939340644303229 304.78519248392871077 2000
0 1074.8359032103708159 511.33474085623817018 2000
