# 60063 2_reports/tar1_ln4_tr0.report
# Layered model 60060: value=0.152026
4
6.5629247377152140075 370.6424604410461825 179.87096025387054965 2000
7.2347749770144424986 634.3213869747961553 194.77447545866564838 2000
21.624560012665487108 982.76527082811844593 273.1861967715746573 2000
0 1199.160395071236735 506.27202064974062523 2000
# Layered model 59894: value=0.152036
4
6.4979452848665486542 366.97273310994671647 179.87096025387054965 2000
7.2997544298631078519 647.07124685298958866 194.77447545866564838 2000
21.624560012665487108 973.03492161199847033 273.1861967715746573 2000
0 1235.4961542022904268 506.27202064974062523 2000
# Layered model 60038: value=0.152042
4
6.5629247377152140075 370.6424604410461825 179.87096025387054965 2000
7.2347749770144424986 640.66460084454411117 194.77447545866564838 2000
21.624560012665487108 973.03492161199847033 273.1861967715746573 2000
0 1199.160395071236735 506.27202064974062523 2000
# Layered model 59890: value=0.152043
4
6.6948395249432897103 374.34888504545665455 179.87096025387054965 2000
7.1028601897863667958 628.0409772027684312 194.77447545866564838 2000
21.624560012665487108 992.59292353639978046 273.1861967715746573 2000
0 1211.1519990219492229 506.27202064974062523 2000
# Layered model 60039: value=0.152046
4
6.4979452848665486542 366.97273310994671647 179.87096025387054965 2000
7.2997544298631078519 647.07124685298958866 194.77447545866564838 2000
21.624560012665487108 963.40091248712724337 273.1861967715746573 2000
0 1223.2635190121686719 506.27202064974062523 2000
# Layered model 59839: value=0.152049
4
6.628553985092366041 370.6424604410461825 179.87096025387054965 2000
7.1691457296372904651 647.07124685298958866 194.77447545866564838 2000
21.624560012665487108 973.03492161199847033 273.1861967715746573 2000
0 1096.4401048648992401 506.27202064974062523 2000
# Layered model 59858: value=0.15205
4
6.5629247377152140075 370.6424604410461825 179.87096025387054965 2000
7.2347749770144424986 634.3213869747961553 194.77447545866564838 2000
21.624560012665487108 992.59292353639978046 273.1861967715746573 2000
0 1118.4785509726837063 506.27202064974062523 2000
# Layered model 60013: value=0.152052
4
6.4979452848665486542 366.97273310994671647 179.87096025387054965 2000
7.2997544298631078519 647.07124685298958866 194.77447545866564838 2000
21.624560012665487108 973.03492161199847033 273.1861967715746573 2000
0 1163.8932652411642721 506.27202064974062523 2000
# Layered model 59878: value=0.152057
4
6.4979452848665486542 366.97273310994671647 179.87096025387054965 2000
7.2997544298631078519 647.07124685298958866 194.77447545866564838 2000
21.624560012665487108 973.03492161199847033 273.1861967715746573 2000
0 1152.3695695457072361 506.27202064974062523 2000
# Layered model 60018: value=0.152058
4
6.5629247377152140075 370.6424604410461825 179.87096025387054965 2000
7.2347749770144424986 628.0409772027684312 194.77447545866564838 2000
21.624560012665487108 1002.5188527717638181 273.1861967715746573 2000
0 1199.160395071236735 506.27202064974062523 2000
# Layered model 59977: value=0.152059
4
6.4979452848665486542 366.97273310994671647 179.87096025387054965 2000
7.2997544298631078519 640.66460084454411117 194.77447545866564838 2000
21.624560012665487108 982.76527082811844593 273.1861967715746573 2000
0 1272.9329231707740746 506.27202064974062523 2000
# Layered model 59897: value=0.152059
4
6.5629247377152140075 370.6424604410461825 179.87096025387054965 2000
7.2347749770144424986 628.0409772027684312 194.77447545866564838 2000
21.624560012665487108 1002.5188527717638181 273.1861967715746573 2000
0 1175.5321978935758125 506.27202064974062523 2000
# Layered model 60042: value=0.15206
4
6.5629247377152140075 370.6424604410461825 179.87096025387054965 2000
7.2347749770144424986 628.0409772027684312 194.77447545866564838 2000
21.624560012665487108 1002.5188527717638181 273.1861967715746573 2000
0 1163.8932652411642721 506.27202064974062523 2000
# Layered model 59896: value=0.152061
4
6.4979452848665486542 366.97273310994671647 179.87096025387054965 2000
7.2997544298631078519 647.07124685298958866 194.77447545866564838 2000
21.624560012665487108 973.03492161199847033 273.1861967715746573 2000
0 1140.9599698472347882 506.27202064974062523 2000
# Layered model 59934: value=0.152061
4
6.5629247377152140075 370.6424604410461825 179.87096025387054965 2000
7.2347749770144424986 628.0409772027684312 194.77447545866564838 2000
21.624560012665487108 1002.5188527717638181 273.1861967715746573 2000
0 1152.3695695457072361 506.27202064974062523 2000
# Layered model 59723: value=0.152063
4
6.5629247377152140075 370.6424604410461825 179.87096025387054965 2000
7.2347749770144424986 628.0409772027684312 194.77447545866564838 2000
21.624560012665487108 1002.5188527717638181 273.1861967715746573 2000
0 1140.9599698472347882 506.27202064974062523 2000
# Layered model 59870: value=0.152064
4
6.4979452848665486542 366.97273310994671647 179.87096025387054965 2000
7.2997544298631078519 647.07124685298958866 194.77447545866564838 2000
21.624560012665487108 963.40091248712724337 273.1861967715746573 2000
0 1187.2875198725116661 506.27202064974062523 2000
# Layered model 59999: value=0.152066
4
6.628553985092366041 370.6424604410461825 179.87096025387054965 2000
7.1691457296372904651 640.66460084454411117 194.77447545866564838 2000
21.624560012665487108 992.59292353639978046 273.1861967715746573 2000
0 1085.5842622424745514 506.27202064974062523 2000
# Layered model 59818: value=0.152066
4
6.5629247377152140075 370.6424604410461825 179.87096025387054965 2000
7.2347749770144424986 628.0409772027684312 194.77447545866564838 2000
21.624560012665487108 1002.5188527717638181 273.1861967715746573 2000
0 1129.6633364824106138 506.27202064974062523 2000
# Layered model 59926: value=0.152066
4
6.4979452848665486542 366.97273310994671647 179.87096025387054965 2000
7.2997544298631078519 653.5419593215194709 194.77447545866564838 2000
21.624560012665487108 953.86228959121501703 273.1861967715746573 2000
0 1199.160395071236735 506.27202064974062523 2000
# Layered model 60006: value=0.152066
4
6.5629247377152140075 370.6424604410461825 179.87096025387054965 2000
7.2347749770144424986 640.66460084454411117 194.77447545866564838 2000
21.624560012665487108 973.03492161199847033 273.1861967715746573 2000
0 1140.9599698472347882 506.27202064974062523 2000
# Layered model 59973: value=0.152067
4
6.4979452848665486542 366.97273310994671647 179.87096025387054965 2000
7.2997544298631078519 647.07124685298958866 194.77447545866564838 2000
21.624560012665487108 973.03492161199847033 273.1861967715746573 2000
0 1129.6633364824106138 506.27202064974062523 2000
# Layered model 59792: value=0.152069
4
6.5629247377152140075 370.6424604410461825 179.87096025387054965 2000
7.2347749770144424986 628.0409772027684312 194.77447545866564838 2000
21.624560012665487108 1002.5188527717638181 273.1861967715746573 2000
0 1118.4785509726837063 506.27202064974062523 2000
# Layered model 59752: value=0.152073
4
6.5629247377152140075 370.6424604410461825 179.87096025387054965 2000
7.2347749770144424986 628.0409772027684312 194.77447545866564838 2000
21.624560012665487108 1002.5188527717638181 273.1861967715746573 2000
0 1107.4045059135482916 506.27202064974062523 2000
# Layered model 60004: value=0.152073
4
6.4979452848665486542 366.97273310994671647 179.87096025387054965 2000
7.2997544298631078519 640.66460084454411117 194.77447545866564838 2000
21.624560012665487108 982.76527082811844593 273.1861967715746573 2000
0 1175.5321978935758125 506.27202064974062523 2000
# Layered model 59862: value=0.152073
4
6.4979452848665486542 366.97273310994671647 179.87096025387054965 2000
7.2997544298631078519 647.07124685298958866 194.77447545866564838 2000
21.624560012665487108 973.03492161199847033 273.1861967715746573 2000
0 1118.4785509726837063 506.27202064974062523 2000
# Layered model 59644: value=0.152074
4
6.5629247377152140075 370.6424604410461825 179.87096025387054965 2000
7.2347749770144424986 634.3213869747961553 194.77447545866564838 2000
21.624560012665487108 992.59292353639978046 273.1861967715746573 2000
0 1064.193963574624604 506.27202064974062523 2000
# Layered model 59983: value=0.152076
4
6.4979452848665486542 366.97273310994671647 179.87096025387054965 2000
7.2997544298631078519 647.07124685298958866 194.77447545866564838 2000
21.624560012665487108 982.76527082811844593 273.1861967715746573 2000
0 1163.8932652411642721 506.27202064974062523 2000
# Layered model 59908: value=0.152077
4
6.4979452848665486542 366.97273310994671647 179.87096025387054965 2000
7.2997544298631078519 647.07124685298958866 194.77447545866564838 2000
21.624560012665487108 982.76527082811844593 273.1861967715746573 2000
0 1152.3695695457072361 506.27202064974062523 2000
# Layered model 60040: value=0.152077
4
6.4979452848665486542 366.97273310994671647 179.87096025387054965 2000
7.2997544298631078519 647.07124685298958866 194.77447545866564838 2000
21.624560012665487108 982.76527082811844593 273.1861967715746573 2000
0 1175.5321978935758125 506.27202064974062523 2000
# Layered model 59803: value=0.152077
4
6.4979452848665486542 366.97273310994671647 179.87096025387054965 2000
7.2997544298631078519 647.07124685298958866 194.77447545866564838 2000
21.624560012665487108 982.76527082811844593 273.1861967715746573 2000
0 1140.9599698472347882 506.27202064974062523 2000
# Layered model 59722: value=0.152077
4
6.5629247377152140075 370.6424604410461825 179.87096025387054965 2000
7.2347749770144424986 628.0409772027684312 194.77447545866564838 2000
21.624560012665487108 1002.5188527717638181 273.1861967715746573 2000
0 1096.4401048648992401 506.27202064974062523 2000
# Layered model 60034: value=0.152078
4
6.4979452848665486542 366.97273310994671647 179.87096025387054965 2000
7.2997544298631078519 647.07124685298958866 194.77447545866564838 2000
21.624560012665487108 982.76527082811844593 273.1861967715746573 2000
0 1129.6633364824106138 506.27202064974062523 2000
# Layered model 59997: value=0.152078
4
6.4979452848665486542 366.97273310994671647 179.87096025387054965 2000
7.2997544298631078519 647.07124685298958866 194.77447545866564838 2000
21.624560012665487108 982.76527082811844593 273.1861967715746573 2000
0 1199.160395071236735 506.27202064974062523 2000
# Layered model 59508: value=0.15208
4
6.4979452848665486542 366.97273310994671647 179.87096025387054965 2000
7.2997544298631078519 647.07124685298958866 194.77447545866564838 2000
21.624560012665487108 963.40091248712724337 273.1861967715746573 2000
0 1163.8932652411642721 506.27202064974062523 2000
# Layered model 59990: value=0.15208
4
6.4979452848665486542 366.97273310994671647 179.87096025387054965 2000
7.2997544298631078519 647.07124685298958866 194.77447545866564838 2000
21.624560012665487108 982.76527082811844593 273.1861967715746573 2000
0 1118.4785509726837063 506.27202064974062523 2000
# Layered model 59677: value=0.152081
4
6.5629247377152140075 370.6424604410461825 179.87096025387054965 2000
7.2347749770144424986 628.0409772027684312 194.77447545866564838 2000
21.624560012665487108 1012.5440412994812505 273.1861967715746573 2000
0 1107.4045059135482916 506.27202064974062523 2000
# Layered model 59788: value=0.152081
4
6.4979452848665486542 366.97273310994671647 179.87096025387054965 2000
7.2997544298631078519 640.66460084454411117 194.77447545866564838 2000
21.624560012665487108 982.76527082811844593 273.1861967715746573 2000
0 1152.3695695457072361 506.27202064974062523 2000
# Layered model 60046: value=0.152082
4
6.5629247377152140075 370.6424604410461825 179.87096025387054965 2000
7.2347749770144424986 628.0409772027684312 194.77447545866564838 2000
21.624560012665487108 1012.5440412994812505 273.1861967715746573 2000
0 1085.5842622424745514 506.27202064974062523 2000
# Layered model 59844: value=0.152082
4
6.5629247377152140075 370.6424604410461825 179.87096025387054965 2000
7.2347749770144424986 634.3213869747961553 194.77447545866564838 2000
21.624560012665487108 1002.5188527717638181 273.1861967715746573 2000
0 1107.4045059135482916 506.27202064974062523 2000
# Layered model 59719: value=0.152082
4
6.5629247377152140075 370.6424604410461825 179.87096025387054965 2000
7.2347749770144424986 628.0409772027684312 194.77447545866564838 2000
21.624560012665487108 992.59292353639978046 273.1861967715746573 2000
0 1152.3695695457072361 506.27202064974062523 2000
# Layered model 59550: value=0.152082
4
6.4979452848665486542 366.97273310994671647 179.87096025387054965 2000
7.2997544298631078519 647.07124685298958866 194.77447545866564838 2000
21.624560012665487108 982.76527082811844593 273.1861967715746573 2000
0 1107.4045059135482916 506.27202064974062523 2000
# Layered model 59775: value=0.152082
4
6.5629247377152140075 370.6424604410461825 179.87096025387054965 2000
7.2347749770144424986 628.0409772027684312 194.77447545866564838 2000
21.624560012665487108 1002.5188527717638181 273.1861967715746573 2000
0 1085.5842622424745514 506.27202064974062523 2000
# Layered model 60033: value=0.152083
4
6.5629247377152140075 370.6424604410461825 179.87096025387054965 2000
7.2347749770144424986 628.0409772027684312 194.77447545866564838 2000
21.624560012665487108 1012.5440412994812505 273.1861967715746573 2000
0 1074.8359032103708159 506.27202064974062523 2000
# Layered model 59972: value=0.152083
4
6.5629247377152140075 370.6424604410461825 179.87096025387054965 2000
7.2347749770144424986 628.0409772027684312 194.77447545866564838 2000
21.624560012665487108 1012.5440412994812505 273.1861967715746573 2000
0 1129.6633364824106138 506.27202064974062523 2000
# Layered model 59928: value=0.152084
4
6.4979452848665486542 366.97273310994671647 179.87096025387054965 2000
7.2997544298631078519 640.66460084454411117 194.77447545866564838 2000
21.624560012665487108 992.59292353639978046 273.1861967715746573 2000
0 1163.8932652411642721 506.27202064974062523 2000
# Layered model 59883: value=0.152084
4
6.5629247377152140075 370.6424604410461825 179.87096025387054965 2000
7.2347749770144424986 634.3213869747961553 194.77447545866564838 2000
21.624560012665487108 1002.5188527717638181 273.1861967715746573 2000
0 1129.6633364824106138 506.27202064974062523 2000
# Layered model 59747: value=0.152084
4
6.4979452848665486542 366.97273310994671647 179.87096025387054965 2000
7.2997544298631078519 640.66460084454411117 194.77447545866564838 2000
21.624560012665487108 992.59292353639978046 273.1861967715746573 2000
0 1152.3695695457072361 506.27202064974062523 2000
# Layered model 59978: value=0.152084
4
6.4979452848665486542 366.97273310994671647 179.87096025387054965 2000
7.2997544298631078519 640.66460084454411117 194.77447545866564838 2000
21.624560012665487108 992.59292353639978046 273.1861967715746573 2000
0 1175.5321978935758125 506.27202064974062523 2000
# Layered model 59962: value=0.152085
4
6.5629247377152140075 370.6424604410461825 179.87096025387054965 2000
7.2347749770144424986 628.0409772027684312 194.77447545866564838 2000
21.624560012665487108 1012.5440412994812505 273.1861967715746573 2000
0 1064.193963574624604 506.27202064974062523 2000
# Layered model 59464: value=0.152085
4
6.4979452848665486542 366.97273310994671647 179.87096025387054965 2000
7.2997544298631078519 647.07124685298958866 194.77447545866564838 2000
21.624560012665487108 982.76527082811844593 273.1861967715746573 2000
0 1096.4401048648992401 506.27202064974062523 2000
# Layered model 59745: value=0.152085
4
6.4979452848665486542 366.97273310994671647 179.87096025387054965 2000
7.2997544298631078519 640.66460084454411117 194.77447545866564838 2000
21.624560012665487108 992.59292353639978046 273.1861967715746573 2000
0 1140.9599698472347882 506.27202064974062523 2000
# Layered model 60045: value=0.152085
4
6.4979452848665486542 366.97273310994671647 179.87096025387054965 2000
7.2997544298631078519 640.66460084454411117 194.77447545866564838 2000
21.624560012665487108 992.59292353639978046 273.1861967715746573 2000
0 1187.2875198725116661 506.27202064974062523 2000
# Layered model 59936: value=0.152086
4
6.4979452848665486542 366.97273310994671647 179.87096025387054965 2000
7.2997544298631078519 647.07124685298958866 194.77447545866564838 2000
21.624560012665487108 982.76527082811844593 273.1861967715746573 2000
0 1247.851115744313347 506.27202064974062523 2000
# Layered model 59802: value=0.152086
4
6.4979452848665486542 366.97273310994671647 179.87096025387054965 2000
7.2997544298631078519 640.66460084454411117 194.77447545866564838 2000
21.624560012665487108 982.76527082811844593 273.1861967715746573 2000
0 1140.9599698472347882 506.27202064974062523 2000
# Layered model 59733: value=0.152086
4
6.4979452848665486542 366.97273310994671647 179.87096025387054965 2000
7.2997544298631078519 640.66460084454411117 194.77447545866564838 2000
21.624560012665487108 992.59292353639978046 273.1861967715746573 2000
0 1129.6633364824106138 506.27202064974062523 2000
# Layered model 60047: value=0.152086
4
6.5629247377152140075 370.6424604410461825 179.87096025387054965 2000
7.2347749770144424986 634.3213869747961553 194.77447545866564838 2000
21.624560012665487108 1002.5188527717638181 273.1861967715746573 2000
0 1140.9599698472347882 506.27202064974062523 2000
# Layered model 60011: value=0.152086
4
6.5629247377152140075 370.6424604410461825 179.87096025387054965 2000
7.2347749770144424986 628.0409772027684312 194.77447545866564838 2000
21.624560012665487108 1012.5440412994812505 273.1861967715746573 2000
0 1152.3695695457072361 506.27202064974062523 2000
# Layered model 59562: value=0.152087
4
6.5629247377152140075 370.6424604410461825 179.87096025387054965 2000
7.2347749770144424986 628.0409772027684312 194.77447545866564838 2000
21.624560012665487108 1012.5440412994812505 273.1861967715746573 2000
0 1053.6573896778461403 506.27202064974062523 2000
# Layered model 59960: value=0.152087
4
6.4979452848665486542 366.97273310994671647 179.87096025387054965 2000
7.2997544298631078519 640.66460084454411117 194.77447545866564838 2000
21.624560012665487108 992.59292353639978046 273.1861967715746573 2000
0 1211.1519990219492229 506.27202064974062523 2000
# Layered model 59613: value=0.152088
4
6.4979452848665486542 366.97273310994671647 179.87096025387054965 2000
7.2997544298631078519 640.66460084454411117 194.77447545866564838 2000
21.624560012665487108 992.59292353639978046 273.1861967715746573 2000
0 1118.4785509726837063 506.27202064974062523 2000
# Layered model 59800: value=0.152088
4
6.4979452848665486542 366.97273310994671647 179.87096025387054965 2000
7.2997544298631078519 647.07124685298958866 194.77447545866564838 2000
21.624560012665487108 973.03492161199847033 273.1861967715746573 2000
0 1096.4401048648992401 506.27202064974062523 2000
# Layered model 59380: value=0.152088
4
6.5629247377152140075 370.6424604410461825 179.87096025387054965 2000
7.2347749770144424986 628.0409772027684312 194.77447545866564838 2000
21.624560012665487108 1002.5188527717638181 273.1861967715746573 2000
0 1074.8359032103708159 506.27202064974062523 2000
# Layered model 59504: value=0.152089
4
6.4979452848665486542 366.97273310994671647 179.87096025387054965 2000
7.2997544298631078519 647.07124685298958866 194.77447545866564838 2000
21.624560012665487108 982.76527082811844593 273.1861967715746573 2000
0 1085.5842622424745514 506.27202064974062523 2000
# Layered model 60023: value=0.152089
4
6.4979452848665486542 366.97273310994671647 179.87096025387054965 2000
7.2997544298631078519 640.66460084454411117 194.77447545866564838 2000
21.624560012665487108 992.59292353639978046 273.1861967715746573 2000
0 1223.2635190121686719 506.27202064974062523 2000
# Layered model 59674: value=0.15209
4
6.4979452848665486542 366.97273310994671647 179.87096025387054965 2000
7.2997544298631078519 640.66460084454411117 194.77447545866564838 2000
21.624560012665487108 992.59292353639978046 273.1861967715746573 2000
0 1107.4045059135482916 506.27202064974062523 2000
# Layered model 59946: value=0.152091
4
6.5629247377152140075 370.6424604410461825 179.87096025387054965 2000
7.2347749770144424986 634.3213869747961553 194.77447545866564838 2000
21.624560012665487108 982.76527082811844593 273.1861967715746573 2000
0 1085.5842622424745514 506.27202064974062523 2000
# Layered model 59949: value=0.152091
4
6.5629247377152140075 370.6424604410461825 179.87096025387054965 2000
7.2347749770144424986 628.0409772027684312 194.77447545866564838 2000
21.624560012665487108 982.76527082811844593 273.1861967715746573 2000
0 1247.851115744313347 506.27202064974062523 2000
# Layered model 59764: value=0.152092
4
6.4979452848665486542 366.97273310994671647 179.87096025387054965 2000
7.2997544298631078519 640.66460084454411117 194.77447545866564838 2000
21.624560012665487108 982.76527082811844593 273.1861967715746573 2000
0 1129.6633364824106138 506.27202064974062523 2000
# Layered model 59621: value=0.152093
4
6.4979452848665486542 366.97273310994671647 179.87096025387054965 2000
7.2997544298631078519 647.07124685298958866 194.77447545866564838 2000
21.624560012665487108 982.76527082811844593 273.1861967715746573 2000
0 1074.8359032103708159 506.27202064974062523 2000
# Layered model 59549: value=0.152093
4
6.4979452848665486542 366.97273310994671647 179.87096025387054965 2000
7.2997544298631078519 640.66460084454411117 194.77447545866564838 2000
21.624560012665487108 992.59292353639978046 273.1861967715746573 2000
0 1096.4401048648992401 506.27202064974062523 2000
# Layered model 60014: value=0.152093
4
6.4979452848665486542 366.97273310994671647 179.87096025387054965 2000
7.2997544298631078519 640.66460084454411117 194.77447545866564838 2000
21.624560012665487108 992.59292353639978046 273.1861967715746573 2000
0 1247.851115744313347 506.27202064974062523 2000
# Layered model 60009: value=0.152095
4
6.5629247377152140075 370.6424604410461825 179.87096025387054965 2000
7.2347749770144424986 628.0409772027684312 194.77447545866564838 2000
21.624560012665487108 1012.5440412994812505 273.1861967715746573 2000
0 1032.8961765296010071 506.27202064974062523 2000
# Layered model 59901: value=0.152095
4
6.5629247377152140075 370.6424604410461825 179.87096025387054965 2000
7.2347749770144424986 628.0409772027684312 194.77447545866564838 2000
21.624560012665487108 1002.5188527717638181 273.1861967715746573 2000
0 1064.193963574624604 506.27202064974062523 2000
# Layered model 60049: value=0.152096
4
6.5629247377152140075 370.6424604410461825 179.87096025387054965 2000
7.2347749770144424986 634.3213869747961553 194.77447545866564838 2000
21.624560012665487108 973.03492161199847033 273.1861967715746573 2000
0 1152.3695695457072361 506.27202064974062523 2000
# Layered model 59993: value=0.152097
4
6.4979452848665486542 366.97273310994671647 179.87096025387054965 2000
7.2997544298631078519 647.07124685298958866 194.77447545866564838 2000
21.624560012665487108 973.03492161199847033 273.1861967715746573 2000
0 1085.5842622424745514 506.27202064974062523 2000
# Layered model 59625: value=0.152097
4
6.4979452848665486542 366.97273310994671647 179.87096025387054965 2000
7.2997544298631078519 640.66460084454411117 194.77447545866564838 2000
21.624560012665487108 992.59292353639978046 273.1861967715746573 2000
0 1085.5842622424745514 506.27202064974062523 2000
# Layered model 59829: value=0.152097
4
6.4979452848665486542 366.97273310994671647 179.87096025387054965 2000
7.2997544298631078519 653.5419593215194709 194.77447545866564838 2000
21.624560012665487108 963.40091248712724337 273.1861967715746573 2000
0 1118.4785509726837063 506.27202064974062523 2000
# Layered model 59688: value=0.152098
4
6.4979452848665486542 366.97273310994671647 179.87096025387054965 2000
7.2997544298631078519 640.66460084454411117 194.77447545866564838 2000
21.624560012665487108 982.76527082811844593 273.1861967715746573 2000
0 1118.4785509726837063 506.27202064974062523 2000
# Layered model 59815: value=0.152098
4
6.5629247377152140075 370.6424604410461825 179.87096025387054965 2000
7.2347749770144424986 634.3213869747961553 194.77447545866564838 2000
21.624560012665487108 1002.5188527717638181 273.1861967715746573 2000
0 1022.6694817124763404 506.27202064974062523 2000
# Layered model 59893: value=0.152098
4
6.5629247377152140075 370.6424604410461825 179.87096025387054965 2000
7.2347749770144424986 634.3213869747961553 194.77447545866564838 2000
21.624560012665487108 1002.5188527717638181 273.1861967715746573 2000
0 1187.2875198725116661 506.27202064974062523 2000
# Layered model 59619: value=0.152098
4
6.5629247377152140075 370.6424604410461825 179.87096025387054965 2000
7.2347749770144424986 628.0409772027684312 194.77447545866564838 2000
21.624560012665487108 1012.5440412994812505 273.1861967715746573 2000
0 1199.160395071236735 506.27202064974062523 2000
# Layered model 59657: value=0.152098
4
6.4979452848665486542 366.97273310994671647 179.87096025387054965 2000
7.2997544298631078519 647.07124685298958866 194.77447545866564838 2000
21.624560012665487108 982.76527082811844593 273.1861967715746573 2000
0 1064.193963574624604 506.27202064974062523 2000
# Layered model 59920: value=0.1521
4
6.5629247377152140075 370.6424604410461825 179.87096025387054965 2000
7.2347749770144424986 628.0409772027684312 194.77447545866564838 2000
21.624560012665487108 1012.5440412994812505 273.1861967715746573 2000
0 1022.6694817124763404 506.27202064974062523 2000
# Layered model 59492: value=0.152101
4
6.4979452848665486542 366.97273310994671647 179.87096025387054965 2000
7.2997544298631078519 640.66460084454411117 194.77447545866564838 2000
21.624560012665487108 992.59292353639978046 273.1861967715746573 2000
0 1074.8359032103708159 506.27202064974062523 2000
# Layered model 59886: value=0.152102
4
6.5629247377152140075 370.6424604410461825 179.87096025387054965 2000
7.2347749770144424986 628.0409772027684312 194.77447545866564838 2000
21.624560012665487108 992.59292353639978046 273.1861967715746573 2000
0 1118.4785509726837063 506.27202064974062523 2000
# Layered model 59851: value=0.152103
4
6.5629247377152140075 370.6424604410461825 179.87096025387054965 2000
7.2347749770144424986 628.0409772027684312 194.77447545866564838 2000
21.624560012665487108 1002.5188527717638181 273.1861967715746573 2000
0 1053.6573896778461403 506.27202064974062523 2000
# Layered model 59392: value=0.152103
4
6.628553985092366041 370.6424604410461825 179.87096025387054965 2000
7.1691457296372904651 640.66460084454411117 194.77447545866564838 2000
21.624560012665487108 973.03492161199847033 273.1861967715746573 2000
0 1129.6633364824106138 506.27202064974062523 2000
# Layered model 60030: value=0.152104
4
6.5629247377152140075 370.6424604410461825 179.87096025387054965 2000
7.2347749770144424986 634.3213869747961553 194.77447545866564838 2000
21.624560012665487108 1002.5188527717638181 273.1861967715746573 2000
0 1012.5440412994812505 506.27202064974062523 2000
# Layered model 59524: value=0.152104
4
6.4979452848665486542 366.97273310994671647 179.87096025387054965 2000
7.2997544298631078519 647.07124685298958866 194.77447545866564838 2000
21.624560012665487108 982.76527082811844593 273.1861967715746573 2000
0 1053.6573896778461403 506.27202064974062523 2000
# Layered model 59841: value=0.152105
4
6.4979452848665486542 366.97273310994671647 179.87096025387054965 2000
7.2997544298631078519 640.66460084454411117 194.77447545866564838 2000
21.624560012665487108 982.76527082811844593 273.1861967715746573 2000
0 1107.4045059135482916 506.27202064974062523 2000
# Layered model 59925: value=0.152106
4
6.4979452848665486542 366.97273310994671647 179.87096025387054965 2000
7.2997544298631078519 647.07124685298958866 194.77447545866564838 2000
21.624560012665487108 973.03492161199847033 273.1861967715746573 2000
0 1074.8359032103708159 506.27202064974062523 2000
# Layered model 59298: value=0.152106
4
6.4979452848665486542 366.97273310994671647 179.87096025387054965 2000
7.2997544298631078519 640.66460084454411117 194.77447545866564838 2000
21.624560012665487108 992.59292353639978046 273.1861967715746573 2000
0 1064.193963574624604 506.27202064974062523 2000
# Layered model 59982: value=0.152107
4
6.628553985092366041 370.6424604410461825 179.87096025387054965 2000
7.1691457296372904651 640.66460084454411117 194.77447545866564838 2000
21.624560012665487108 1002.5188527717638181 273.1861967715746573 2000
0 1012.5440412994812505 506.27202064974062523 2000
# Layered model 60029: value=0.152108
4
6.4979452848665486542 366.97273310994671647 179.87096025387054965 2000
7.2997544298631078519 647.07124685298958866 194.77447545866564838 2000
21.624560012665487108 963.40091248712724337 273.1861967715746573 2000
0 1129.6633364824106138 506.27202064974062523 2000
# Layered model 59938: value=0.15211
4
6.5629247377152140075 370.6424604410461825 179.87096025387054965 2000
7.2347749770144424986 634.3213869747961553 194.77447545866564838 2000
21.624560012665487108 992.59292353639978046 273.1861967715746573 2000
0 1022.6694817124763404 506.27202064974062523 2000
# Layered model 59778: value=0.152111
4
6.5629247377152140075 370.6424604410461825 179.87096025387054965 2000
7.2347749770144424986 628.0409772027684312 194.77447545866564838 2000
21.624560012665487108 992.59292353639978046 273.1861967715746573 2000
0 1107.4045059135482916 506.27202064974062523 2000
# Layered model 59561: value=0.152111
4
6.4979452848665486542 366.97273310994671647 179.87096025387054965 2000
7.2997544298631078519 647.07124685298958866 194.77447545866564838 2000
21.624560012665487108 982.76527082811844593 273.1861967715746573 2000
0 1043.2251382948970786 506.27202064974062523 2000
# Layered model 59965: value=0.152111
4
6.5629247377152140075 370.6424604410461825 179.87096025387054965 2000
7.2347749770144424986 628.0409772027684312 194.77447545866564838 2000
21.624560012665487108 1002.5188527717638181 273.1861967715746573 2000
0 1043.2251382948970786 506.27202064974062523 2000
# Layered model 59833: value=0.152112
4
6.4979452848665486542 366.97273310994671647 179.87096025387054965 2000
7.2997544298631078519 640.66460084454411117 194.77447545866564838 2000
21.624560012665487108 973.03492161199847033 273.1861967715746573 2000
0 1175.5321978935758125 506.27202064974062523 2000
