# 60553 2_reports/tar1_ln5_tr2.report
# Layered model 58040: value=0.157656
5
7.1067070607673281657 316.09177094058742341 183.48636655497335823 2000
5.3841704957485250205 335.53778429258915139 196.72222021325231367 2000
8.6228457769534667676 551.83611747858083163 289.99265273907644769 2000
13.928031851824240306 1064.193963574624604 298.77972010972325734 2000
0 1392.1879911869286843 521.6125691474485393 2000
# Layered model 55872: value=0.158162
5
6.4979452848665486542 312.96214944612614772 183.48636655497335823 2000
7.0278852363859316554 389.54895091733129675 200.67633683953869195 2000
10.986546801176562127 574.24287671104241326 289.99265273907644769 2000
11.233717142088917029 1129.6633364824106138 301.76751731082049446 2000
0 1434.3726795078839586 521.6125691474485393 2000
# Layered model 59104: value=0.158788
5
6.9666768559624827617 322.44521553649320822 183.48636655497335823 2000
5.6491094761185287609 328.92636436877671713 194.77447545866564838 2000
8.7090742347230012399 530.30366227262641132 292.89257926646723718 2000
13.716894618489547497 1140.9599698472347882 301.76751731082049446 2000
0 1351.2439483092114187 516.44808826480050357 2000
# Layered model 60147: value=0.159224
5
6.9666768559624827617 312.96214944612614772 183.48636655497335823 2000
5.9026867813933563411 356.18011931459511743 200.67633683953869195 2000
8.244359696113480851 499.57003828178363847 289.99265273907644769 2000
13.581083780682721596 1211.1519990219492229 298.77972010972325734 2000
0 1235.4961542022904268 516.44808826480050357 2000
# Layered model 57404: value=0.159502
5
6.8976998573885968113 316.09177094058742341 183.48636655497335823 2000
5.4695056441122478219 319.25268864999327434 194.77447545866564838 2000
9.8235299170062866381 519.85458511187766817 298.77972010972325734 2000
12.504071695644910278 1199.160395071236735 301.76751731082049446 2000
0 1337.86529535565478 526.82869483892307017 2000
# Layered model 56540: value=0.159683
5
7.1067070607673281657 319.25268864999327434 183.48636655497335823 2000
5.2604984407335164676 338.89316213551506962 194.77447545866564838 2000
10.045437271191357098 519.85458511187766817 289.99265273907644769 2000
11.938651399735562109 1199.160395071236735 295.82150505913193683 2000
0 1324.6191043125295437 516.44808826480050357 2000
# Layered model 59045: value=0.160212
5
6.7617879201927229005 322.44521553649320822 183.48636655497335823 2000
5.8539984118882886222 328.92636436877671713 194.77447545866564838 2000
8.7090742347230012399 525.05313096299641984 292.89257926646723718 2000
13.369946547348028787 1152.3695695457072361 298.77972010972325734 2000
0 1351.2439483092114187 526.82869483892307017 2000
# Layered model 59370: value=0.16079
5
6.9666768559624827617 322.44521553649320822 183.48636655497335823 2000
6.4252345512181907594 356.18011931459511743 198.68944241538483197 2000
9.4712254852426429608 525.05313096299641984 295.82150505913193683 2000
11.831670221728725068 1187.2875198725116661 298.77972010972325734 2000
0 1337.86529535565478 521.6125691474485393 2000
# Layered model 58869: value=0.161159
5
6.628553985092366041 316.09177094058742341 183.48636655497335823 2000
6.2408096522634730619 325.66966769185813746 196.72222021325231367 2000
10.222404623991710793 557.35447865336664108 298.77972010972325734 2000
11.603038852804491654 1260.3296269017564555 307.83304440876798935 2000
0 1378.4039516702264336 516.44808826480050357 2000
# Layered model 52575: value=0.1613
5
7.4692205439830940961 316.09177094058742341 183.48636655497335823 2000
5.0216570125327590901 328.92636436877671713 198.68944241538483197 2000
9.6998578619912780852 519.85458511187766817 292.89257926646723718 2000
12.504071695644910278 1235.4961542022904268 304.78519248392871077 2000
0 1311.5040636757717039 521.6125691474485393 2000
# Layered model 58520: value=0.161377
5
5.6529717761691760103 306.79555871593584015 183.48636655497335823 2000
6.5917861461088875785 352.65358347979713471 192.84601530560954075 2000
11.546714009156579195 489.7265349296968111 287.12143835552120663 2000
13.037764941452678613 1152.3695695457072361 317.16069348739807765 2000
0 1420.1709698097861292 559.23927548634185314 2000
# Layered model 57979: value=0.161486
5
7.5439127494229252235 319.25268864999327434 183.48636655497335823 2000
5.0718735826580862991 356.18011931459511743 200.67633683953869195 2000
4.178951522367647442 530.30366227262641132 275.91805873929041582 2000
16.87970011479725585 1140.9599698472347882 287.12143835552120663 2000
0 1448.7164063029629233 486.51746080599923516 2000
# Layered model 57694: value=0.161488
5
8.0880955518671093785 322.44521553649320822 183.48636655497335823 2000
4.9099617218622881865 366.97273310994671647 200.67633683953869195 2000
10.324628670231629002 519.85458511187766817 292.89257926646723718 2000
11.719069241332533693 1152.3695695457072361 295.82150505913193683 2000
0 1337.86529535565478 532.096981787312302 2000
# Layered model 55488: value=0.16151
5
7.6193518769171548755 325.66966769185813746 183.48636655497335823 2000
4.8715256795986983107 332.21562801246449226 194.77447545866564838 2000
8.6228457769534667676 519.85458511187766817 292.89257926646723718 2000
13.928031851824240306 1175.5321978935758125 295.82150505913193683 2000
0 1324.6191043125295437 521.6125691474485393 2000
# Layered model 59864: value=0.161536
5
6.3699100920170073081 316.09177094058742341 183.48636655497335823 2000
5.9972954094838373251 319.25268864999327434 192.84601530560954075 2000
10.269563698918279471 509.61139605124753871 298.77972010972325734 2000
12.058037913732917445 1129.6633364824106138 301.76751731082049446 2000
0 1337.86529535565478 537.41795160518540797 2000
# Layered model 60379: value=0.161657
5
6.9666768559624827617 322.44521553649320822 183.48636655497335823 2000
5.5242007005533704245 328.92636436877671713 196.72222021325231367 2000
8.2068220155548434747 540.96276588430623633 287.12143835552120663 2000
14.694473165075798704 1152.3695695457072361 301.76751731082049446 2000
0 1364.7563877923034852 516.44808826480050357 2000
# Layered model 57574: value=0.16178
5
7.5439127494229252235 322.44521553649320822 183.48636655497335823 2000
4.9469648070929279626 325.66966769185813746 196.72222021325231367 2000
9.0472316159562016225 509.61139605124753871 289.99265273907644769 2000
13.503646012821505451 1129.6633364824106138 307.83304440876798935 2000
0 1337.86529535565478 516.44808826480050357 2000
# Layered model 59411: value=0.161854
5
8.8458309891409427905 316.09177094058742341 183.48636655497335823 2000
6.2445099857800911991 366.97273310994671647 223.88823693662030223 2000
10.164785892754931496 766.32934506200615488 304.78519248392871077 2000
10.13704586947052988 944.41810850615354411 307.83304440876798935 2000
0 1022.6694817124763404 521.6125691474485393 2000
# Layered model 59483: value=0.16188
5
7.5439127494229252235 322.44521553649320822 183.48636655497335823 2000
5.0718735826580862991 332.21562801246449226 196.72222021325231367 2000
9.137703932115762484 484.87775735613541883 292.89257926646723718 2000
12.257692084741602656 1175.5321978935758125 301.76751731082049446 2000
0 1364.7563877923034852 521.6125691474485393 2000
# Layered model 58224: value=0.161911
5
6.3068416752643639001 309.86351430309520083 183.48636655497335823 2000
5.8166810200604519565 319.25268864999327434 194.77447545866564838 2000
10.739614197098500625 509.61139605124753871 292.89257926646723718 2000
11.488157280004447358 1211.1519990219492229 304.78519248392871077 2000
0 1311.5040636757717039 537.41795160518540797 2000
# Layered model 59757: value=0.16194
5
7.4692205439830940961 322.44521553649320822 183.48636655497335823 2000
5.5288367297463034689 332.21562801246449226 200.67633683953869195 2000
10.793414657705245219 525.05313096299641984 292.89257926646723718 2000
9.5495557608880474731 1074.8359032103708159 298.77972010972325734 2000
0 1420.1709698097861292 521.6125691474485393 2000
# Layered model 59900: value=0.162114
5
7.1067070607673281657 316.09177094058742341 183.48636655497335823 2000
5.6352371346344929393 338.89316213551506962 198.68944241538483197 2000
8.1627323723895841567 509.61139605124753871 289.99265273907644769 2000
13.790130546360636288 1211.1519990219492229 298.77972010972325734 2000
0 1434.3726795078839586 526.82869483892307017 2000
# Layered model 57078: value=0.16214
5
7.0363436245221073762 319.25268864999327434 183.48636655497335823 2000
5.45453393199374581 338.89316213551506962 196.72222021325231367 2000
12.02149976591318925 530.30366227262641132 289.99265273907644769 2000
9.1620606468168723779 1235.4961542022904268 292.89257926646723718 2000
0 1298.518874926506669 516.44808826480050357 2000
# Layered model 56425: value=0.162643
5
6.4979452848665486542 316.09177094058742341 183.48636655497335823 2000
5.8692602166342959791 322.44521553649320822 192.84601530560954075 2000
5.284232772319604976 484.87775735613541883 292.89257926646723718 2000
17.39031691147311065 1022.6694817124763404 301.76751731082049446 2000
0 1392.1879911869286843 516.44808826480050357 2000
# Layered model 56085: value=0.162694
5
6.9666768559624827617 312.96214944612614772 183.48636655497335823 2000
6.2926413689688764919 332.21562801246449226 202.68310020793407489 2000
8.2787909475406955551 514.70751001176006412 295.82150505913193683 2000
13.156697941679986741 1211.1519990219492229 317.16069348739807765 2000
0 1378.4039516702264336 511.33474085623817018 2000
# Layered model 51372: value=0.162868
5
7.5439127494229252235 322.44521553649320822 183.48636655497335823 2000
5.4541445243064723414 345.70491469443891219 198.68944241538483197 2000
9.6387119266897265391 509.61139605124753871 295.82150505913193683 2000
12.058037913732917445 1118.4785509726837063 301.76751731082049446 2000
0 1324.6191043125295437 516.44808826480050357 2000
# Layered model 54961: value=0.163231
5
6.8294057993946504226 319.25268864999327434 183.48636655497335823 2000
5.5377997021061942107 322.44521553649320822 196.72222021325231367 2000
10.724562759846705262 509.61139605124753871 289.99265273907644769 2000
11.259525911080213945 1272.9329231707740746 304.78519248392871077 2000
0 1311.5040636757717039 526.82869483892307017 2000
# Layered model 59976: value=0.163258
5
6.5629247377152140075 322.44521553649320822 183.48636655497335823 2000
6.1790194576866070975 359.7419205077410993 194.77447545866564838 2000
8.7961649770702337037 535.60669889535267885 284.27865183714970954 2000
13.156697941679986741 1187.2875198725116661 292.89257926646723718 2000
0 1351.2439483092114187 506.27202064974062523 2000
# Layered model 49133: value=0.163275
5
7.1067070607673281657 319.25268864999327434 183.48636655497335823 2000
5.2604984407335164676 325.66966769185813746 194.77447545866564838 2000
9.3862847626959293734 525.05313096299641984 295.82150505913193683 2000
12.941316849955267543 1163.8932652411642721 298.77972010972325734 2000
0 1337.86529535565478 516.44808826480050357 2000
# Layered model 55527: value=0.163302
5
5.7095014939308681434 316.09177094058742341 183.48636655497335823 2000
6.4140212013939477131 322.44521553649320822 192.84601530560954075 2000
10.968245566022734039 557.35447865336664108 287.12143835552120663 2000
11.949986923946010364 1311.5040636757717039 304.78519248392871077 2000
0 1351.2439483092114187 511.33474085623817018 2000
# Layered model 58532: value=0.163374
5
7.4692205439830940961 319.25268864999327434 183.48636655497335823 2000
5.0216570125327590901 328.92636436877671713 200.67633683953869195 2000
3.4887392443422307053 525.05313096299641984 275.91805873929041582 2000
17.694821168387832699 1223.2635190121686719 292.89257926646723718 2000
0 1448.7164063029629233 476.93114479560750851 2000
# Layered model 52225: value=0.163407
5
7.1777741313750018648 322.44521553649320822 183.48636655497335823 2000
5.1894313701258427685 335.53778429258915139 194.77447545866564838 2000
4.5954797314923006013 480.0769874813221918 287.12143835552120663 2000
16.378342459329545022 1043.2251382948970786 289.99265273907644769 2000
0 1434.3726795078839586 491.38263541405922297 2000
# Layered model 57802: value=0.163532
5
7.4692205439830940961 319.25268864999327434 183.48636655497335823 2000
4.8979849575177505372 345.70491469443891219 198.68944241538483197 2000
9.8235299170062866381 504.56573866460144018 281.46401171995017876 2000
13.201437318639364094 1129.6633364824106138 307.83304440876798935 2000
0 1351.2439483092114187 521.6125691474485393 2000
# Layered model 59570: value=0.163715
5
7.2495518726887517857 325.66966769185813746 183.48636655497335823 2000
5.8784859737779395772 352.65358347979713471 198.68944241538483197 2000
7.9856854870026285909 504.56573866460144018 292.89257926646723718 2000
13.237570838958443886 1235.4961542022904268 295.82150505913193683 2000
0 1285.6622524024817267 511.33474085623817018 2000
# Layered model 55224: value=0.163881
5
9.9677037708810569683 434.60743401514764628 179.87096025387054965 2000
3.6933850555839491392 438.95350835529916367 210.91284683560803614 2000
8.7515539462271956239 480.0769874813221918 270.48138294215311817 2000
11.261795196553713083 530.30366227262641132 278.67723932668332054 2000
0 1285.6622524024817267 587.76609894678790624 2000
# Layered model 52854: value=0.164074
5
6.8976998573885968113 319.25268864999327434 183.48636655497335823 2000
5.9716637799672422915 322.44521553649320822 196.72222021325231367 2000
8.6687455351162157058 530.30366227262641132 295.82150505913193683 2000
13.156697941679986741 1223.2635190121686719 307.83304440876798935 2000
0 1337.86529535565478 516.44808826480050357 2000
# Layered model 59578: value=0.164078
5
6.6948395249432897103 316.09177094058742341 183.48636655497335823 2000
5.7960380315725634759 338.89316213551506962 194.77447545866564838 2000
9.9217652161763485452 530.30366227262641132 289.99265273907644769 2000
12.629112412601358528 1074.8359032103708159 298.77972010972325734 2000
0 1351.2439483092114187 526.82869483892307017 2000
# Layered model 51546: value=0.16426
5
5.7665965088701769403 356.18011931459511743 179.87096025387054965 2000
6.9753476865316441646 381.87329763487036871 190.93664881743518436 2000
13.02081072231443315 609.57038496785742154 275.91805873929041582 2000
11.066481955171067142 1074.8359032103708159 304.78519248392871077 2000
0 1337.86529535565478 548.22005243244962003 2000
# Layered model 56678: value=0.164398
5
7.1067070607673281657 316.09177094058742341 183.48636655497335823 2000
5.3841704957485250205 328.92636436877671713 198.68944241538483197 2000
9.2626127076809208205 525.05313096299641984 292.89257926646723718 2000
12.941316849955267543 1175.5321978935758125 301.76751731082049446 2000
0 1364.7563877923034852 516.44808826480050357 2000
# Layered model 58626: value=0.164428
5
7.1777741313750018648 319.25268864999327434 183.48636655497335823 2000
5.4380122007060096578 356.18011931459511743 196.72222021325231367 2000
9.3552388347577313255 519.85458511187766817 289.99265273907644769 2000
12.723781947313298701 1187.2875198725116661 292.89257926646723718 2000
0 1337.86529535565478 511.33474085623817018 2000
# Layered model 56184: value=0.164436
5
7.1777741313750018648 316.09177094058742341 183.48636655497335823 2000
5.1894313701258427685 325.66966769185813746 196.72222021325231367 2000
8.5374710662905606284 499.57003828178363847 292.89257926646723718 2000
13.790130546360636288 1096.4401048648992401 301.76751731082049446 2000
0 1351.2439483092114187 521.6125691474485393 2000
# Layered model 54416: value=0.164439
5
6.1213583945510716688 319.25268864999327434 183.48636655497335823 2000
6.2458471069497729644 332.21562801246449226 190.93664881743518436 2000
10.724562759846705262 514.70751001176006412 292.89257926646723718 2000
12.65432620317040957 1129.6633364824106138 310.91137485285565845 2000
0 1434.3726795078839586 532.096981787312302 2000
# Layered model 56159: value=0.164656
5
7.6955453956863264509 322.44521553649320822 183.48636655497335823 2000
4.6716601058145181824 325.66966769185813746 194.77447545866564838 2000
9.1709036709712101754 489.7265349296968111 292.89257926646723718 2000
12.813184999955709031 1199.160395071236735 301.76751731082049446 2000
0 1364.7563877923034852 516.44808826480050357 2000
# Layered model 59744: value=0.164687
5
7.1067070607673281657 319.25268864999327434 183.48636655497335823 2000
5.3841704957485250205 328.92636436877671713 194.77447545866564838 2000
9.9217652161763485452 514.70751001176006412 295.82150505913193683 2000
11.938651399735562109 1260.3296269017564555 298.77972010972325734 2000
0 1337.86529535565478 511.33474085623817018 2000
# Layered model 52273: value=0.164855
5
7.6193518769171548755 413.51406104422710541 179.87096025387054965 2000
5.3787053968122426895 447.77647387324060446 190.93664881743518436 2000
9.6387119266897265391 525.05313096299641984 270.48138294215311817 2000
10.374149306831064621 540.96276588430623633 273.1861967715746573 2000
0 1235.4961542022904268 553.70225295677414579 2000
# Layered model 52484: value=0.16491
5
9.6745550774783826142 417.64920165466935487 179.87096025387054965 2000
4.1231446372512738918 456.77678099809264722 208.82460082733467743 2000
7.5271608520743562565 461.34454880807362542 273.1861967715746573 2000
13.026433605623751077 597.55944021944651467 281.46401171995017876 2000
0 1364.7563877923034852 576.18478477285361805 2000
# Layered model 59203: value=0.164917
5
7.3220473914156389839 316.09177094058742341 183.48636655497335823 2000
4.6814404257376445173 332.21562801246449226 196.72222021325231367 2000
4.6249655040830131014 465.95799429615436793 278.67723932668332054 2000
16.712574371086393654 1285.6622524024817267 289.99265273907644769 2000
0 1378.4039516702264336 481.70045624356362168 2000
# Layered model 60390: value=0.164991
5
6.9666768559624827617 316.09177094058742341 183.48636655497335823 2000
6.8310228587671737444 378.09237389591123701 202.68310020793407489 2000
9.2940685466178933893 484.87775735613541883 295.82150505913193683 2000
11.949986923946010364 1199.160395071236735 304.78519248392871077 2000
0 1378.4039516702264336 537.41795160518540797 2000
# Layered model 60120: value=0.165013
5
7.1777741313750018648 322.44521553649320822 183.48636655497335823 2000
5.5641700640268192402 332.21562801246449226 198.68944241538483197 2000
8.5829163714021916576 525.05313096299641984 292.89257926646723718 2000
13.026433605623751077 1118.4785509726837063 298.77972010972325734 2000
0 1324.6191043125295437 511.33474085623817018 2000
# Layered model 54048: value=0.165266
5
9.3900278437838853307 434.60743401514764628 179.87096025387054965 2000
5.2565084353433153552 475.32374998150709189 206.75703052211355271 2000
8.9093765242734370702 609.57038496785742154 281.46401171995017876 2000
14.013591730631716814 721.91690815113975077 289.99265273907644769 2000
0 1247.851115744313347 564.83166824120530691 2000
# Layered model 59435: value=0.165331
5
6.1213583945510716688 356.18011931459511743 179.87096025387054965 2000
7.5397304319139344386 381.87329763487036871 196.72222021325231367 2000
14.515256810817851019 634.3213869747961553 284.27865183714970954 2000
7.927209771880285416 1022.6694817124763404 298.77972010972325734 2000
0 1351.2439483092114187 537.41795160518540797 2000
# Layered model 60239: value=0.165441
5
7.6193518769171548755 328.92636436877671713 183.48636655497335823 2000
5.2500117604386842274 352.65358347979713471 198.68944241538483197 2000
7.6234082161795022614 514.70751001176006412 284.27865183714970954 2000
14.202035260616700185 1199.160395071236735 292.89257926646723718 2000
0 1298.518874926506669 516.44808826480050357 2000
# Layered model 57238: value=0.165597
5
8.7582485040999440429 322.44521553649320822 183.48636655497335823 2000
6.7893448927021733397 378.09237389591123701 221.671521719426039 2000
8.2438785346325254011 813.47404178018632592 304.78519248392871077 2000
12.312083477728499759 872.15427821391256202 310.91137485285565845 2000
0 1043.2251382948970786 516.44808826480050357 2000
# Layered model 52924: value=0.165598
5
9.4839281222217248768 434.60743401514764628 179.87096025387054965 2000
5.6064128526993091128 475.32374998150709189 213.02197530396412617 2000
13.086004662361823137 509.61139605124753871 278.67723932668332054 2000
5.8348367116555195366 525.05313096299641984 284.27865183714970954 2000
0 1285.6622524024817267 581.94663262058213604 2000
# Layered model 58643: value=0.165629
5
7.0363436245221073762 319.25268864999327434 183.48636655497335823 2000
5.8330200128337317267 328.92636436877671713 198.68944241538483197 2000
8.6687455351162157058 514.70751001176006412 292.89257926646723718 2000
12.473073176466321854 1152.3695695457072361 298.77972010972325734 2000
0 1378.4039516702264336 521.6125691474485393 2000
# Layered model 47900: value=0.165653
5
10.168054616675766155 434.60743401514764628 179.87096025387054965 2000
3.4930342097892399522 456.77678099809264722 217.30371700757382314 2000
10.608591690791472573 480.0769874813221918 265.15183113631320566 2000
9.7415018316818979827 647.07124685298958866 287.12143835552120663 2000
0 1298.518874926506669 553.70225295677414579 2000
# Layered model 46485: value=0.165703
5
8.5856764082932510718 319.25268864999327434 183.48636655497335823 2000
6.6555679763769930446 385.69203061121908149 219.47675417764958183 2000
7.3955248157488799876 821.60878219798814825 304.78519248392871077 2000
13.827821762835647235 973.03492161199847033 307.83304440876798935 2000
0 992.59292353639978046 516.44808826480050357 2000
# Layered model 54979: value=0.165707
5
6.6948395249432897103 309.86351430309520083 183.48636655497335823 2000
5.9209468071377218124 325.66966769185813746 198.68944241538483197 2000
7.0773646231371394322 525.05313096299641984 295.82150505913193683 2000
15.348604230075409305 1272.9329231707740746 307.83304440876798935 2000
0 1364.7563877923034852 511.33474085623817018 2000
# Layered model 58853: value=0.165765
5
7.8502258581396215931 325.66966769185813746 183.48636655497335823 2000
5.4090923667917376605 335.53778429258915139 202.68310020793407489 2000
9.1533245477608424778 509.61139605124753871 298.77972010972325734 2000
11.938651399735562109 1235.4961542022904268 301.76751731082049446 2000
0 1324.6191043125295437 526.82869483892307017 2000
# Layered model 59139: value=0.165783
5
7.7725008496431895466 319.25268864999327434 183.48636655497335823 2000
4.7183767068726636396 332.21562801246449226 196.72222021325231367 2000
8.6228457769534667676 504.56573866460144018 292.89257926646723718 2000
13.581083780682721596 1187.2875198725116661 301.76751731082049446 2000
0 1351.2439483092114187 521.6125691474485393 2000
# Layered model 57262: value=0.165796
5
7.3220473914156389839 316.09177094058742341 183.48636655497335823 2000
5.2937389406653725388 342.28209375687021065 198.68944241538483197 2000
8.2888902357103937391 514.70751001176006412 289.99265273907644769 2000
13.790130546360636288 1175.5321978935758125 295.82150505913193683 2000
0 1285.6622524024817267 516.44808826480050357 2000
# Layered model 59708: value=0.165824
5
7.928728116721018182 328.92636436877671713 183.48636655497335823 2000
4.8132160786808029229 332.21562801246449226 196.72222021325231367 2000
6.3720341033847951451 509.61139605124753871 292.89257926646723718 2000
15.92777688650694401 1235.4961542022904268 295.82150505913193683 2000
0 1337.86529535565478 521.6125691474485393 2000
# Layered model 28931: value=0.165932
5
7.6193518769171548755 325.66966769185813746 183.48636655497335823 2000
4.6254060453609087133 335.53778429258915139 196.72222021325231367 2000
3.5766448508487513891 504.56573866460144018 278.67723932668332054 2000
17.853035196119101613 1152.3695695457072361 287.12143835552120663 2000
0 1448.7164063029629233 486.51746080599923516 2000
# Layered model 60013: value=0.166014
5
8.8458309891409427905 352.65358347979713471 181.66966985640925714 2000
6.857238341629196654 359.7419205077410993 217.30371700757382314 2000
3.6020487510043448509 880.87582099605185704 301.76751731082049446 2000
17.892411159841710599 963.40091248712724337 304.78519248392871077 2000
0 1032.8961765296010071 537.41795160518540797 2000
# Layered model 59907: value=0.166016
5
7.6955453956863264509 322.44521553649320822 183.48636655497335823 2000
4.7953321608295267353 325.66966769185813746 196.72222021325231367 2000
8.6228457769534667676 557.35447865336664108 287.12143835552120663 2000
13.237570838958443886 1140.9599698472347882 298.77972010972325734 2000
0 1285.6622524024817267 511.33474085623817018 2000
# Layered model 43004: value=0.166044
5
9.4839281222217248768 417.64920165466935487 179.87096025387054965 2000
4.8740135297018127858 438.95350835529916367 210.91284683560803614 2000
7.180167520548517146 568.55730367429941907 270.48138294215311817 2000
16.031395361560299762 700.68543867388245872 298.77972010972325734 2000
0 1223.2635190121686719 553.70225295677414579 2000
# Layered model 59931: value=0.166046
5
7.0363436245221073762 309.86351430309520083 183.48636655497335823 2000
5.2084142977559562127 325.66966769185813746 198.68944241538483197 2000
9.7262672445606792593 509.61139605124753871 292.89257926646723718 2000
12.380269005589020992 1211.1519990219492229 301.76751731082049446 2000
0 1378.4039516702264336 526.82869483892307017 2000
# Layered model 60007: value=0.166046
5
7.3220473914156389839 316.09177094058742341 183.48636655497335823 2000
5.1688301651002142023 328.92636436877671713 198.68944241538483197 2000
8.6228457769534667676 535.60669889535267885 292.89257926646723718 2000
13.581083780682721596 1337.86529535565478 301.76751731082049446 2000
0 1406.1098710987980667 511.33474085623817018 2000
# Layered model 45671: value=0.166075
5
7.5439127494229252235 319.25268864999327434 183.48636655497335823 2000
5.1980314459788958814 335.53778429258915139 200.67633683953869195 2000
6.9512067598163298499 530.30366227262641132 284.27865183714970954 2000
16.410404453944991587 1298.518874926506669 310.91137485285565845 2000
0 1324.6191043125295437 501.25942638588190903 2000
# Layered model 54412: value=0.166124
5
7.8502258581396215931 322.44521553649320822 183.48636655497335823 2000
6.5077157937839160695 673.34493423092078501 206.75703052211355271 2000
4.7560366468630785874 707.69229306062129581 270.48138294215311817 2000
15.92777688650694401 907.56723924805316983 284.27865183714970954 2000
0 1211.1519990219492229 486.51746080599923516 2000
# Layered model 60549: value=0.166125
5
7.5439127494229252235 328.92636436877671713 183.48636655497335823 2000
4.9469648070929279626 345.70491469443891219 194.77447545866564838 2000
8.4137990112755520755 509.61139605124753871 289.99265273907644769 2000
14.137078617502154998 1199.160395071236735 292.89257926646723718 2000
0 1298.518874926506669 521.6125691474485393 2000
# Layered model 58783: value=0.166175
5
10.476156839615658356 430.30439011400761729 179.87096025387054965 2000
2.9157545675650151651 443.343043438852078 219.47675417764958183 2000
10.877769110075805159 475.32374998150709189 265.15183113631320566 2000
10.77207466803708158 621.82274970571131689 295.82150505913193683 2000
0 1298.518874926506669 581.94663262058213604 2000
# Layered model 55691: value=0.166196
5
9.869013634535699353 438.95350835529916367 179.87096025387054965 2000
4.6325074339070742013 447.77647387324060446 215.15219505700380864 2000
13.674824568840083572 489.7265349296968111 270.48138294215311817 2000
6.1749485351449067139 585.78515853293447435 317.16069348739807765 2000
0 1175.5321978935758125 576.18478477285361805 2000
# Layered model 55558: value=0.166223
5
7.3220473914156389839 319.25268864999327434 183.48636655497335823 2000
5.2937389406653725388 322.44521553649320822 196.72222021325231367 2000
8.4979370013883084312 525.05313096299641984 295.82150505913193683 2000
13.237570838958443886 1175.5321978935758125 298.77972010972325734 2000
0 1351.2439483092114187 511.33474085623817018 2000
# Layered model 53675: value=0.166252
5
10.372432514470949272 443.343043438852078 179.87096025387054965 2000
3.0194788927097242492 452.25423861197299402 219.47675417764958183 2000
9.0207313655115282103 480.0769874813221918 259.92729255593883408 2000
11.938651399735562109 621.82274970571131689 287.12143835552120663 2000
0 1223.2635190121686719 553.70225295677414579 2000
# Layered model 55043: value=0.166308
5
6.3068416752643639001 312.96214944612614772 183.48636655497335823 2000
5.6966461418889196011 316.09177094058742341 192.84601530560954075 2000
12.508889505275758935 504.56573866460144018 289.99265273907644769 2000
9.4988050265093342261 1260.3296269017564555 323.53562342649479433 2000
0 1351.2439483092114187 526.82869483892307017 2000
# Layered model 60374: value=0.166491
5
7.4692205439830940961 328.92636436877671713 183.48636655497335823 2000
5.4001430933727450068 345.70491469443891219 196.72222021325231367 2000
7.0207188274144947115 475.32374998150709189 289.99265273907644769 2000
14.461211707657430026 1175.5321978935758125 298.77972010972325734 2000
0 1364.7563877923034852 506.27202064974062523 2000
# Layered model 52690: value=0.16656
5
9.4839281222217248768 397.37888483076966395 179.87096025387054965 2000
4.3137715925079316293 417.64920165466935487 213.02197530396412617 2000
9.7582130886709812501 562.92802343990035752 267.80334944767633942 2000
12.547642605762504786 680.0783835732299849 304.78519248392871077 2000
0 1152.3695695457072361 537.41795160518540797 2000
# Layered model 60416: value=0.166693
5
7.3952678653297958533 319.25268864999327434 183.48636655497335823 2000
5.2205184667512156693 345.70491469443891219 196.72222021325231367 2000
7.8769855214543298416 484.87775735613541883 292.89257926646723718 2000
14.548983331758218895 1175.5321978935758125 301.76751731082049446 2000
0 1392.1879911869286843 521.6125691474485393 2000
# Layered model 56901: value=0.166708
5
10.476156839615658356 434.60743401514764628 179.87096025387054965 2000
3.7396269741700223221 443.343043438852078 223.88823693662030223 2000
13.131899666365129065 504.56573866460144018 270.48138294215311817 2000
8.0444892569956856221 647.07124685298958866 307.83304440876798935 2000
0 1129.6633364824106138 570.47998492361739409 2000
# Layered model 54401: value=0.166714
5
10.372432514470949272 417.64920165466935487 179.87096025387054965 2000
3.0194788927097242492 421.82569367121607229 221.671521719426039 2000
9.2448577932384505829 489.7265349296968111 262.52656548149820992 2000
11.714524972008639736 647.07124685298958866 289.99265273907644769 2000
0 1211.1519990219492229 553.70225295677414579 2000
# Layered model 52348: value=0.166718
5
10.580918408011815046 426.04395060792825234 179.87096025387054965 2000
3.4941150709839075006 456.77678099809264722 228.38839049904632361 2000
9.0167347823518273486 470.61757423911592468 262.52656548149820992 2000
13.372822701907221443 653.5419593215194709 301.76751731082049446 2000
0 1260.3296269017564555 587.76609894678790624 2000
# Layered model 54766: value=0.166787
5
9.9677037708810569683 421.82569367121607229 179.87096025387054965 2000
3.1603340755856343947 430.30439011400761729 213.02197530396412617 2000
11.141642670789787317 519.85458511187766817 262.52656548149820992 2000
11.833874891906663862 615.66608881753597871 307.83304440876798935 2000
0 1235.4961542022904268 570.47998492361739409 2000
# Layered model 58837: value=0.1668
5
7.3952678653297958533 319.25268864999327434 183.48636655497335823 2000
4.7282548299950200033 335.53778429258915139 194.77447545866564838 2000
3.8560941055332680349 499.57003828178363847 278.67723932668332054 2000
17.361410891464608142 1211.1519990219492229 287.12143835552120663 2000
0 1448.7164063029629233 481.70045624356362168 2000
# Layered model 54355: value=0.166853
5
10.580918408011815046 434.60743401514764628 179.87096025387054965 2000
4.0656178711153856398 519.85458511187766817 223.88823693662030223 2000
16.7889206730906686 546.37239354314931461 273.1861967715746573 2000
3.259350161934172263 579.98530547815289538 289.99265273907644769 2000
0 1235.4961542022904268 581.94663262058213604 2000
# Layered model 51472: value=0.166864
5
10.067380808589867058 426.04395060792825234 179.87096025387054965 2000
4.1484030051958136198 452.25423861197299402 219.47675417764958183 2000
12.327608340692293609 484.87775735613541883 270.48138294215311817 2000
8.4983630308155859723 603.53503462164098892 301.76751731082049446 2000
0 1187.2875198725116661 581.94663262058213604 2000
# Layered model 59238: value=0.166947
5
7.3220473914156389839 328.92636436877671713 183.48636655497335823 2000
5.4198968039861821211 335.53778429258915139 194.77447545866564838 2000
9.0115460687949529017 480.0769874813221918 292.89257926646723718 2000
12.257692084741602656 1140.9599698472347882 301.76751731082049446 2000
0 1351.2439483092114187 511.33474085623817018 2000
# Layered model 45468: value=0.167063
5
10.686727592091934014 434.60743401514764628 179.87096025387054965 2000
3.388305886903788533 447.77647387324060446 228.38839049904632361 2000
9.9543531717532669489 489.7265349296968111 262.52656548149820992 2000
11.362786086397505869 634.3213869747961553 301.76751731082049446 2000
0 1285.6622524024817267 564.83166824120530691 2000
# Layered model 60111: value=0.167084
5
10.26973516284252419 438.95350835529916367 179.87096025387054965 2000
3.1221762443381493313 470.61757423911592468 213.02197530396412617 2000
7.7218119262886464327 475.32374998150709189 259.92729255593883408 2000
13.928031851824240306 551.83611747858083163 289.99265273907644769 2000
0 1163.8932652411642721 587.76609894678790624 2000
# Layered model 60523: value=0.167155
5
6.6948395249432897103 322.44521553649320822 183.48636655497335823 2000
6.4331983215234016527 335.53778429258915139 198.68944241538483197 2000
8.4100713260053634457 530.30366227262641132 292.89257926646723718 2000
13.854063564674440556 1199.160395071236735 310.91137485285565845 2000
0 1477.8356060696526129 511.33474085623817018 2000
# Layered model 56830: value=0.167172
5
10.26973516284252419 426.04395060792825234 179.87096025387054965 2000
3.5279645518871323162 438.95350835529916367 219.47675417764958183 2000
10.471980802526822174 494.62380027899376955 267.80334944767633942 2000
9.4047574519894361345 585.78515853293447435 284.27865183714970954 2000
0 1272.9329231707740746 548.22005243244962003 2000
# Layered model 50849: value=0.16721
5
9.5787674034439422854 426.04395060792825234 179.87096025387054965 2000
5.3621642548937149542 430.30439011400761729 215.15219505700380864 2000
9.3287488589188214405 456.77678099809264722 270.48138294215311817 2000
12.194910445998292658 647.07124685298958866 317.16069348739807765 2000
0 1199.160395071236735 599.58019753561836751 2000
# Layered model 60174: value=0.167385
5
7.3952678653297958533 319.25268864999327434 183.48636655497335823 2000
5.6027894083996017116 366.97273310994671647 198.68944241538483197 2000
7.6996422983412990959 574.24287671104241326 289.99265273907644769 2000
13.997107542081344889 1187.2875198725116661 292.89257926646723718 2000
0 1337.86529535565478 506.27202064974062523 2000
# Layered model 58831: value=0.167454
5
10.686727592091934014 461.34454880807362542 179.87096025387054965 2000
2.5725906328394252398 480.0769874813221918 219.47675417764958183 2000
8.2787909475406955551 509.61139605124753871 257.35375500588003206 2000
13.854063564674440556 530.30366227262641132 289.99265273907644769 2000
0 1235.4961542022904268 599.58019753561836751 2000
# Layered model 58576: value=0.167467
5
7.3952678653297958533 325.66966769185813746 183.48636655497335823 2000
5.7327699811368955096 370.6424604410461825 196.72222021325231367 2000
9.508731353952432741 480.0769874813221918 289.99265273907644769 2000
12.058037913732917445 1053.6573896778461403 301.76751731082049446 2000
0 1324.6191043125295437 516.44808826480050357 2000
# Layered model 49503: value=0.167676
5
6.7617879201927229005 322.44521553649320822 183.48636655497335823 2000
6.1075757171631162024 325.66966769185813746 196.72222021325231367 2000
8.8841266268409349038 551.83611747858083163 295.82150505913193683 2000
13.288264921096786253 1129.6633364824106138 307.83304440876798935 2000
0 1463.2035703659926185 501.25942638588190903 2000
# Layered model 60216: value=0.167867
5
7.0363436245221073762 319.25268864999327434 183.48636655497335823 2000
5.45453393199374581 325.66966769185813746 196.72222021325231367 2000
7.3992049082544806282 509.61139605124753871 292.89257926646723718 2000
14.461211707657430026 1140.9599698472347882 301.76751731082049446 2000
0 1324.6191043125295437 511.33474085623817018 2000
# Layered model 59443: value=0.168054
5
6.4336091929371770348 312.96214944612614772 183.48636655497335823 2000
5.9335963085636675984 319.25268864999327434 194.77447545866564838 2000
10.045437271191357098 535.60669889535267885 292.89257926646723718 2000
10.271434957258477993 1096.4401048648992401 295.82150505913193683 2000
0 1324.6191043125295437 506.27202064974062523 2000
# Layered model 52108: value=0.168097
5
10.793594868012853283 443.343043438852078 179.87096025387054965 2000
2.7322356532396270268 456.77678099809264722 226.12711930598649701 2000
10.74384999600399837 480.0769874813221918 262.52656548149820992 2000
11.476413947261480786 660.07737891473470881 298.77972010972325734 2000
0 1285.6622524024817267 581.94663262058213604 2000
# Layered model 59385: value=0.168141
5
7.3952678653297958533 322.44521553649320822 183.48636655497335823 2000
5.0956096911860573329 325.66966769185813746 196.72222021325231367 2000
8.8339830102881595764 530.30366227262641132 295.82150505913193683 2000
13.369946547348028787 1064.193963574624604 298.77972010972325734 2000
0 1337.86529535565478 516.44808826480050357 2000
