# 60258 2_reports/tar1_ln4_tr2.report
# Layered model 44289: value=0.155166
4
3.7220235637226681824 316.09177094058742341 181.66966985640925714 2000
8.16261783939939356 319.25268864999327434 189.04618694795561851 2000
22.155453952069912305 805.41984334671917622 287.12143835552120663 2000
0 1364.7563877923034852 506.27202064974062523 2000
# Layered model 44488: value=0.155166
4
3.7220235637226681824 316.09177094058742341 181.66966985640925714 2000
8.16261783939939356 319.25268864999327434 189.04618694795561851 2000
22.155453952069912305 805.41984334671917622 287.12143835552120663 2000
0 1378.4039516702264336 506.27202064974062523 2000
# Layered model 44480: value=0.155167
4
3.7220235637226681824 316.09177094058742341 181.66966985640925714 2000
8.16261783939939356 319.25268864999327434 189.04618694795561851 2000
22.155453952069912305 805.41984334671917622 287.12143835552120663 2000
0 1351.2439483092114187 506.27202064974062523 2000
# Layered model 44432: value=0.155168
4
3.7220235637226681824 316.09177094058742341 181.66966985640925714 2000
8.16261783939939356 319.25268864999327434 189.04618694795561851 2000
22.155453952069912305 805.41984334671917622 287.12143835552120663 2000
0 1392.1879911869286843 506.27202064974062523 2000
# Layered model 44322: value=0.155169
4
3.7220235637226681824 316.09177094058742341 181.66966985640925714 2000
8.16261783939939356 319.25268864999327434 189.04618694795561851 2000
22.155453952069912305 805.41984334671917622 287.12143835552120663 2000
0 1337.86529535565478 506.27202064974062523 2000
# Layered model 44417: value=0.155169
4
3.7220235637226681824 316.09177094058742341 181.66966985640925714 2000
8.16261783939939356 319.25268864999327434 189.04618694795561851 2000
22.155453952069912305 805.41984334671917622 287.12143835552120663 2000
0 1406.1098710987980667 506.27202064974062523 2000
# Layered model 44174: value=0.155171
4
3.7220235637226681824 316.09177094058742341 181.66966985640925714 2000
8.16261783939939356 319.25268864999327434 189.04618694795561851 2000
22.155453952069912305 805.41984334671917622 287.12143835552120663 2000
0 1324.6191043125295437 506.27202064974062523 2000
# Layered model 44545: value=0.155172
4
3.7220235637226681824 316.09177094058742341 181.66966985640925714 2000
8.16261783939939356 319.25268864999327434 189.04618694795561851 2000
22.155453952069912305 805.41984334671917622 287.12143835552120663 2000
0 1420.1709698097861292 506.27202064974062523 2000
# Layered model 44268: value=0.155175
4
3.7220235637226681824 316.09177094058742341 181.66966985640925714 2000
8.16261783939939356 319.25268864999327434 189.04618694795561851 2000
22.155453952069912305 805.41984334671917622 287.12143835552120663 2000
0 1311.5040636757717039 506.27202064974062523 2000
# Layered model 44547: value=0.155178
4
3.7592437993598948331 316.09177094058742341 181.66966985640925714 2000
8.1253976037621669093 319.25268864999327434 189.04618694795561851 2000
22.155453952069912305 805.41984334671917622 287.12143835552120663 2000
0 1364.7563877923034852 506.27202064974062523 2000
# Layered model 44267: value=0.155178
4
3.7592437993598948331 316.09177094058742341 181.66966985640925714 2000
8.1253976037621669093 319.25268864999327434 189.04618694795561851 2000
22.155453952069912305 805.41984334671917622 287.12143835552120663 2000
0 1378.4039516702264336 506.27202064974062523 2000
# Layered model 44471: value=0.155179
4
3.7220235637226681824 316.09177094058742341 181.66966985640925714 2000
8.16261783939939356 319.25268864999327434 189.04618694795561851 2000
22.155453952069912305 805.41984334671917622 287.12143835552120663 2000
0 1448.7164063029629233 506.27202064974062523 2000
# Layered model 44409: value=0.155179
4
3.7592437993598948331 316.09177094058742341 181.66966985640925714 2000
8.1253976037621669093 319.25268864999327434 189.04618694795561851 2000
22.155453952069912305 805.41984334671917622 287.12143835552120663 2000
0 1351.2439483092114187 506.27202064974062523 2000
# Layered model 44425: value=0.155179
4
3.7592437993598948331 316.09177094058742341 181.66966985640925714 2000
8.1253976037621669093 319.25268864999327434 189.04618694795561851 2000
22.155453952069912305 805.41984334671917622 287.12143835552120663 2000
0 1392.1879911869286843 506.27202064974062523 2000
# Layered model 44208: value=0.15518
4
3.7220235637226681824 316.09177094058742341 181.66966985640925714 2000
8.16261783939939356 319.25268864999327434 189.04618694795561851 2000
22.155453952069912305 805.41984334671917622 287.12143835552120663 2000
0 1298.518874926506669 506.27202064974062523 2000
# Layered model 44299: value=0.15518
4
3.7592437993598948331 316.09177094058742341 181.66966985640925714 2000
8.1253976037621669093 319.25268864999327434 189.04618694795561851 2000
22.155453952069912305 805.41984334671917622 287.12143835552120663 2000
0 1337.86529535565478 506.27202064974062523 2000
# Layered model 44440: value=0.155181
4
3.7592437993598948331 316.09177094058742341 181.66966985640925714 2000
8.1253976037621669093 319.25268864999327434 189.04618694795561851 2000
22.155453952069912305 805.41984334671917622 287.12143835552120663 2000
0 1406.1098710987980667 506.27202064974062523 2000
# Layered model 44485: value=0.155183
4
3.7220235637226681824 316.09177094058742341 181.66966985640925714 2000
8.16261783939939356 319.25268864999327434 189.04618694795561851 2000
22.155453952069912305 805.41984334671917622 287.12143835552120663 2000
0 1463.2035703659926185 506.27202064974062523 2000
# Layered model 44337: value=0.155183
4
3.7592437993598948331 316.09177094058742341 181.66966985640925714 2000
8.1253976037621669093 319.25268864999327434 189.04618694795561851 2000
22.155453952069912305 805.41984334671917622 287.12143835552120663 2000
0 1324.6191043125295437 506.27202064974062523 2000
# Layered model 44487: value=0.155183
4
3.7592437993598948331 316.09177094058742341 181.66966985640925714 2000
8.1253976037621669093 319.25268864999327434 189.04618694795561851 2000
22.155453952069912305 805.41984334671917622 287.12143835552120663 2000
0 1420.1709698097861292 506.27202064974062523 2000
# Layered model 44320: value=0.155186
4
3.7220235637226681824 316.09177094058742341 181.66966985640925714 2000
8.16261783939939356 319.25268864999327434 189.04618694795561851 2000
22.155453952069912305 805.41984334671917622 287.12143835552120663 2000
0 1285.6622524024817267 506.27202064974062523 2000
# Layered model 44503: value=0.155187
4
3.7592437993598948331 316.09177094058742341 181.66966985640925714 2000
8.1253976037621669093 319.25268864999327434 189.04618694795561851 2000
22.155453952069912305 805.41984334671917622 287.12143835552120663 2000
0 1434.3726795078839586 506.27202064974062523 2000
# Layered model 44033: value=0.155187
4
3.7592437993598948331 316.09177094058742341 181.66966985640925714 2000
8.1253976037621669093 319.25268864999327434 189.04618694795561851 2000
22.155453952069912305 805.41984334671917622 287.12143835552120663 2000
0 1311.5040636757717039 506.27202064974062523 2000
# Layered model 44479: value=0.155188
4
3.7220235637226681824 316.09177094058742341 181.66966985640925714 2000
8.16261783939939356 319.25268864999327434 189.04618694795561851 2000
22.155453952069912305 805.41984334671917622 287.12143835552120663 2000
0 1477.8356060696526129 506.27202064974062523 2000
# Layered model 44527: value=0.15519
4
3.7592437993598948331 316.09177094058742341 181.66966985640925714 2000
8.1253976037621669093 319.25268864999327434 189.04618694795561851 2000
22.155453952069912305 805.41984334671917622 287.12143835552120663 2000
0 1448.7164063029629233 506.27202064974062523 2000
# Layered model 44349: value=0.155192
4
3.7592437993598948331 316.09177094058742341 181.66966985640925714 2000
8.1253976037621669093 319.25268864999327434 189.04618694795561851 2000
22.155453952069912305 805.41984334671917622 287.12143835552120663 2000
0 1298.518874926506669 506.27202064974062523 2000
# Layered model 44163: value=0.155193
4
3.7220235637226681824 316.09177094058742341 181.66966985640925714 2000
8.16261783939939356 319.25268864999327434 189.04618694795561851 2000
22.155453952069912305 805.41984334671917622 287.12143835552120663 2000
0 1492.6139621303491367 506.27202064974062523 2000
# Layered model 44312: value=0.155193
4
3.7220235637226681824 316.09177094058742341 181.66966985640925714 2000
8.16261783939939356 319.25268864999327434 189.04618694795561851 2000
22.155453952069912305 805.41984334671917622 287.12143835552120663 2000
0 1272.9329231707740746 506.27202064974062523 2000
# Layered model 44465: value=0.155194
4
3.7592437993598948331 316.09177094058742341 181.66966985640925714 2000
8.1253976037621669093 319.25268864999327434 189.04618694795561851 2000
22.155453952069912305 805.41984334671917622 287.12143835552120663 2000
0 1463.2035703659926185 506.27202064974062523 2000
# Layered model 44283: value=0.155198
4
3.7592437993598948331 316.09177094058742341 181.66966985640925714 2000
8.1253976037621669093 319.25268864999327434 189.04618694795561851 2000
22.155453952069912305 805.41984334671917622 287.12143835552120663 2000
0 1285.6622524024817267 506.27202064974062523 2000
# Layered model 44399: value=0.155199
4
3.7220235637226681824 316.09177094058742341 181.66966985640925714 2000
8.16261783939939356 319.25268864999327434 189.04618694795561851 2000
22.155453952069912305 797.44538945219721882 287.12143835552120663 2000
0 1492.6139621303491367 506.27202064974062523 2000
# Layered model 44560: value=0.155199
4
3.7592437993598948331 316.09177094058742341 181.66966985640925714 2000
8.1253976037621669093 319.25268864999327434 189.04618694795561851 2000
22.155453952069912305 805.41984334671917622 287.12143835552120663 2000
0 1477.8356060696526129 506.27202064974062523 2000
# Layered model 44281: value=0.155202
4
3.7220235637226681824 316.09177094058742341 181.66966985640925714 2000
8.16261783939939356 319.25268864999327434 189.04618694795561851 2000
22.155453952069912305 805.41984334671917622 287.12143835552120663 2000
0 1260.3296269017564555 506.27202064974062523 2000
# Layered model 44649: value=0.155203
4
3.6851718452699686601 316.09177094058742341 181.66966985640925714 2000
8.1994695578520939705 319.25268864999327434 189.04618694795561851 2000
22.155453952069912305 805.41984334671917622 287.12143835552120663 2000
0 1364.7563877923034852 506.27202064974062523 2000
# Layered model 44459: value=0.155203
4
3.6851718452699686601 316.09177094058742341 181.66966985640925714 2000
8.1994695578520939705 319.25268864999327434 189.04618694795561851 2000
22.155453952069912305 805.41984334671917622 287.12143835552120663 2000
0 1378.4039516702264336 506.27202064974062523 2000
# Layered model 44473: value=0.155204
4
3.6851718452699686601 316.09177094058742341 181.66966985640925714 2000
8.1994695578520939705 319.25268864999327434 189.04618694795561851 2000
22.155453952069912305 805.41984334671917622 287.12143835552120663 2000
0 1351.2439483092114187 506.27202064974062523 2000
# Layered model 44566: value=0.155204
4
3.6851718452699686601 316.09177094058742341 181.66966985640925714 2000
8.1994695578520939705 319.25268864999327434 189.04618694795561851 2000
22.155453952069912305 805.41984334671917622 287.12143835552120663 2000
0 1392.1879911869286843 506.27202064974062523 2000
# Layered model 44604: value=0.155204
4
3.7592437993598948331 316.09177094058742341 181.66966985640925714 2000
8.1253976037621669093 319.25268864999327434 189.04618694795561851 2000
22.155453952069912305 805.41984334671917622 287.12143835552120663 2000
0 1492.6139621303491367 506.27202064974062523 2000
# Layered model 44187: value=0.155205
4
3.7592437993598948331 316.09177094058742341 181.66966985640925714 2000
8.1253976037621669093 319.25268864999327434 189.04618694795561851 2000
22.155453952069912305 805.41984334671917622 287.12143835552120663 2000
0 1272.9329231707740746 506.27202064974062523 2000
# Layered model 44340: value=0.155205
4
3.6851718452699686601 316.09177094058742341 181.66966985640925714 2000
8.1994695578520939705 319.25268864999327434 189.04618694795561851 2000
22.155453952069912305 805.41984334671917622 287.12143835552120663 2000
0 1337.86529535565478 506.27202064974062523 2000
# Layered model 44558: value=0.155206
4
3.6851718452699686601 316.09177094058742341 181.66966985640925714 2000
8.1994695578520939705 319.25268864999327434 189.04618694795561851 2000
22.155453952069912305 805.41984334671917622 287.12143835552120663 2000
0 1406.1098710987980667 506.27202064974062523 2000
# Layered model 44366: value=0.155207
4
3.7220235637226681824 316.09177094058742341 181.66966985640925714 2000
8.16261783939939356 319.25268864999327434 189.04618694795561851 2000
22.155453952069912305 797.44538945219721882 287.12143835552120663 2000
0 1477.8356060696526129 506.27202064974062523 2000
# Layered model 44478: value=0.155208
4
3.6851718452699686601 316.09177094058742341 181.66966985640925714 2000
8.1994695578520939705 319.25268864999327434 189.04618694795561851 2000
22.155453952069912305 805.41984334671917622 287.12143835552120663 2000
0 1324.6191043125295437 506.27202064974062523 2000
# Layered model 44592: value=0.155209
4
3.6851718452699686601 316.09177094058742341 181.66966985640925714 2000
8.1994695578520939705 319.25268864999327434 189.04618694795561851 2000
22.155453952069912305 805.41984334671917622 287.12143835552120663 2000
0 1420.1709698097861292 506.27202064974062523 2000
# Layered model 44462: value=0.155211
4
3.6851718452699686601 316.09177094058742341 181.66966985640925714 2000
8.1994695578520939705 319.25268864999327434 189.04618694795561851 2000
22.155453952069912305 805.41984334671917622 287.12143835552120663 2000
0 1311.5040636757717039 506.27202064974062523 2000
# Layered model 44394: value=0.155212
4
3.6851718452699686601 316.09177094058742341 181.66966985640925714 2000
8.1994695578520939705 319.25268864999327434 189.04618694795561851 2000
22.155453952069912305 805.41984334671917622 287.12143835552120663 2000
0 1434.3726795078839586 506.27202064974062523 2000
# Layered model 44416: value=0.155212
4
3.7220235637226681824 316.09177094058742341 181.66966985640925714 2000
8.16261783939939356 319.25268864999327434 189.04618694795561851 2000
22.155453952069912305 805.41984334671917622 287.12143835552120663 2000
0 1247.851115744313347 506.27202064974062523 2000
# Layered model 44390: value=0.155213
4
3.7592437993598948331 316.09177094058742341 181.66966985640925714 2000
8.1253976037621669093 319.25268864999327434 189.04618694795561851 2000
22.155453952069912305 797.44538945219721882 287.12143835552120663 2000
0 1492.6139621303491367 506.27202064974062523 2000
# Layered model 44087: value=0.155214
4
3.7592437993598948331 316.09177094058742341 181.66966985640925714 2000
8.1253976037621669093 319.25268864999327434 189.04618694795561851 2000
22.155453952069912305 805.41984334671917622 287.12143835552120663 2000
0 1260.3296269017564555 506.27202064974062523 2000
# Layered model 44594: value=0.155215
4
3.6851718452699686601 316.09177094058742341 181.66966985640925714 2000
8.1994695578520939705 319.25268864999327434 189.04618694795561851 2000
22.155453952069912305 805.41984334671917622 287.12143835552120663 2000
0 1448.7164063029629233 506.27202064974062523 2000
# Layered model 44433: value=0.155216
4
3.7220235637226681824 316.09177094058742341 181.66966985640925714 2000
8.16261783939939356 319.25268864999327434 189.04618694795561851 2000
22.155453952069912305 797.44538945219721882 287.12143835552120663 2000
0 1463.2035703659926185 506.27202064974062523 2000
# Layered model 44500: value=0.155216
4
3.6851718452699686601 316.09177094058742341 181.66966985640925714 2000
8.1994695578520939705 319.25268864999327434 189.04618694795561851 2000
22.155453952069912305 805.41984334671917622 287.12143835552120663 2000
0 1298.518874926506669 506.27202064974062523 2000
# Layered model 44509: value=0.15522
4
3.6851718452699686601 316.09177094058742341 181.66966985640925714 2000
8.1994695578520939705 319.25268864999327434 189.04618694795561851 2000
22.155453952069912305 805.41984334671917622 287.12143835552120663 2000
0 1463.2035703659926185 506.27202064974062523 2000
# Layered model 44290: value=0.155221
4
3.7592437993598948331 316.09177094058742341 181.66966985640925714 2000
8.1253976037621669093 319.25268864999327434 189.04618694795561851 2000
22.155453952069912305 797.44538945219721882 287.12143835552120663 2000
0 1477.8356060696526129 506.27202064974062523 2000
# Layered model 44498: value=0.155222
4
3.6851718452699686601 316.09177094058742341 181.66966985640925714 2000
8.1994695578520939705 319.25268864999327434 189.04618694795561851 2000
22.155453952069912305 805.41984334671917622 287.12143835552120663 2000
0 1285.6622524024817267 506.27202064974062523 2000
# Layered model 44094: value=0.155224
4
3.7220235637226681824 316.09177094058742341 181.66966985640925714 2000
8.16261783939939356 319.25268864999327434 189.04618694795561851 2000
22.155453952069912305 805.41984334671917622 287.12143835552120663 2000
0 1235.4961542022904268 506.27202064974062523 2000
# Layered model 44177: value=0.155224
4
3.7592437993598948331 316.09177094058742341 181.66966985640925714 2000
8.1253976037621669093 319.25268864999327434 189.04618694795561851 2000
22.155453952069912305 805.41984334671917622 287.12143835552120663 2000
0 1247.851115744313347 506.27202064974062523 2000
# Layered model 44568: value=0.155225
4
3.6851718452699686601 316.09177094058742341 181.66966985640925714 2000
8.1994695578520939705 319.25268864999327434 189.04618694795561851 2000
22.155453952069912305 805.41984334671917622 287.12143835552120663 2000
0 1477.8356060696526129 506.27202064974062523 2000
# Layered model 44495: value=0.155226
4
3.7220235637226681824 316.09177094058742341 181.66966985640925714 2000
8.16261783939939356 319.25268864999327434 189.04618694795561851 2000
22.155453952069912305 797.44538945219721882 287.12143835552120663 2000
0 1448.7164063029629233 506.27202064974062523 2000
# Layered model 44386: value=0.155229
4
3.6851718452699686601 316.09177094058742341 181.66966985640925714 2000
8.1994695578520939705 319.25268864999327434 189.04618694795561851 2000
22.155453952069912305 805.41984334671917622 287.12143835552120663 2000
0 1272.9329231707740746 506.27202064974062523 2000
# Layered model 44546: value=0.15523
4
3.6851718452699686601 316.09177094058742341 181.66966985640925714 2000
8.1994695578520939705 319.25268864999327434 189.04618694795561851 2000
22.155453952069912305 805.41984334671917622 287.12143835552120663 2000
0 1492.6139621303491367 506.27202064974062523 2000
# Layered model 44402: value=0.155231
4
3.7592437993598948331 316.09177094058742341 181.66966985640925714 2000
8.1253976037621669093 319.25268864999327434 189.04618694795561851 2000
22.155453952069912305 797.44538945219721882 287.12143835552120663 2000
0 1463.2035703659926185 506.27202064974062523 2000
# Layered model 44354: value=0.155233
4
3.6851718452699686601 316.09177094058742341 181.66966985640925714 2000
8.1994695578520939705 319.25268864999327434 189.04618694795561851 2000
22.155453952069912305 797.44538945219721882 287.12143835552120663 2000
0 1492.6139621303491367 506.27202064974062523 2000
# Layered model 44046: value=0.155236
4
3.7592437993598948331 316.09177094058742341 181.66966985640925714 2000
8.1253976037621669093 319.25268864999327434 189.04618694795561851 2000
22.155453952069912305 805.41984334671917622 287.12143835552120663 2000
0 1235.4961542022904268 506.27202064974062523 2000
# Layered model 44412: value=0.155237
4
3.7220235637226681824 316.09177094058742341 181.66966985640925714 2000
8.16261783939939356 319.25268864999327434 189.04618694795561851 2000
22.155453952069912305 797.44538945219721882 287.12143835552120663 2000
0 1434.3726795078839586 506.27202064974062523 2000
# Layered model 44552: value=0.155238
4
3.6851718452699686601 316.09177094058742341 181.66966985640925714 2000
8.1994695578520939705 319.25268864999327434 189.04618694795561851 2000
22.155453952069912305 805.41984334671917622 287.12143835552120663 2000
0 1260.3296269017564555 506.27202064974062523 2000
# Layered model 44392: value=0.155239
4
3.796836237353493626 316.09177094058742341 181.66966985640925714 2000
8.0878051657685681164 319.25268864999327434 189.04618694795561851 2000
22.155453952069912305 805.41984334671917622 287.12143835552120663 2000
0 1364.7563877923034852 506.27202064974062523 2000
# Layered model 44510: value=0.155239
4
3.796836237353493626 316.09177094058742341 181.66966985640925714 2000
8.0878051657685681164 319.25268864999327434 189.04618694795561851 2000
22.155453952069912305 805.41984334671917622 287.12143835552120663 2000
0 1378.4039516702264336 506.27202064974062523 2000
# Layered model 44435: value=0.15524
4
3.796836237353493626 316.09177094058742341 181.66966985640925714 2000
8.0878051657685681164 319.25268864999327434 189.04618694795561851 2000
22.155453952069912305 805.41984334671917622 287.12143835552120663 2000
0 1351.2439483092114187 506.27202064974062523 2000
# Layered model 44273: value=0.15524
4
3.796836237353493626 316.09177094058742341 181.66966985640925714 2000
8.0878051657685681164 319.25268864999327434 189.04618694795561851 2000
22.155453952069912305 805.41984334671917622 287.12143835552120663 2000
0 1392.1879911869286843 506.27202064974062523 2000
# Layered model 44371: value=0.15524
4
3.7592437993598948331 316.09177094058742341 181.66966985640925714 2000
8.1253976037621669093 319.25268864999327434 189.04618694795561851 2000
22.155453952069912305 797.44538945219721882 287.12143835552120663 2000
0 1448.7164063029629233 506.27202064974062523 2000
# Layered model 44482: value=0.155241
4
3.6851718452699686601 316.09177094058742341 181.66966985640925714 2000
8.1994695578520939705 319.25268864999327434 189.04618694795561851 2000
22.155453952069912305 797.44538945219721882 287.12143835552120663 2000
0 1477.8356060696526129 506.27202064974062523 2000
# Layered model 44314: value=0.155241
4
3.796836237353493626 316.09177094058742341 181.66966985640925714 2000
8.0878051657685681164 319.25268864999327434 189.04618694795561851 2000
22.155453952069912305 805.41984334671917622 287.12143835552120663 2000
0 1337.86529535565478 506.27202064974062523 2000
# Layered model 44496: value=0.155242
4
3.796836237353493626 316.09177094058742341 181.66966985640925714 2000
8.0878051657685681164 319.25268864999327434 189.04618694795561851 2000
22.155453952069912305 805.41984334671917622 287.12143835552120663 2000
0 1406.1098710987980667 506.27202064974062523 2000
# Layered model 44378: value=0.155244
4
3.796836237353493626 316.09177094058742341 181.66966985640925714 2000
8.0878051657685681164 319.25268864999327434 189.04618694795561851 2000
22.155453952069912305 805.41984334671917622 287.12143835552120663 2000
0 1324.6191043125295437 506.27202064974062523 2000
# Layered model 44476: value=0.155244
4
3.796836237353493626 316.09177094058742341 181.66966985640925714 2000
8.0878051657685681164 319.25268864999327434 189.04618694795561851 2000
22.155453952069912305 805.41984334671917622 287.12143835552120663 2000
0 1420.1709698097861292 506.27202064974062523 2000
# Layered model 44556: value=0.155247
4
3.796836237353493626 316.09177094058742341 181.66966985640925714 2000
8.0878051657685681164 319.25268864999327434 189.04618694795561851 2000
22.155453952069912305 805.41984334671917622 287.12143835552120663 2000
0 1434.3726795078839586 506.27202064974062523 2000
# Layered model 44363: value=0.155248
4
3.796836237353493626 316.09177094058742341 181.66966985640925714 2000
8.0878051657685681164 319.25268864999327434 189.04618694795561851 2000
22.155453952069912305 805.41984334671917622 287.12143835552120663 2000
0 1311.5040636757717039 506.27202064974062523 2000
# Layered model 44663: value=0.155248
4
3.6851718452699686601 316.09177094058742341 181.66966985640925714 2000
8.1994695578520939705 319.25268864999327434 189.04618694795561851 2000
22.155453952069912305 805.41984334671917622 287.12143835552120663 2000
0 1247.851115744313347 506.27202064974062523 2000
# Layered model 44083: value=0.155248
4
3.7220235637226681824 316.09177094058742341 181.66966985640925714 2000
8.16261783939939356 319.25268864999327434 189.04618694795561851 2000
22.155453952069912305 797.44538945219721882 287.12143835552120663 2000
0 1420.1709698097861292 506.27202064974062523 2000
# Layered model 44165: value=0.15525
4
3.7592437993598948331 316.09177094058742341 181.66966985640925714 2000
8.1253976037621669093 319.25268864999327434 189.04618694795561851 2000
22.155453952069912305 805.41984334671917622 287.12143835552120663 2000
0 1223.2635190121686719 506.27202064974062523 2000
# Layered model 47615: value=0.15525
4
3.7220235637226681824 316.09177094058742341 181.66966985640925714 2000
8.16261783939939356 319.25268864999327434 189.04618694795561851 2000
22.155453952069912305 829.82487001996798881 287.12143835552120663 2000
0 1492.6139621303491367 501.25942638588190903 2000
# Layered model 44612: value=0.15525
4
3.6851718452699686601 316.09177094058742341 181.66966985640925714 2000
8.1994695578520939705 319.25268864999327434 189.04618694795561851 2000
22.155453952069912305 797.44538945219721882 287.12143835552120663 2000
0 1463.2035703659926185 506.27202064974062523 2000
# Layered model 44573: value=0.155251
4
3.796836237353493626 316.09177094058742341 181.66966985640925714 2000
8.0878051657685681164 319.25268864999327434 189.04618694795561851 2000
22.155453952069912305 805.41984334671917622 287.12143835552120663 2000
0 1448.7164063029629233 506.27202064974062523 2000
# Layered model 44408: value=0.155251
4
3.7592437993598948331 316.09177094058742341 181.66966985640925714 2000
8.1253976037621669093 319.25268864999327434 189.04618694795561851 2000
22.155453952069912305 797.44538945219721882 287.12143835552120663 2000
0 1434.3726795078839586 506.27202064974062523 2000
# Layered model 44329: value=0.155253
4
3.796836237353493626 316.09177094058742341 181.66966985640925714 2000
8.0878051657685681164 319.25268864999327434 189.04618694795561851 2000
22.155453952069912305 805.41984334671917622 287.12143835552120663 2000
0 1298.518874926506669 506.27202064974062523 2000
# Layered model 44131: value=0.155253
4
3.7220235637226681824 316.09177094058742341 181.66966985640925714 2000
8.16261783939939356 319.25268864999327434 189.04618694795561851 2000
22.155453952069912305 805.41984334671917622 287.12143835552120663 2000
0 1211.1519990219492229 506.27202064974062523 2000
# Layered model 47697: value=0.155253
4
3.7220235637226681824 316.09177094058742341 181.66966985640925714 2000
8.16261783939939356 319.25268864999327434 189.04618694795561851 2000
22.155453952069912305 829.82487001996798881 287.12143835552120663 2000
0 1477.8356060696526129 501.25942638588190903 2000
# Layered model 47714: value=0.155257
4
3.7592437993598948331 316.09177094058742341 181.66966985640925714 2000
8.1253976037621669093 319.25268864999327434 189.04618694795561851 2000
22.155453952069912305 829.82487001996798881 287.12143835552120663 2000
0 1492.6139621303491367 501.25942638588190903 2000
# Layered model 47537: value=0.155257
4
3.7220235637226681824 316.09177094058742341 181.66966985640925714 2000
8.16261783939939356 319.25268864999327434 189.04618694795561851 2000
22.155453952069912305 829.82487001996798881 287.12143835552120663 2000
0 1463.2035703659926185 501.25942638588190903 2000
# Layered model 44147: value=0.155259
4
3.796836237353493626 316.09177094058742341 181.66966985640925714 2000
8.0878051657685681164 319.25268864999327434 189.04618694795561851 2000
22.155453952069912305 805.41984334671917622 287.12143835552120663 2000
0 1285.6622524024817267 506.27202064974062523 2000
# Layered model 44518: value=0.15526
4
3.796836237353493626 316.09177094058742341 181.66966985640925714 2000
8.0878051657685681164 319.25268864999327434 189.04618694795561851 2000
22.155453952069912305 805.41984334671917622 287.12143835552120663 2000
0 1477.8356060696526129 506.27202064974062523 2000
# Layered model 44633: value=0.15526
4
3.6851718452699686601 316.09177094058742341 181.66966985640925714 2000
8.1994695578520939705 319.25268864999327434 189.04618694795561851 2000
22.155453952069912305 797.44538945219721882 287.12143835552120663 2000
0 1448.7164063029629233 506.27202064974062523 2000
# Layered model 44651: value=0.15526
4
3.6851718452699686601 316.09177094058742341 181.66966985640925714 2000
8.1994695578520939705 319.25268864999327434 189.04618694795561851 2000
22.155453952069912305 805.41984334671917622 287.12143835552120663 2000
0 1235.4961542022904268 506.27202064974062523 2000
# Layered model 47619: value=0.15526
4
3.7592437993598948331 316.09177094058742341 181.66966985640925714 2000
8.1253976037621669093 319.25268864999327434 189.04618694795561851 2000
22.155453952069912305 829.82487001996798881 287.12143835552120663 2000
0 1477.8356060696526129 501.25942638588190903 2000
# Layered model 44166: value=0.155261
4
3.7220235637226681824 316.09177094058742341 181.66966985640925714 2000
8.16261783939939356 319.25268864999327434 189.04618694795561851 2000
22.155453952069912305 797.44538945219721882 287.12143835552120663 2000
0 1406.1098710987980667 506.27202064974062523 2000
# Layered model 47695: value=0.155262
4
3.7220235637226681824 316.09177094058742341 181.66966985640925714 2000
8.16261783939939356 319.25268864999327434 189.04618694795561851 2000
22.155453952069912305 829.82487001996798881 287.12143835552120663 2000
0 1448.7164063029629233 501.25942638588190903 2000
# Layered model 44449: value=0.155263
4
3.7592437993598948331 316.09177094058742341 181.66966985640925714 2000
8.1253976037621669093 319.25268864999327434 189.04618694795561851 2000
22.155453952069912305 797.44538945219721882 287.12143835552120663 2000
0 1420.1709698097861292 506.27202064974062523 2000
# Layered model 47770: value=0.155264
4
3.7592437993598948331 316.09177094058742341 181.66966985640925714 2000
8.1253976037621669093 319.25268864999327434 189.04618694795561851 2000
22.155453952069912305 829.82487001996798881 287.12143835552120663 2000
0 1463.2035703659926185 501.25942638588190903 2000
# Layered model 44574: value=0.155265
4
3.796836237353493626 316.09177094058742341 181.66966985640925714 2000
8.0878051657685681164 319.25268864999327434 189.04618694795561851 2000
22.155453952069912305 805.41984334671917622 287.12143835552120663 2000
0 1492.6139621303491367 506.27202064974062523 2000
