# 60089 2_reports/tar1_ln7_tr2.report
# Layered model 58517: value=0.160592
7
6.1825719784965826875 328.92636436877671713 181.66966985640925714 2000
4.260017928191373926 401.35267367907738389 192.84601530560954075 2000
2.3953736138023788982 456.77678099809264722 198.68944241538483197 2000
4.2797967064641593282 509.61139605124753871 267.80334944767633942 2000
10.323151399664446615 729.13607723265113236 287.12143835552120663 2000
9.6648279668989118818 1022.6694817124763404 289.99265273907644769 2000
0 1043.2251382948970786 559.23927548634185314 2000
# Layered model 47588: value=0.161006
7
2.3317100817297991 319.25268864999327434 181.66966985640925714 2000
9.3187569343686824652 475.32374998150709189 185.32123022052309125 2000
4.6503400824568501548 489.7265349296968111 247.31190013949688478 2000
11.572869325150541897 751.22962950887767875 270.48138294215311817 2000
4.9497007490152356013 854.96939340644303229 314.0204886013842156 2000
6.1751280564596413569 880.87582099605185704 330.03868945736735441 2000
0 1064.193963574624604 542.79213112123727569 2000
# Layered model 59473: value=0.164175
7
3.238022672330485463 378.09237389591123701 179.87096025387054965 2000
5.235409816804335037 397.37888483076966395 181.66966985640925714 2000
4.2374224816476893096 452.25423861197299402 198.68944241538483197 2000
2.6321995114197687116 603.53503462164098892 235.30878711955796234 2000
5.4252034670947342221 821.60878219798814825 278.67723932668332054 2000
17.461822659644024469 880.87582099605185704 284.27865183714970954 2000
0 992.59292353639978046 599.58019753561836751 2000
# Layered model 43206: value=0.164559
7
4.1114295797899194085 378.09237389591123701 179.87096025387054965 2000
3.5594583140955275979 389.54895091733129675 181.66966985640925714 2000
4.9141170276813950224 456.77678099809264722 196.72222021325231367 2000
2.1593688601585210307 721.91690815113975077 223.88823693662030223 2000
4.2448715414040467664 789.54989054673001192 270.48138294215311817 2000
18.862319636218153107 854.96939340644303229 284.27865183714970954 2000
0 982.76527082811844593 599.58019753561836751 2000
# Layered model 54201: value=0.165221
7
5.7095014939308681434 389.54895091733129675 179.87096025387054965 2000
4.1278905713781925968 393.44444042650462734 185.32123022052309125 2000
2.4996385410695705076 489.7265349296968111 200.67633683953869195 2000
5.8338168076899119541 628.0409772027684312 240.0384937406610959 2000
3.4406850886843081128 707.69229306062129581 289.99265273907644769 2000
15.865264486700183966 773.9926385126260584 295.82150505913193683 2000
0 1163.8932652411642721 542.79213112123727569 2000
# Layered model 58909: value=0.166849
7
3.7592437993598948331 385.69203061121908149 179.87096025387054965 2000
5.7888320205306609267 430.30439011400761729 183.48636655497335823 2000
2.5458665449546842297 489.7265349296968111 189.04618694795561851 2000
2.9467933298928024044 568.55730367429941907 237.66187499075354594 2000
6.3568212386806202119 693.74795908305191006 273.1861967715746573 2000
15.708182660099190286 973.03492161199847033 284.27865183714970954 2000
0 1002.5188527717638181 553.70225295677414579 2000
# Layered model 55525: value=0.167814
7
5.0167254232071147868 338.89316213551506962 181.66966985640925714 2000
4.6268311548823461976 366.97273310994671647 187.17444252272832728 2000
5.5605005090313319727 579.98530547815289538 219.47675417764958183 2000
9.2874998906112384844 628.0409772027684312 270.48138294215311817 2000
6.12339952772699192 634.3213869747961553 314.0204886013842156 2000
14.661097371454378191 898.58142499807229342 368.21371900248880138 2000
0 992.59292353639978046 599.58019753561836751 2000
# Layered model 55358: value=0.171394
7
3.5413777093459102296 359.7419205077410993 179.87096025387054965 2000
5.5432888159476281231 393.44444042650462734 183.48636655497335823 2000
2.308374254947912263 401.35267367907738389 202.68310020793407489 2000
2.4968262876399744954 568.55730367429941907 206.75703052211355271 2000
14.382531621935697785 647.07124685298958866 270.48138294215311817 2000
8.1022112440303928338 666.67815270388200588 323.53562342649479433 2000
0 1199.160395071236735 537.41795160518540797 2000
# Layered model 53297: value=0.171869
7
5.1175616042135780859 352.65358347979713471 181.66966985640925714 2000
5.0179132780664135183 452.25423861197299402 185.32123022052309125 2000
4.7690022151818194374 499.57003828178363847 221.671521719426039 2000
4.771946871806971302 509.61139605124753871 273.1861967715746573 2000
7.764487657350159111 603.53503462164098892 275.91805873929041582 2000
7.8639264098844918749 880.87582099605185704 301.76751731082049446 2000
0 1392.1879911869286843 511.33474085623817018 2000
# Layered model 53248: value=0.172007
7
4.2360100074871338549 352.65358347979713471 178.09005965729755872 2000
6.000819623615657683 465.95799429615436793 187.17444252272832728 2000
2.1002009752758397099 470.61757423911592468 189.04618694795561851 2000
4.1128005132943510347 535.60669889535267885 254.80569802562376935 2000
6.0392162649369680594 686.87916740896230294 267.80334944767633942 2000
16.899442896862606034 973.03492161199847033 298.77972010972325734 2000
0 1032.8961765296010071 570.47998492361739409 2000
# Layered model 50907: value=0.172796
7
2.0285014268934999926 370.6424604410461825 174.58098192069164156 2000
10.09502126843131542 452.25423861197299402 183.48636655497335823 2000
5.7044299612338384975 514.70751001176006412 257.35375500588003206 2000
13.269825834561295608 621.82274970571131689 281.46401171995017876 2000
2.0538324533283720541 821.60878219798814825 292.89257926646723718 2000
5.4607704705821262792 863.51908734050743988 343.43958370448115147 2000
0 1064.193963574624604 553.70225295677414579 2000
# Layered model 59875: value=0.172904
7
2.680240611694594044 359.7419205077410993 178.09005965729755872 2000
7.556589019408197494 385.69203061121908149 185.32123022052309125 2000
2.2235712813396268928 452.25423861197299402 215.15219505700380864 2000
4.8285369167816210023 693.74795908305191006 237.66187499075354594 2000
4.3225946735288118816 773.9926385126260584 287.12143835552120663 2000
16.240032456594711618 829.82487001996798881 295.82150505913193683 2000
0 1129.6633364824106138 542.79213112123727569 2000
# Layered model 57063: value=0.173032
7
2.308623843296830902 389.54895091733129675 171.14104687843510533 2000
9.6948639738564530433 430.30439011400761729 185.32123022052309125 2000
7.8865946476170503132 452.25423861197299402 259.92729255593883408 2000
10.899797229407834465 603.53503462164098892 284.27865183714970954 2000
3.0280786302535673826 838.12311872016766756 289.99265273907644769 2000
2.196506956605411176 898.58142499807229342 360.95845407556987539 2000
0 1043.2251382948970786 581.94663262058213604 2000
# Layered model 58980: value=0.173479
7
2.9902596119145448128 312.96214944612614772 178.09005965729755872 2000
8.7767120743449211773 557.35447865336664108 189.04618694795561851 2000
6.7848673382456219372 743.79171238502738106 240.0384937406610959 2000
15.122598944740825999 813.47404178018632592 284.27865183714970954 2000
2.2240062443232062606 963.40091248712724337 310.91137485285565845 2000
1.953120745778441858 982.76527082811844593 336.67246711546039251 2000
0 1223.2635190121686719 537.41795160518540797 2000
# Layered model 45843: value=0.173606
7
1.9493499999999999162 465.95799429615436793 174.58098192069164156 2000
10.054137817153282697 729.13607723265113236 181.66966985640925714 2000
12.754013278500048401 773.9926385126260584 254.80569802562376935 2000
3.6764362241690307087 863.51908734050743988 267.80334944767633942 2000
10.054053807186427605 925.80934075693903651 317.16069348739807765 2000
2.4998298077375835646 992.59292353639978046 511.33474085623817018 2000
0 1272.9329231707740746 570.47998492361739409 2000
# Layered model 37595: value=0.174931
7
7.1067070607673281657 335.53778429258915139 183.48636655497335823 2000
3.7598938709176872308 430.30439011400761729 187.17444252272832728 2000
4.3374561554357775606 557.35447865336664108 242.43887867806770942 2000
8.8049194619744231005 585.78515853293447435 259.92729255593883408 2000
4.263422140721907283 634.3213869747961553 310.91137485285565845 2000
13.957394207073001269 666.67815270388200588 360.95845407556987539 2000
0 992.59292353639978046 587.76609894678790624 2000
# Layered model 51522: value=0.176013
7
8.6715331723761828187 452.25423861197299402 179.87096025387054965 2000
3.4519895229486330379 470.61757423911592468 189.04618694795561851 2000
6.6138347194253235273 484.87775735613541883 254.80569802562376935 2000
9.980919278270448558 525.05313096299641984 273.1861967715746573 2000
2.8243436095103504613 551.83611747858083163 298.77972010972325734 2000
3.0665729496045734948 880.87582099605185704 364.56803861632556618 2000
0 1064.193963574624604 511.33474085623817018 2000
# Layered model 38091: value=0.17602
7
3.6851718452699686601 562.92802343990035752 176.32679173989856736 2000
6.9673141185424167787 579.98530547815289538 179.87096025387054965 2000
4.2519911336494260468 789.54989054673001192 232.97899714807718397 2000
3.2663703166067321604 872.15427821391256202 242.43887867806770942 2000
11.840873500997648904 1002.5188527717638181 257.35375500588003206 2000
15.717093500616343249 1064.193963574624604 398.72269472609860941 2000
0 1434.3726795078839586 501.25942638588190903 2000
# Layered model 58297: value=0.176473
7
2.1748280915720341611 338.89316213551506962 181.66966985640925714 2000
9.9486946037527808073 443.343043438852078 183.48636655497335823 2000
3.0805343917959771005 480.0769874813221918 265.15183113631320566 2000
14.091456967429509817 621.82274970571131689 273.1861967715746573 2000
4.5224442698814328878 781.73256489775235423 292.89257926646723718 2000
2.5566516094157805128 854.96939340644303229 360.95845407556987539 2000
0 1012.5440412994812505 521.6125691474485393 2000
# Layered model 46044: value=0.176808
7
6.8294057993946504226 389.54895091733129675 179.87096025387054965 2000
6.0399578379611886803 470.61757423911592468 192.84601530560954075 2000
5.1368685457684009066 509.61139605124753871 254.80569802562376935 2000
8.7798229885311798171 514.70751001176006412 278.67723932668332054 2000
6.3655557727929021894 551.83611747858083163 314.0204886013842156 2000
2.5062754724201425915 889.68457920601224487 350.34271933694122936 2000
0 982.76527082811844593 542.79213112123727569 2000
# Layered model 59444: value=0.176923
7
5.7665965088701769403 374.34888504545665455 179.87096025387054965 2000
2.3762055634904912793 378.09237389591123701 185.32123022052309125 2000
3.1374363239179956508 434.60743401514764628 187.17444252272832728 2000
3.0305055336266377708 666.67815270388200588 242.43887867806770942 2000
3.7568714285992594881 766.32934506200615488 257.35375500588003206 2000
19.038124235013292207 846.50434990736948748 281.46401171995017876 2000
0 1043.2251382948970786 564.83166824120530691 2000
# Layered model 59255: value=0.177957
7
2.816959819577189883 378.09237389591123701 178.09005965729755872 2000
5.4895125744379269506 413.51406104422710541 185.32123022052309125 2000
2.3200224397307511737 484.87775735613541883 187.17444252272832728 2000
4.716559648456410514 509.61139605124753871 217.30371700757382314 2000
4.4172303479199310772 647.07124685298958866 275.91805873929041582 2000
18.469795778818827614 953.86228959121501703 289.99265273907644769 2000
0 1096.4401048648992401 553.70225295677414579 2000
# Layered model 57018: value=0.177992
7
3.1427929045303124589 356.18011931459511743 178.09005965729755872 2000
7.2997970021576445987 401.35267367907738389 185.32123022052309125 2000
3.8803196287671415377 434.60743401514764628 221.671521719426039 2000
4.0296463527541295235 499.57003828178363847 265.15183113631320566 2000
4.1364914964007226672 700.68543867388245872 267.80334944767633942 2000
16.899442896862606034 1118.4785509726837063 304.78519248392871077 2000
0 1129.6633364824106138 570.47998492361739409 2000
# Layered model 59229: value=0.178165
7
3.8348045997270285845 381.87329763487036871 178.09005965729755872 2000
5.8087519783624319558 409.41986242002684548 181.66966985640925714 2000
3.452450009162729927 465.95799429615436793 221.671521719426039 2000
4.3658206202640883475 540.96276588430623633 240.0384937406610959 2000
3.3064307417807334843 797.44538945219721882 262.52656548149820992 2000
15.970098083888981222 1002.5188527717638181 295.82150505913193683 2000
0 1285.6622524024817267 501.25942638588190903 2000
# Layered model 47960: value=0.178592
7
2.680240611694594044 356.18011931459511743 176.32679173989856736 2000
9.6869648898062514775 721.91690815113975077 185.32123022052309125 2000
6.0009519485041948883 829.82487001996798881 247.31190013949688478 2000
4.4755599310141427338 880.87582099605185704 265.15183113631320566 2000
7.1680035340470098504 907.56723924805316983 273.1861967715746573 2000
15.264332961847209447 953.86228959121501703 360.95845407556987539 2000
0 1223.2635190121686719 526.82869483892307017 2000
# Layered model 41331: value=0.179111
7
3.3694993772980192936 359.7419205077410993 178.09005965729755872 2000
9.4998642600578193651 653.5419593215194709 187.17444252272832728 2000
8.4554969294481736597 789.54989054673001192 262.52656548149820992 2000
4.4160119593891344891 854.96939340644303229 278.67723932668332054 2000
9.1018037534271947209 907.56723924805316983 284.27865183714970954 2000
5.3375226565098117248 916.6429116405337254 383.16467253100307744 2000
0 1285.6622524024817267 532.096981787312302 2000
# Layered model 56982: value=0.179799
7
4.4520890901931542416 417.64920165466935487 178.09005965729755872 2000
2.2880332053756440303 434.60743401514764628 185.32123022052309125 2000
5.7202786168736201589 519.85458511187766817 189.04618694795561851 2000
4.320071812735990946 551.83611747858083163 235.30878711955796234 2000
2.7841657204871452791 653.5419593215194709 275.91805873929041582 2000
19.82385183580700172 838.12311872016766756 289.99265273907644769 2000
0 1107.4045059135482916 599.58019753561836751 2000
# Layered model 49931: value=0.18019
7
3.6851718452699686601 322.44521553649320822 181.66966985640925714 2000
4.297184857367682298 359.7419205077410993 183.48636655497335823 2000
4.4780442098047679167 401.35267367907738389 208.82460082733467743 2000
2.4314166071001981351 628.0409772027684312 213.02197530396412617 2000
9.2194852167074046179 634.3213869747961553 278.67723932668332054 2000
12.263307197597494991 647.07124685298958866 310.91137485285565845 2000
0 1163.8932652411642721 548.22005243244962003 2000
# Layered model 50526: value=0.180676
7
3.8731526457242990702 381.87329763487036871 178.09005965729755872 2000
4.2696494266363691494 434.60743401514764628 185.32123022052309125 2000
2.4836927613851997876 438.95350835529916367 194.77447545866564838 2000
4.5646482179395562184 686.87916740896230294 210.91284683560803614 2000
2.5204689064604028914 693.74795908305191006 270.48138294215311817 2000
19.765185031307208163 925.80934075693903651 281.46401171995017876 2000
0 1032.8961765296010071 587.76609894678790624 2000
# Layered model 56324: value=0.180874
7
4.194069314343696675 378.09237389591123701 178.09005965729755872 2000
4.449679167822734982 389.54895091733129675 183.48636655497335823 2000
2.0890112999168959362 447.77647387324060446 200.67633683953869195 2000
2.7486083500270215296 579.98530547815289538 217.30371700757382314 2000
11.608950181555401926 609.57038496785742154 254.80569802562376935 2000
15.491682611825705607 758.74192580396641006 340.03919178661499245 2000
0 1463.2035703659926185 564.83166824120530691 2000
# Layered model 49201: value=0.181618
7
2.653703575935241421 316.09177094058742341 179.87096025387054965 2000
9.9620827561457705457 489.7265349296968111 189.04618694795561851 2000
5.3904458510432284868 509.61139605124753871 262.52656548149820992 2000
8.7798229885311798171 591.64301011826387366 273.1861967715746573 2000
6.0373220010656893919 766.32934506200615488 289.99265273907644769 2000
3.9149788604648847468 789.54989054673001192 357.3846079956137487 2000
0 1118.4785509726837063 537.41795160518540797 2000
# Layered model 53999: value=0.18282
7
2.4263868612054571017 568.55730367429941907 176.32679173989856736 2000
9.8183710610726073753 634.3213869747961553 181.66966985640925714 2000
3.4199972986395756891 673.34493423092078501 254.80569802562376935 2000
9.3190820520668058435 973.03492161199847033 259.92729255593883408 2000
5.3280008512324101844 982.76527082811844593 270.48138294215311817 2000
3.9546898481945405024 1022.6694817124763404 298.77972010972325734 2000
0 1140.9599698472347882 467.53371708225427028 2000
# Layered model 55663: value=0.182832
7
3.0808674684151675649 405.36620041586814978 179.87096025387054965 2000
5.1433626246691073192 430.30439011400761729 181.66966985640925714 2000
3.9906516954094186644 489.7265349296968111 196.72222021325231367 2000
5.2469454190225857104 579.98530547815289538 237.66187499075354594 2000
2.496060470907153217 647.07124685298958866 281.46401171995017876 2000
19.4306026030491239 854.96939340644303229 292.89257926646723718 2000
0 1032.8961765296010071 593.64375993625583305 2000
# Layered model 56712: value=0.183143
7
3.238022672330485463 385.69203061121908149 178.09005965729755872 2000
5.7566966596433157832 401.35267367907738389 183.48636655497335823 2000
2.0632538042664325673 430.30439011400761729 190.93664881743518436 2000
4.7499912398272563507 721.91690815113975077 223.88823693662030223 2000
8.0646125905166901049 821.60878219798814825 275.91805873929041582 2000
18.35721593030594434 963.40091248712724337 307.83304440876798935 2000
0 973.03492161199847033 570.47998492361739409 2000
# Layered model 48970: value=0.183228
7
3.1742208335756156856 370.6424604410461825 179.87096025387054965 2000
3.909715437970274543 409.41986242002684548 181.66966985640925714 2000
3.9740368646943435849 434.60743401514764628 183.48636655497335823 2000
2.4233949958701153093 686.87916740896230294 219.47675417764958183 2000
3.3706229182707847514 838.12311872016766756 265.15183113631320566 2000
19.886364982804860091 1002.5188527717638181 273.1861967715746573 2000
0 1032.8961765296010071 576.18478477285361805 2000
# Layered model 43975: value=0.184046
7
3.2704028990537903354 325.66966769185813746 179.87096025387054965 2000
5.3733455831126413216 385.69203061121908149 189.04618694795561851 2000
4.7154878374895279336 504.56573866460144018 196.72222021325231367 2000
1.9838181625463189306 519.85458511187766817 259.92729255593883408 2000
5.6328860465877053088 680.0783835732299849 262.52656548149820992 2000
18.022564700390766745 953.86228959121501703 301.76751731082049446 2000
0 1199.160395071236735 542.79213112123727569 2000
# Layered model 58405: value=0.184303
7
2.3550271825470971976 303.75797892666912503 179.87096025387054965 2000
9.5296142205749649889 409.41986242002684548 189.04618694795561851 2000
4.094975397736021705 456.77678099809264722 252.28286933230072009 2000
7.7916471091371786173 854.96939340644303229 259.92729255593883408 2000
4.221210040318720047 898.58142499807229342 314.0204886013842156 2000
14.659616875545044223 1002.5188527717638181 336.67246711546039251 2000
0 1053.6573896778461403 559.23927548634185314 2000
# Layered model 32320: value=0.184455
7
7.6193518769171548755 359.7419205077410993 181.66966985640925714 2000
6.1783478378125016306 546.37239354314931461 200.67633683953869195 2000
3.1649855182634887285 579.98530547815289538 259.92729255593883408 2000
6.8085786770021172742 609.57038496785742154 262.52656548149820992 2000
11.77175016284544995 634.3213869747961553 320.33230042227205558 2000
3.8454762086318439174 640.66460084454411117 379.37096290198320503 2000
0 1002.5188527717638181 537.41795160518540797 2000
# Layered model 57919: value=0.184479
7
2.816959819577189883 397.37888483076966395 176.32679173989856736 2000
5.826788662589241774 421.82569367121607229 181.66966985640925714 2000
2.0890112999168959362 447.77647387324060446 190.93664881743518436 2000
6.3850004448711672467 693.74795908305191006 223.88823693662030223 2000
5.1486233221642692115 714.7692159912274974 289.99265273907644769 2000
18.721437385627609729 973.03492161199847033 301.76751731082049446 2000
0 1002.5188527717638181 587.76609894678790624 2000
# Layered model 51704: value=0.184644
7
3.2704028990537903354 345.70491469443891219 178.09005965729755872 2000
5.7243164329200109108 434.60743401514764628 183.48636655497335823 2000
4.9069555527978323539 456.77678099809264722 204.70993121001342274 2000
3.3872629444524058329 480.0769874813221918 265.15183113631320566 2000
4.5387099985563388316 721.91690815113975077 267.80334944767633942 2000
19.570051316313456624 992.59292353639978046 310.91137485285565845 2000
0 1129.6633364824106138 570.47998492361739409 2000
# Layered model 50214: value=0.18541
7
2.7070430178115398867 370.6424604410461825 178.09005965729755872 2000
6.0231429491765560158 426.04395060792825234 185.32123022052309125 2000
2.3277871692521383551 443.343043438852078 187.17444252272832728 2000
3.8338443833023827523 686.87916740896230294 215.15219505700380864 2000
5.8764404297543961775 714.7692159912274974 275.91805873929041582 2000
18.620232332175543633 992.59292353639978046 292.89257926646723718 2000
0 1002.5188527717638181 581.94663262058213604 2000
# Layered model 54897: value=0.185946
7
3.7592437993598948331 349.16196384138328312 181.66966985640925714 2000
5.6942966163733288454 417.64920165466935487 183.48636655497335823 2000
2.8834901906454071252 489.7265349296968111 200.67633683953869195 2000
4.1128005132943510347 574.24287671104241326 247.31190013949688478 2000
7.4227458469111979866 721.91690815113975077 278.67723932668332054 2000
13.978987992763382664 973.03492161199847033 292.89257926646723718 2000
0 1074.8359032103708159 564.83166824120530691 2000
# Layered model 34059: value=0.186343
7
2.2185421362126320766 328.92636436877671713 181.66966985640925714 2000
10.148663365288213001 609.57038496785742154 185.32123022052309125 2000
2.8368515856199483238 660.07737891473470881 257.35375500588003206 2000
15.585822607057375322 889.68457920601224487 259.92729255593883408 2000
2.3617312502701537369 1002.5188527717638181 310.91137485285565845 2000
4.3251860450047132645 1043.2251382948970786 371.89585619251369053 2000
0 1187.2875198725116661 526.82869483892307017 2000
# Layered model 46349: value=0.186439
7
2.2185421362126320766 319.25268864999327434 181.66966985640925714 2000
6.2548903529221888675 370.6424604410461825 185.32123022052309125 2000
3.9869684233075979307 461.34454880807362542 208.82460082733467743 2000
1.993450456761935996 615.66608881753597871 219.47675417764958183 2000
9.6574513670456667569 653.5419593215194709 267.80334944767633942 2000
12.263307197597494991 660.07737891473470881 310.91137485285565845 2000
0 1152.3695695457072361 516.44808826480050357 2000
# Layered model 56284: value=0.186463
7
2.0487864411624348016 319.25268864999327434 179.87096025387054965 2000
6.0940156311982338622 359.7419205077410993 185.32123022052309125 2000
4.1942285340179630282 480.0769874813221918 194.77447545866564838 2000
1.9737133235266703934 603.53503462164098892 223.88823693662030223 2000
9.8005588063447195424 621.82274970571131689 275.91805873929041582 2000
9.8159526819790805519 721.91690815113975077 281.46401171995017876 2000
0 1199.160395071236735 501.25942638588190903 2000
# Layered model 58588: value=0.186658
7
6.2443976982815483368 345.70491469443891219 183.48636655497335823 2000
5.5225739879779185415 456.77678099809264722 185.32123022052309125 2000
3.7426869483124534099 484.87775735613541883 252.28286933230072009 2000
5.5861311059268778934 660.07737891473470881 273.1861967715746573 2000
6.6195310023863314086 743.79171238502738106 275.91805873929041582 2000
6.551207229526266218 953.86228959121501703 278.67723932668332054 2000
0 1420.1709698097861292 516.44808826480050357 2000
# Layered model 56146: value=0.186681
7
5.4323947648146928557 338.89316213551506962 179.87096025387054965 2000
2.2384931290707541507 378.09237389591123701 187.17444252272832728 2000
3.609350502393216864 447.77647387324060446 198.68944241538483197 2000
4.2162466307456369918 686.87916740896230294 221.671521719426039 2000
3.4927602961051089636 743.79171238502738106 284.27865183714970954 2000
19.623136091901038469 838.12311872016766756 289.99265273907644769 2000
0 982.76527082811844593 593.64375993625583305 2000
# Layered model 50996: value=0.187921
7
2.0285014268934999926 562.92802343990035752 178.09005965729755872 2000
8.730509396557009083 585.78515853293447435 179.87096025387054965 2000
6.0357270309981494449 628.0409772027684312 232.97899714807718397 2000
9.9913173172067608618 1012.5440412994812505 259.92729255593883408 2000
4.1350508988581928804 1053.6573896778461403 267.80334944767633942 2000
5.0933592105235341307 1096.4401048648992401 398.72269472609860941 2000
0 1175.5321978935758125 453.78361962402658492 2000
# Layered model 59727: value=0.188369
7
2.5756585463231047584 385.69203061121908149 178.09005965729755872 2000
4.1644637492456935135 426.04395060792825234 181.66966985640925714 2000
4.4284305720338386081 434.60743401514764628 189.04618694795561851 2000
2.5837907639631314538 686.87916740896230294 215.15219505700380864 2000
3.0996474188153655405 863.51908734050743988 267.80334944767633942 2000
20.253748543136719462 973.03492161199847033 275.91805873929041582 2000
0 1107.4045059135482916 570.47998492361739409 2000
# Layered model 54102: value=0.188754
7
2.601415131786335877 366.97273310994671647 179.87096025387054965 2000
6.8521252839468882456 401.35267367907738389 183.48636655497335823 2000
2.1685004841910799911 480.0769874813221918 187.17444252272832728 2000
5.3262365525058896765 509.61139605124753871 237.66187499075354594 2000
2.8120073776920158082 653.5419593215194709 273.1861967715746573 2000
19.238220399058540977 963.40091248712724337 298.77972010972325734 2000
0 1118.4785509726837063 576.18478477285361805 2000
# Layered model 41194: value=0.18919
7
2.0487864411624348016 322.44521553649320822 179.87096025387054965 2000
10.566999890918577165 470.61757423911592468 185.32123022052309125 2000
2.8938723024909087655 530.30366227262641132 259.92729255593883408 2000
15.280221059606247991 634.3213869747961553 273.1861967715746573 2000
2.6932473597146397992 781.73256489775235423 292.89257926646723718 2000
2.5313382271443387594 789.54989054673001192 320.33230042227205558 2000
0 1022.6694817124763404 542.79213112123727569 2000
# Layered model 42215: value=0.189571
7
5.0167254232071147868 385.69203061121908149 179.87096025387054965 2000
4.9190405627550362055 393.44444042650462734 185.32123022052309125 2000
3.8282685534157039342 401.35267367907738389 204.70993121001342274 2000
8.8535074220272758083 456.77678099809264722 278.67723932668332054 2000
7.3941789536610613709 551.83611747858083163 292.89257926646723718 2000
9.7706542692210902601 707.69229306062129581 386.9963192563130292 2000
0 1163.8932652411642721 570.47998492361739409 2000
# Layered model 53196: value=0.189764
7
2.1532951401703308569 338.89316213551506962 181.66966985640925714 2000
10.21391036133051422 640.66460084454411117 185.32123022052309125 2000
2.9888921564911559159 729.13607723265113236 244.86326746484840555 2000
15.128931742184404285 872.15427821391256202 265.15183113631320566 2000
2.3383477725447043838 1032.8961765296010071 314.0204886013842156 2000
7.758623752770347437 1043.2251382948970786 364.56803861632556618 2000
0 1311.5040636757717039 526.82869483892307017 2000
# Layered model 44635: value=0.189825
7
3.5413777093459102296 316.09177094058742341 179.87096025387054965 2000
6.6954519217568808642 359.7419205077410993 190.93664881743518436 2000
2.2235712813396268928 519.85458511187766817 204.70993121001342274 2000
3.0360841145818824316 557.35447865336664108 244.86326746484840555 2000
7.2174528314317480948 781.73256489775235423 270.48138294215311817 2000
17.868063067035407698 953.86228959121501703 323.53562342649479433 2000
0 1163.8932652411642721 511.33474085623817018 2000
# Layered model 59313: value=0.189984
7
3.3361379973247715647 322.44521553649320822 179.87096025387054965 2000
9.6619192764046264443 634.3213869747961553 189.04618694795561851 2000
4.3055779324469085623 686.87916740896230294 244.86326746484840555 2000
11.991878848373996647 797.44538945219721882 281.46401171995017876 2000
5.5471622250700391987 916.6429116405337254 287.12143835552120663 2000
6.1451446551260318074 1053.6573896778461403 390.86628244887617711 2000
0 1298.518874926506669 537.41795160518540797 2000
# Layered model 51503: value=0.190345
7
3.0201622080336902876 378.09237389591123701 179.87096025387054965 2000
6.1553509825127843413 405.36620041586814978 181.66966985640925714 2000
4.3173154923060437227 499.57003828178363847 202.68310020793407489 2000
4.498109350878710444 591.64301011826387366 247.31190013949688478 2000
2.7773199155657835036 700.68543867388245872 284.27865183714970954 2000
17.08330701005055019 889.68457920601224487 292.89257926646723718 2000
0 1107.4045059135482916 553.70225295677414579 2000
# Layered model 56780: value=0.190382
7
9.3900278437838853307 366.97273310994671647 181.66966985640925714 2000
2.2604391723145962345 438.95350835529916367 194.77447545866564838 2000
2.8156716147111673365 514.70751001176006412 240.0384937406610959 2000
8.1514033305954818331 647.07124685298958866 270.48138294215311817 2000
10.205835211315978484 766.32934506200615488 301.76751731082049446 2000
10.686020678737683909 907.56723924805316983 357.3846079956137487 2000
0 944.41810850615354411 570.47998492361739409 2000
# Layered model 57710: value=0.190616
7
6.9666768559624827617 322.44521553649320822 185.32123022052309125 2000
3.6858091078499022331 385.69203061121908149 189.04618694795561851 2000
4.5515711233084079623 568.55730367429941907 230.67227440403681271 2000
12.120397793484903204 597.55944021944651467 278.67723932668332054 2000
3.2905016248533272005 653.5419593215194709 304.78519248392871077 2000
12.463655228658591767 813.47404178018632592 390.86628244887617711 2000
0 973.03492161199847033 587.76609894678790624 2000
# Layered model 59170: value=0.190676
7
4.8209745253692757316 366.97273310994671647 179.87096025387054965 2000
3.4032555677149991524 393.44444042650462734 181.66966985640925714 2000
3.5140312158392728037 452.25423861197299402 200.67633683953869195 2000
2.2905044296366927625 714.7692159912274974 223.88823693662030223 2000
5.5358727071053142055 789.54989054673001192 259.92729255593883408 2000
17.912158543787480625 846.50434990736948748 281.46401171995017876 2000
0 1022.6694817124763404 576.18478477285361805 2000
# Layered model 48483: value=0.190683
7
2.9606530811035098871 370.6424604410461825 179.87096025387054965 2000
6.9751129048586406611 421.82569367121607229 183.48636655497335823 2000
2.1581763788830894413 447.77647387324060446 198.68944241538483197 2000
3.5575075124493036327 557.35447865336664108 235.30878711955796234 2000
5.3244906514954397636 686.87916740896230294 281.46401171995017876 2000
17.636440886240464465 872.15427821391256202 287.12143835552120663 2000
0 1053.6573896778461403 559.23927548634185314 2000
# Layered model 56814: value=0.190783
7
7.1067070607673281657 417.64920165466935487 178.09005965729755872 2000
4.7779343423547340208 438.95350835529916367 190.93664881743518436 2000
7.2293368956645540635 470.61757423911592468 254.80569802562376935 2000
5.3775786789454151915 514.70751001176006412 278.67723932668332054 2000
5.5201639373341606642 535.60669889535267885 284.27865183714970954 2000
6.0027443659709547319 854.96939340644303229 323.53562342649479433 2000
0 1107.4045059135482916 559.23927548634185314 2000
# Layered model 40983: value=0.190868
7
8.2506662724596377956 345.70491469443891219 181.66966985640925714 2000
5.008651952471721458 475.32374998150709189 204.70993121001342274 2000
8.2787909475406955551 562.92802343990035752 259.92729255593883408 2000
1.9977956889093917425 579.98530547815289538 270.48138294215311817 2000
13.820160140019879691 634.3213869747961553 330.03868945736735441 2000
3.6317559333450475378 721.91690815113975077 368.21371900248880138 2000
0 1129.6633364824106138 548.22005243244962003 2000
# Layered model 53117: value=0.190967
7
7.6193518769171548755 356.18011931459511743 181.66966985640925714 2000
3.0331340868952301193 359.7419205077410993 190.93664881743518436 2000
2.3138571918828532148 421.82569367121607229 204.70993121001342274 2000
9.6511988057098925253 443.343043438852078 267.80334944767633942 2000
6.5115386811121460653 557.35447865336664108 307.83304440876798935 2000
9.8694245866634737752 766.32934506200615488 394.77494527336500596 2000
0 1235.4961542022904268 570.47998492361739409 2000
# Layered model 48843: value=0.191001
7
5.0167254232071147868 349.16196384138328312 181.66966985640925714 2000
4.6268311548823461976 397.37888483076966395 187.17444252272832728 2000
3.3227865776057772251 465.95799429615436793 192.84601530560954075 2000
2.5301418713290626528 530.30366227262641132 259.92729255593883408 2000
7.2174528314317480948 736.42743800497760276 278.67723932668332054 2000
14.024418174729945008 1002.5188527717638181 284.27865183714970954 2000
0 1022.6694817124763404 564.83166824120530691 2000
# Layered model 53838: value=0.19157
7
4.6328617601322479302 401.35267367907738389 179.87096025387054965 2000
5.10713038373810857 421.82569367121607229 183.48636655497335823 2000
2.7204087685720619305 430.30439011400761729 187.17444252272832728 2000
2.7307421392430057949 591.64301011826387366 254.80569802562376935 2000
5.1678981690743182043 781.73256489775235423 267.80334944767633942 2000
16.379314812426251535 992.59292353639978046 281.46401171995017876 2000
0 1032.8961765296010071 553.70225295677414579 2000
# Layered model 30585: value=0.191703
7
2.7890691282942472462 514.70751001176006412 176.32679173989856736 2000
8.2959504821176377476 525.05313096299641984 179.87096025387054965 2000
4.57973561050575384 585.78515853293447435 244.86326746484840555 2000
11.932944208494115301 1043.2251382948970786 257.35375500588003206 2000
3.3234066411018581277 1053.6573896778461403 275.91805873929041582 2000
11.730984755345414072 1074.8359032103708159 414.91243500998399441 2000
0 1187.2875198725116661 449.29071249903614671 2000
# Layered model 33092: value=0.191713
7
6.5629247377152140075 438.95350835529916367 178.09005965729755872 2000
6.9629057835372663021 634.3213869747961553 190.93664881743518436 2000
10.030082282148157446 673.34493423092078501 262.52656548149820992 2000
5.7396012511496650177 880.87582099605185704 273.1861967715746573 2000
6.2475000182904096846 982.76527082811844593 317.16069348739807765 2000
2.687066536100324754 1129.6633364824106138 343.43958370448115147 2000
0 1448.7164063029629233 516.44808826480050357 2000
# Layered model 58143: value=0.191978
7
2.3317100817297991 332.21562801246449226 181.66966985640925714 2000
8.6435568592720670722 621.82274970571131689 185.32123022052309125 2000
8.5229023215903616517 700.68543867388245872 230.67227440403681271 2000
12.224674576199230813 880.87582099605185704 292.89257926646723718 2000
2.0951144856402770245 935.06743416450854056 295.82150505913193683 2000
5.9644168598555467042 1032.8961765296010071 364.56803861632556618 2000
0 1324.6191043125295437 491.38263541405922297 2000
# Layered model 59052: value=0.192127
7
5.3786086780343493885 426.04395060792825234 178.09005965729755872 2000
6.8661492442437142003 465.95799429615436793 185.32123022052309125 2000
6.3070811022270252266 494.62380027899376955 249.78501914089181923 2000
11.036630170590715494 504.56573866460144018 289.99265273907644769 2000
3.234907977625304909 535.60669889535267885 301.76751731082049446 2000
3.9149788604648847468 863.51908734050743988 350.34271933694122936 2000
0 992.59292353639978046 532.096981787312302 2000
# Layered model 49560: value=0.192128
7
2.4263868612054571017 332.21562801246449226 179.87096025387054965 2000
4.517967880041371842 342.28209375687021065 181.66966985640925714 2000
3.4727561633173005262 352.65358347979713471 192.84601530560954075 2000
6.0327202151088528126 381.87329763487036871 232.97899714807718397 2000
3.5080565587504501934 634.3213869747961553 275.91805873929041582 2000
14.308640293987963332 973.03492161199847033 307.83304440876798935 2000
0 1247.851115744313347 491.38263541405922297 2000
# Layered model 35768: value=0.192174
7
5.2726288383828538997 312.96214944612614772 181.66966985640925714 2000
6.7308589787704296015 356.18011931459511743 194.77447545866564838 2000
2.31942171830181465 480.0769874813221918 228.38839049904632361 2000
13.829503652487835197 597.55944021944651467 295.82150505913193683 2000
6.6902630916774086245 758.74192580396641006 301.76751731082049446 2000
4.5458140018522144032 944.41810850615354411 383.16467253100307744 2000
0 973.03492161199847033 570.47998492361739409 2000
# Layered model 54977: value=0.192213
7
6.4979452848665486542 389.54895091733129675 179.87096025387054965 2000
5.992932271649304532 434.60743401514764628 190.93664881743518436 2000
7.7989955657963658808 461.34454880807362542 257.35375500588003206 2000
5.1961392798592136444 494.62380027899376955 292.89257926646723718 2000
7.6655985422768893045 546.37239354314931461 304.78519248392871077 2000
3.5867450887376719493 907.56723924805316983 364.56803861632556618 2000
0 1074.8359032103708159 542.79213112123727569 2000
# Layered model 23079: value=0.192371
7
2.8451294177729620216 306.79555871593584015 179.87096025387054965 2000
9.1583583993803223677 591.64301011826387366 190.93664881743518436 2000
6.3646696328517560204 707.69229306062129581 240.0384937406610959 2000
12.116871950171365313 889.68457920601224487 281.46401171995017876 2000
6.1349735420854578649 944.41810850615354411 292.89257926646723718 2000
2.3785022869188878758 992.59292353639978046 371.89585619251369053 2000
0 1272.9329231707740746 532.096981787312302 2000
# Layered model 40854: value=0.19239
7
8.9342892990323523605 332.21562801246449226 183.48636655497335823 2000
2.7161777170661292047 370.6424604410461825 206.75703052211355271 2000
4.6503400824568501548 475.32374998150709189 240.0384937406610959 2000
8.1907498791766997215 640.66460084454411117 275.91805873929041582 2000
2.40866028196695936 829.82487001996798881 289.99265273907644769 2000
16.609180591759802326 944.41810850615354411 371.89585619251369053 2000
0 1032.8961765296010071 564.83166824120530691 2000
# Layered model 49849: value=0.1925
7
2.8735807119506917573 579.98530547815289538 176.32679173989856736 2000
9.3711772103273709433 700.68543867388245872 181.66966985640925714 2000
2.8087639461583648881 813.47404178018632592 249.78501914089181923 2000
8.4823829929450180742 846.50434990736948748 252.28286933230072009 2000
8.006715441149491852 973.03492161199847033 275.91805873929041582 2000
6.6874603064100988092 982.76527082811844593 402.70992167335958811 2000
0 1074.8359032103708159 444.84228960300612243 2000
# Layered model 29845: value=0.192788
7
3.1742208335756156856 300.75047418482091643 181.66966985640925714 2000
2.6894359739872886195 342.28209375687021065 185.32123022052309125 2000
5.8746045013606433827 363.33933971281851427 198.68944241538483197 2000
3.153556210619068878 475.32374998150709189 237.66187499075354594 2000
5.2656490356650493823 805.41984334671917622 278.67723932668332054 2000
13.769788863021435787 1043.2251382948970786 289.99265273907644769 2000
0 1434.3726795078839586 467.53371708225427028 2000
# Layered model 39736: value=0.192789
7
4.9178761133291981622 322.44521553649320822 181.66966985640925714 2000
6.9667652897928640243 484.87775735613541883 192.84601530560954075 2000
7.0400895857755774188 525.05313096299641984 242.43887867806770942 2000
2.8102822765280137673 562.92802343990035752 252.28286933230072009 2000
7.6853581835167972258 640.66460084454411117 320.33230042227205558 2000
11.97732769515138429 982.76527082811844593 323.53562342649479433 2000
0 1043.2251382948970786 587.76609894678790624 2000
# Layered model 59550: value=0.192813
7
4.194069314343696675 381.87329763487036871 179.87096025387054965 2000
4.279363174791123825 397.37888483076966395 185.32123022052309125 2000
3.3822114328779626646 434.60743401514764628 192.84601530560954075 2000
3.1850917727252596734 666.67815270388200588 232.97899714807718397 2000
2.8479923829892435094 700.68543867388245872 270.48138294215311817 2000
18.485881856120229827 863.51908734050743988 275.91805873929041582 2000
0 953.86228959121501703 581.94663262058213604 2000
# Layered model 58702: value=0.1931
7
3.6851718452699686601 509.61139605124753871 172.8524573472194561 2000
9.4428660011967231469 640.66460084454411117 187.17444252272832728 2000
3.5004154747696052397 773.9926385126260584 259.92729255593883408 2000
13.554744104680935379 1032.8961765296010071 267.80334944767633942 2000
5.0079056164993112077 1085.5842622424745514 298.77972010972325734 2000
4.9890958937136105078 1235.4961542022904268 419.06155936008383378 2000
0 1337.86529535565478 486.51746080599923516 2000
# Layered model 53319: value=0.193127
7
5.2204245924582712846 328.92636436877671713 179.87096025387054965 2000
5.7548423485435948876 430.30439011400761729 190.93664881743518436 2000
4.0782549274345623047 530.30366227262641132 244.86326746484840555 2000
8.9554546806587875807 557.35447865336664108 252.28286933230072009 2000
3.431935077523725397 666.67815270388200588 314.0204886013842156 2000
13.546909308127432325 693.74795908305191006 357.3846079956137487 2000
0 1012.5440412994812505 593.64375993625583305 2000
# Layered model 54493: value=0.193144
7
3.0201622080336902876 417.64920165466935487 178.09005965729755872 2000
4.2784244164763123308 426.04395060792825234 181.66966985640925714 2000
4.2083845635338628099 452.25423861197299402 190.93664881743518436 2000
2.2453724435219033495 729.13607723265113236 219.47675417764958183 2000
5.4267941447949361589 743.79171238502738106 247.31190013949688478 2000
19.05094283258033272 880.87582099605185704 292.89257926646723718 2000
0 1140.9599698472347882 570.47998492361739409 2000
# Layered model 55142: value=0.193179
7
3.3361379973247715647 303.75797892666912503 181.66966985640925714 2000
8.0847687923022064638 628.0409772027684312 187.17444252272832728 2000
7.1309322348781112311 640.66460084454411117 240.0384937406610959 2000
13.171004814286369822 925.80934075693903651 287.12143835552120663 2000
3.1198324408288833354 973.03492161199847033 295.82150505913193683 2000
4.1558289495604086028 982.76527082811844593 350.34271933694122936 2000
0 1260.3296269017564555 501.25942638588190903 2000
# Layered model 59669: value=0.193368
7
5.5415858995874680559 385.69203061121908149 181.66966985640925714 2000
2.9318465895473524441 409.41986242002684548 185.32123022052309125 2000
3.2648288197887271878 461.34454880807362542 187.17444252272832728 2000
4.0697030671439424765 535.60669889535267885 249.78501914089181923 2000
6.4584191730512738872 721.91690815113975077 257.35375500588003206 2000
14.839356044399089285 935.06743416450854056 295.82150505913193683 2000
0 992.59292353639978046 548.22005243244962003 2000
# Layered model 55110: value=0.193396
7
5.5415858995874680559 300.75047418482091643 183.48636655497335823 2000
5.543433710824417382 489.7265349296968111 196.72222021325231367 2000
6.3916519478261850651 494.62380027899376955 244.86326746484840555 2000
4.9169343441432467046 499.57003828178363847 252.28286933230072009 2000
6.4470680011011332056 628.0409772027684312 304.78519248392871077 2000
12.147147031263923367 1064.193963574624604 364.56803861632556618 2000
0 1118.4785509726837063 559.23927548634185314 2000
# Layered model 59845: value=0.193747
7
2.7890691282942472462 356.18011931459511743 176.32679173989856736 2000
8.2959504821176377476 447.77647387324060446 185.32123022052309125 2000
6.2186155957644206893 499.57003828178363847 240.0384937406610959 2000
12.284833988919498182 647.07124685298958866 287.12143835552120663 2000
5.2542070845245376631 805.41984334671917622 289.99265273907644769 2000
4.1558289495604086028 821.60878219798814825 346.87397954152595503 2000
0 1118.4785509726837063 559.23927548634185314 2000
# Layered model 51963: value=0.193779
7
2.7890691282942472462 621.82274970571131689 172.8524573472194561 2000
9.578136373206596943 743.79171238502738106 183.48636655497335823 2000
3.2975497194167946446 781.73256489775235423 232.97899714807718397 2000
6.7288506814636779296 838.12311872016766756 262.52656548149820992 2000
11.762532005294737303 925.80934075693903651 281.46401171995017876 2000
3.6954270516715084227 953.86228959121501703 414.91243500998399441 2000
0 963.40091248712724337 458.3214558202668627 2000
# Layered model 39332: value=0.194106
7
8.7582485040999440429 366.97273310994671647 181.66966985640925714 2000
3.7326290524159091433 504.56573866460144018 196.72222021325231367 2000
3.9729376130250333432 647.07124685298958866 252.28286933230072009 2000
6.6083393852884881881 813.47404178018632592 275.91805873929041582 2000
12.118948487587168472 872.15427821391256202 281.46401171995017876 2000
3.8074021867642073857 925.80934075693903651 462.90467037846951825 2000
0 973.03492161199847033 559.23927548634185314 2000
# Layered model 53067: value=0.194366
7
2.4506507298175117526 359.7419205077410993 178.09005965729755872 2000
5.1442877789799608124 434.60743401514764628 185.32123022052309125 2000
5.1159164619850372446 461.34454880807362542 192.84601530560954075 2000
2.3298807239555330284 666.67815270388200588 226.12711930598649701 2000
6.1449642393398420381 743.79171238502738106 273.1861967715746573 2000
20.211999210015950013 1032.8961765296010071 301.76751731082049446 2000
0 1043.2251382948970786 564.83166824120530691 2000
# Layered model 59919: value=0.194388
7
3.0808674684151675649 585.78515853293447435 172.8524573472194561 2000
8.8037739347068946216 597.55944021944651467 181.66966985640925714 2000
7.8085095520960887683 758.74192580396641006 249.78501914089181923 2000
6.0477215709749962969 953.86228959121501703 262.52656548149820992 2000
6.4357544444186665089 1118.4785509726837063 265.15183113631320566 2000
4.1979829632357024138 1129.6633364824106138 427.48469670322151615 2000
0 1187.2875198725116661 453.78361962402658492 2000
# Layered model 45350: value=0.19461
7
5.4323947648146928557 356.18011931459511743 179.87096025387054965 2000
4.2111618132747681287 430.30439011400761729 183.48636655497335823 2000
5.7125410799025395647 456.77678099809264722 223.88823693662030223 2000
5.5308228771553249459 603.53503462164098892 259.92729255593883408 2000
10.034185535366287212 686.87916740896230294 284.27865183714970954 2000
12.157505663604002422 773.9926385126260584 390.86628244887617711 2000
0 1140.9599698472347882 581.94663262058213604 2000
# Layered model 41434: value=0.194952
7
2.1319753863072583577 352.65358347979713471 179.87096025387054965 2000
4.5414130251469977395 438.95350835529916367 181.66966985640925714 2000
4.1666989684499045055 475.32374998150709189 194.77447545866564838 2000
4.9678769961633300056 489.7265349296968111 210.91284683560803614 2000
10.56221233180329655 562.92802343990035752 281.46401171995017876 2000
11.481388251476776219 673.34493423092078501 330.03868945736735441 2000
0 907.56723924805316983 521.6125691474485393 2000
# Layered model 41055: value=0.194965
7
6.9666768559624827617 389.54895091733129675 178.09005965729755872 2000
6.8310228587671737444 475.32374998150709189 198.68944241538483197 2000
4.3885947902258273245 574.24287671104241326 252.28286933230072009 2000
14.174178494995686606 609.57038496785742154 295.82150505913193683 2000
2.8306300424653727532 700.68543867388245872 333.33907635194100294 2000
13.836375502577375585 898.58142499807229342 436.07713910695628101 2000
0 1012.5440412994812505 559.23927548634185314 2000
# Layered model 51720: value=0.195002
7
2.0487864411624348016 562.92802343990035752 176.32679173989856736 2000
9.6016805749360472078 609.57038496785742154 179.87096025387054965 2000
3.859191618473438723 621.82274970571131689 242.43887867806770942 2000
10.231213891621226963 1002.5188527717638181 252.28286933230072009 2000
3.9737026372387269646 1032.8961765296010071 281.46401171995017876 2000
10.867425762059582439 1129.6633364824106138 383.16467253100307744 2000
0 1272.9329231707740746 467.53371708225427028 2000
# Layered model 55653: value=0.195323
7
8.8458309891409427905 352.65358347979713471 181.66966985640925714 2000
4.6799995321115375191 557.35447865336664108 204.70993121001342274 2000
2.7749765773028514104 585.78515853293447435 257.35375500588003206 2000
9.9574569654142983666 609.57038496785742154 278.67723932668332054 2000
6.8933468804786919293 628.0409772027684312 307.83304440876798935 2000
6.63076423983896035 647.07124685298958866 386.9963192563130292 2000
0 1032.8961765296010071 564.83166824120530691 2000
# Layered model 51966: value=0.195844
7
2.4023632289162941689 409.41986242002684548 174.58098192069164156 2000
5.345233543908006979 443.343043438852078 181.66966985640925714 2000
3.2008914808789006301 480.0769874813221918 192.84601530560954075 2000
6.1692719732512930619 729.13607723265113236 226.12711930598649701 2000
5.371287157655455502 813.47404178018632592 273.1861967715746573 2000
16.509457844570800233 1032.8961765296010071 295.82150505913193683 2000
0 1064.193963574624604 587.76609894678790624 2000
# Layered model 55631: value=0.195866
7
5.5415858995874680559 303.75797892666912503 183.48636655497335823 2000
5.8793208900395095284 359.7419205077410993 200.67633683953869195 2000
3.1898932274907672024 438.95350835529916367 232.97899714807718397 2000
12.17525515453767504 660.07737891473470881 289.99265273907644769 2000
6.0373220010656893919 872.15427821391256202 292.89257926646723718 2000
6.5651131087514471574 963.40091248712724337 414.91243500998399441 2000
0 973.03492161199847033 553.70225295677414579 2000
# Layered model 59419: value=0.196007
7
4.4520890901931542416 345.70491469443891219 181.66966985640925714 2000
5.5830345556286191666 480.0769874813221918 185.32123022052309125 2000
2.3019069605568578396 499.57003828178363847 189.04618694795561851 2000
3.7886738536478166139 540.96276588430623633 249.78501914089181923 2000
3.8321832183969846142 729.13607723265113236 262.52656548149820992 2000
19.040617550757318099 1012.5440412994812505 289.99265273907644769 2000
0 1022.6694817124763404 587.76609894678790624 2000
# Layered model 45958: value=0.196217
7
3.7220235637226681824 297.77274671764445202 181.66966985640925714 2000
2.6909715307842758669 352.65358347979713471 190.93664881743518436 2000
5.4426488275058391153 401.35267367907738389 192.84601530560954075 2000
2.4551000078925184766 628.0409772027684312 235.30878711955796234 2000
7.7351803761528810099 838.12311872016766756 278.67723932668332054 2000
11.881331112170919084 1107.4045059135482916 281.46401171995017876 2000
0 1420.1709698097861292 486.51746080599923516 2000
# Layered model 55565: value=0.196419
7
4.4080090001912415332 366.97273310994671647 179.87096025387054965 2000
4.3221769667968539252 409.41986242002684548 185.32123022052309125 2000
4.365820620264095453 465.95799429615436793 206.75703052211355271 2000
5.6254356743100437654 579.98530547815289538 252.28286933230072009 2000
3.7676051230477156651 821.60878219798814825 265.15183113631320566 2000
15.362517574737612591 907.56723924805316983 301.76751731082049446 2000
0 1140.9599698472347882 532.096981787312302 2000
# Layered model 53946: value=0.196451
7
3.6125594013037631846 303.75797892666912503 183.48636655497335823 2000
8.7546461001970818927 640.66460084454411117 189.04618694795561851 2000
5.284232772319604976 721.91690815113975077 247.31190013949688478 2000
12.232915613226314377 863.51908734050743988 281.46401171995017876 2000
3.9336044373849716749 872.15427821391256202 292.89257926646723718 2000
5.5705319570408207142 1012.5440412994812505 343.43958370448115147 2000
0 1285.6622524024817267 532.096981787312302 2000
