# 62097 2_reports/tar1_ln7_tr0.report
# Layered model 60774: value=0.159715
7
8.0880955518671093785 585.78515853293447435 178.09005965729755872 2000
3.7965458512549528081 591.64301011826387366 192.84601530560954075 2000
2.8722666141668593554 621.82274970571131689 210.91284683560803614 2000
2.5320298119351178912 666.67815270388200588 267.80334944767633942 2000
6.3472769891761373628 1298.518874926506669 275.91805873929041582 2000
14.976166596630271499 1448.7164063029629233 281.46401171995017876 2000
0 1463.2035703659926185 553.70225295677414579 2000
# Layered model 57135: value=0.160987
7
8.6715331723761828187 489.7265349296968111 178.09005965729755872 2000
3.4519895229486330379 519.85458511187766817 204.70993121001342274 2000
2.3426159354848330452 603.53503462164098892 206.75703052211355271 2000
2.4821388216205448884 673.34493423092078501 254.80569802562376935 2000
6.924299514153986479 1199.160395071236735 267.80334944767633942 2000
17.115243968162193511 1392.1879911869286843 301.76751731082049446 2000
0 1406.1098710987980667 599.58019753561836751 2000
# Layered model 57482: value=0.161547
7
6.4979452848665486542 530.30366227262641132 176.32679173989856736 2000
5.0371705726566995409 585.78515853293447435 192.84601530560954075 2000
3.0756841595944965917 591.64301011826387366 198.68944241538483197 2000
2.3374774353124490034 640.66460084454411117 267.80334944767633942 2000
3.6143541805371448561 1298.518874926506669 281.46401171995017876 2000
18.82585864850521773 1324.6191043125295437 284.27865183714970954 2000
0 1420.1709698097861292 576.18478477285361805 2000
# Layered model 58874: value=0.161928
7
5.7665965088701769403 470.61757423911592468 178.09005965729755872 2000
4.8858894549422080544 489.7265349296968111 189.04618694795561851 2000
3.813652666997263907 591.64301011826387366 198.68944241538483197 2000
4.0699428162816708721 707.69229306062129581 273.1861967715746573 2000
2.4398590816986640561 1140.9599698472347882 275.91805873929041582 2000
18.806434655497298536 1337.86529535565478 289.99265273907644769 2000
0 1420.1709698097861292 553.70225295677414579 2000
# Layered model 60350: value=0.162054
7
8.0080153978882275823 470.61757423911592468 178.09005965729755872 2000
2.3311825295255914625 568.55730367429941907 200.67633683953869195 2000
4.7143239410226094321 640.66460084454411117 204.70993121001342274 2000
2.2354159607876109561 647.07124685298958866 273.1861967715746573 2000
6.8223649070259817506 1260.3296269017564555 278.67723932668332054 2000
15.277187545222535192 1392.1879911869286843 284.27865183714970954 2000
0 1420.1709698097861292 599.58019753561836751 2000
# Layered model 57110: value=0.163129
7
8.4165046645360757083 568.55730367429941907 178.09005965729755872 2000
2.891323840045089355 621.82274970571131689 196.72222021325231367 2000
3.7456933638552634136 634.3213869747961553 210.91284683560803614 2000
2.2354159607876109561 680.0783835732299849 254.80569802562376935 2000
6.8223649070259817506 1235.4961542022904268 275.91805873929041582 2000
13.740262223097541749 1420.1709698097861292 284.27865183714970954 2000
0 1448.7164063029629233 548.22005243244962003 2000
# Layered model 56616: value=0.163344
7
7.1777741313750018648 430.30439011400761729 178.09005965729755872 2000
5.4380122007060096578 525.05313096299641984 196.72222021325231367 2000
2.4377355363554169543 557.35447865336664108 219.47675417764958183 2000
5.4218438164447828598 707.69229306062129581 273.1861967715746573 2000
6.9655459417377301179 1140.9599698472347882 284.27865183714970954 2000
11.17146978841150684 1285.6622524024817267 287.12143835552120663 2000
0 1392.1879911869286843 576.18478477285361805 2000
# Layered model 61807: value=0.163946
7
5.2726288383828538997 540.96276588430623633 176.32679173989856736 2000
7.0945766631179907336 562.92802343990035752 187.17444252272832728 2000
2.0989331293088042685 591.64301011826387366 208.82460082733467743 2000
2.9956885767066303572 700.68543867388245872 259.92729255593883408 2000
5.027220177093671083 1392.1879911869286843 281.46401171995017876 2000
17.293327799677332024 1448.7164063029629233 287.12143835552120663 2000
0 1463.2035703659926185 570.47998492361739409 2000
# Layered model 52702: value=0.164201
7
3.0503638301140272304 332.21562801246449226 179.87096025387054965 2000
6.6896283137563292698 349.16196384138328312 187.17444252272832728 2000
2.9708628269121533094 438.95350835529916367 202.68310020793407489 2000
6.9655689984862725339 603.53503462164098892 265.15183113631320566 2000
7.223793290430208458 766.32934506200615488 289.99265273907644769 2000
9.8381387734870031636 838.12311872016766756 298.77972010972325734 2000
0 992.59292353639978046 548.22005243244962003 2000
# Layered model 57200: value=0.16429
7
8.0880955518671093785 535.60669889535267885 178.09005965729755872 2000
2.778505379817906018 647.07124685298958866 187.17444252272832728 2000
2.099742224010222813 797.44538945219721882 221.671521719426039 2000
3.3206183489314753388 838.12311872016766756 228.38839049904632361 2000
5.1105954287919495016 1420.1709698097861292 270.48138294215311817 2000
16.07924005603437223 1463.2035703659926185 275.91805873929041582 2000
0 1477.8356060696526129 553.70225295677414579 2000
# Layered model 58885: value=0.164866
7
7.3952678653297958533 530.30366227262641132 178.09005965729755872 2000
1.9646731403466635157 562.92802343990035752 192.84601530560954075 2000
5.6935808627599691079 579.98530547815289538 200.67633683953869195 2000
2.408305339079850782 621.82274970571131689 273.1861967715746573 2000
2.897214013243463171 1152.3695695457072361 275.91805873929041582 2000
19.821157715370411267 1337.86529535565478 289.99265273907644769 2000
0 1434.3726795078839586 564.83166824120530691 2000
# Layered model 57601: value=0.164903
7
6.1825719784965826875 405.36620041586814978 179.87096025387054965 2000
4.9024476319153027504 621.82274970571131689 185.32123022052309125 2000
2.6790149289659694887 789.54989054673001192 226.12711930598649701 2000
5.3337087116417816191 813.47404178018632592 237.66187499075354594 2000
3.6161946074364124115 1175.5321978935758125 284.27865183714970954 2000
18.683761285637785932 1272.9329231707740746 298.77972010972325734 2000
0 1378.4039516702264336 576.18478477285361805 2000
# Layered model 47857: value=0.165452
7
6.9666768559624827617 504.56573866460144018 178.09005965729755872 2000
4.0085900850393834105 540.96276588430623633 192.84601530560954075 2000
3.3476425944532319789 597.55944021944651467 202.68310020793407489 2000
2.9660282937689412819 660.07737891473470881 259.92729255593883408 2000
7.3070020920246108176 1351.2439483092114187 273.1861967715746573 2000
14.402565307932100325 1392.1879911869286843 292.89257926646723718 2000
0 1492.6139621303491367 553.70225295677414579 2000
# Layered model 56089: value=0.165538
7
6.2443976982815483368 597.55944021944651467 178.09005965729755872 2000
5.0634308062996167266 647.07124685298958866 185.32123022052309125 2000
2.7328631290381846242 680.0783835732299849 210.91284683560803614 2000
2.573637797250363235 707.69229306062129581 249.78501914089181923 2000
6.3267478061708963821 1324.6191043125295437 267.80334944767633942 2000
16.447413044431947071 1477.8356060696526129 287.12143835552120663 2000
0 1492.6139621303491367 553.70225295677414579 2000
# Layered model 56072: value=0.166011
7
3.238022672330485463 335.53778429258915139 178.09005965729755872 2000
6.5993693929785752772 370.6424604410461825 187.17444252272832728 2000
2.7476128562577812886 426.04395060792825234 196.72222021325231367 2000
9.3673584765130684104 673.34493423092078501 270.48138294215311817 2000
9.2779537331388404198 797.44538945219721882 275.91805873929041582 2000
2.6969382870103508765 1012.5440412994812505 317.16069348739807765 2000
0 1211.1519990219492229 496.29646176819989023 2000
# Layered model 61827: value=0.166187
7
7.0363436245221073762 551.83611747858083163 176.32679173989856736 2000
5.9617136492072901888 562.92802343990035752 194.77447545866564838 2000
2.2059998133913953922 700.68543867388245872 219.47675417764958183 2000
3.5173851744414417198 743.79171238502738106 259.92729255593883408 2000
8.1787749981367561247 1260.3296269017564555 284.27865183714970954 2000
12.882157924588291564 1406.1098710987980667 295.82150505913193683 2000
0 1492.6139621303491367 553.70225295677414579 2000
# Layered model 53740: value=0.166209
7
8.0880955518671093785 525.05313096299641984 178.09005965729755872 2000
4.4027820046487438077 574.24287671104241326 194.77447545866564838 2000
2.2660304607730683557 680.0783835732299849 215.15219505700380864 2000
3.2340300164423076978 729.13607723265113236 252.28286933230072009 2000
6.8509612867299090055 1311.5040636757717039 284.27865183714970954 2000
14.940475863826144121 1420.1709698097861292 292.89257926646723718 2000
0 1434.3726795078839586 553.70225295677414579 2000
# Layered model 57502: value=0.16662
7
4.2360100074871338549 303.75797892666912503 183.48636655497335823 2000
2.7083447337596950888 328.92636436877671713 187.17444252272832728 2000
5.2705270472468646048 349.16196384138328312 198.68944241538483197 2000
5.2469454190225857104 470.61757423911592468 265.15183113631320566 2000
5.027220177093671083 758.74192580396641006 287.12143835552120663 2000
16.123334030420497953 963.40091248712724337 326.77097966075973545 2000
0 1032.8961765296010071 532.096981787312302 2000
# Layered model 62075: value=0.166622
7
8.0880955518671093785 519.85458511187766817 178.09005965729755872 2000
3.4470203056561388166 574.24287671104241326 192.84601530560954075 2000
4.1296393633943910828 597.55944021944651467 215.15219505700380864 2000
3.0566870406445953989 666.67815270388200588 273.1861967715746573 2000
6.1204570588989035684 1337.86529535565478 284.27865183714970954 2000
14.546590961011418131 1392.1879911869286843 287.12143835552120663 2000
0 1434.3726795078839586 548.22005243244962003 2000
# Layered model 31782: value=0.166729
7
9.2050071990823312262 597.55944021944651467 178.09005965729755872 2000
2.1028213054988338371 686.87916740896230294 192.84601530560954075 2000
3.7456933638552634136 721.91690815113975077 221.671521719426039 2000
8.2493542319412416219 973.03492161199847033 262.52656548149820992 2000
2.2917576113927609072 1364.7563877923034852 284.27865183714970954 2000
13.79385656970212537 1448.7164063029629233 292.89257926646723718 2000
0 1463.2035703659926185 542.79213112123727569 2000
# Layered model 55302: value=0.166766
7
6.9666768559624827617 540.96276588430623633 178.09005965729755872 2000
5.7752673394393383433 551.83611747858083163 190.93664881743518436 2000
2.1625329020599899366 686.87916740896230294 217.30371700757382314 2000
3.6316043496295087323 751.22962950887767875 262.52656548149820992 2000
7.3144986017968172121 1260.3296269017564555 281.46401171995017876 2000
12.761801366142311309 1420.1709698097861292 289.99265273907644769 2000
0 1448.7164063029629233 548.22005243244962003 2000
# Layered model 51555: value=0.166777
7
6.6948395249432897103 530.30366227262641132 176.32679173989856736 2000
4.5010302815727145642 535.60669889535267885 192.84601530560954075 2000
4.3137888280559160137 609.57038496785742154 208.82460082733467743 2000
2.8428972536373073865 634.3213869747961553 265.15183113631320566 2000
2.0064853325505147552 1187.2875198725116661 284.27865183714970954 2000
20.222959704731714226 1392.1879911869286843 292.89257926646723718 2000
0 1477.8356060696526129 576.18478477285361805 2000
# Layered model 54860: value=0.16694
7
7.7725008496431895466 489.7265349296968111 178.09005965729755872 2000
2.5666970777706294982 597.55944021944651467 196.72222021325231367 2000
5.1704607071581012434 653.5419593215194709 204.70993121001342274 2000
4.9657070503092910485 714.7692159912274974 275.91805873929041582 2000
2.2385721735748376204 1337.86529535565478 278.67723932668332054 2000
16.284567370724701618 1392.1879911869286843 284.27865183714970954 2000
0 1420.1709698097861292 587.76609894678790624 2000
# Layered model 59531: value=0.16752
7
5.5415858995874680559 499.57003828178363847 176.32679173989856736 2000
5.543433710824417382 551.83611747858083163 190.93664881743518436 2000
3.2378899250432127133 615.66608881753597871 196.72222021325231367 2000
4.9658111480747333388 773.9926385126260584 262.52656548149820992 2000
6.0525008132725766075 1235.4961542022904268 278.67723932668332054 2000
16.470454638732366703 1378.4039516702264336 301.76751731082049446 2000
0 1448.7164063029629233 599.58019753561836751 2000
# Layered model 60671: value=0.167557
7
2.9606530811035098871 342.28209375687021065 179.87096025387054965 2000
3.6466621777620900069 405.36620041586814978 181.66966985640925714 2000
5.8530856535768185367 430.30439011400761729 190.93664881743518436 2000
10.842475187935251668 621.82274970571131689 267.80334944767633942 2000
4.1380355262412713557 854.96939340644303229 284.27865183714970954 2000
7.5143735580379242833 872.15427821391256202 287.12143835552120663 2000
0 1053.6573896778461403 506.27202064974062523 2000
# Layered model 40298: value=0.167706
7
5.1687372202557142487 447.77647387324060446 178.09005965729755872 2000
3.4750112619107174083 475.32374998150709189 181.66966985640925714 2000
5.2579264026052019432 628.0409772027684312 194.77447545866564838 2000
8.2702121472890759435 1012.5440412994812505 270.48138294215311817 2000
6.3832356446545865936 1211.1519990219492229 278.67723932668332054 2000
11.227252507571986229 1298.518874926506669 301.76751731082049446 2000
0 1492.6139621303491367 542.79213112123727569 2000
# Layered model 55642: value=0.16801
7
2.680240611694594044 456.77678099809264722 178.09005965729755872 2000
7.6589573157192250008 615.66608881753597871 179.87096025387054965 2000
2.4987655930765164669 781.73256489775235423 206.75703052211355271 2000
3.942509204688073865 838.12311872016766756 249.78501914089181923 2000
3.3769938300292565714 1199.160395071236735 265.15183113631320566 2000
16.217143378639850226 1311.5040636757717039 270.48138294215311817 2000
0 1492.6139621303491367 526.82869483892307017 2000
# Layered model 57409: value=0.168016
7
7.4692205439830940961 568.55730367429941907 178.09005965729755872 2000
4.4154208591389680905 621.82274970571131689 192.84601530560954075 2000
3.1688804653143662904 634.3213869747961553 215.15219505700380864 2000
2.408305339079850782 729.13607723265113236 252.28286933230072009 2000
6.6494755287337419247 1364.7563877923034852 278.67723932668332054 2000
15.277187545222535192 1392.1879911869286843 289.99265273907644769 2000
0 1477.8356060696526129 559.23927548634185314 2000
# Layered model 61525: value=0.168102
7
8.6715331723761828187 551.83611747858083163 178.09005965729755872 2000
3.8193443841396703675 557.35447865336664108 194.77447545866564838 2000
1.9752610742937957156 628.0409772027684312 210.91284683560803614 2000
2.1481908000600640207 729.13607723265113236 262.52656548149820992 2000
9.2362506180184240634 1272.9329231707740746 278.67723932668332054 2000
12.761801366142311309 1448.7164063029629233 281.46401171995017876 2000
0 1477.8356060696526129 548.22005243244962003 2000
# Layered model 60343: value=0.168248
7
7.7725008496431895466 557.35447865336664108 178.09005965729755872 2000
4.35102184568162631 714.7692159912274974 192.84601530560954075 2000
4.504930625911480746 789.54989054673001192 226.12711930598649701 2000
7.1428105887589659062 982.76527082811844593 265.15183113631320566 2000
2.8626145649542316107 1378.4039516702264336 278.67723932668332054 2000
13.148496709337788246 1448.7164063029629233 307.83304440876798935 2000
0 1463.2035703659926185 548.22005243244962003 2000
# Layered model 57514: value=0.168252
7
8.6715331723761828187 535.60669889535267885 178.09005965729755872 2000
1.9809527914362021761 609.57038496785742154 190.93664881743518436 2000
5.6483211347429467253 615.66608881753597871 219.47675417764958183 2000
2.0517487896538959546 829.82487001996798881 249.78501914089181923 2000
6.9886656085931804228 1364.7563877923034852 287.12143835552120663 2000
14.8389774393277456 1378.4039516702264336 295.82150505913193683 2000
0 1492.6139621303491367 576.18478477285361805 2000
# Layered model 50653: value=0.168703
7
6.628553985092366041 519.85458511187766817 176.32679173989856736 2000
3.608275646010425497 535.60669889535267885 192.84601530560954075 2000
3.8038620025165581495 579.98530547815289538 196.72222021325231367 2000
5.6357323356494326561 916.6429116405337254 257.35375500588003206 2000
4.4348787669812388401 1129.6633364824106138 289.99265273907644769 2000
16.068896199880132514 1247.851115744313347 292.89257926646723718 2000
0 1434.3726795078839586 553.70225295677414579 2000
# Layered model 38684: value=0.169237
7
2.3317100817297991 297.77274671764445202 178.09005965729755872 2000
7.5056819835792616402 363.33933971281851427 189.04618694795561851 2000
2.6230088471333576905 366.97273310994671647 198.68944241538483197 2000
11.788665402143751137 647.07124685298958866 275.91805873929041582 2000
6.0627718096306857376 700.68543867388245872 278.67723932668332054 2000
3.9546898481945405024 925.80934075693903651 330.03868945736735441 2000
0 1187.2875198725116661 496.29646176819989023 2000
# Layered model 59005: value=0.169274
7
8.0880955518671093785 475.32374998150709189 178.09005965729755872 2000
3.107774254648894896 540.96276588430623633 194.77447545866564838 2000
2.2969588763365145212 628.0409772027684312 198.68944241538483197 2000
2.3151356932149713685 693.74795908305191006 249.78501914089181923 2000
6.9059734823885587929 1351.2439483092114187 265.15183113631320566 2000
16.674552423016507419 1364.7563877923034852 292.89257926646723718 2000
0 1477.8356060696526129 564.83166824120530691 2000
# Layered model 51610: value=0.169428
7
6.4979452848665486542 438.95350835529916367 178.09005965729755872 2000
6.2439989105352724508 574.24287671104241326 194.77447545866564838 2000
2.4621128917189718521 653.5419593215194709 208.82460082733467743 2000
3.8936861638988435885 693.74795908305191006 275.91805873929041582 2000
4.5384715673805402503 1152.3695695457072361 278.67723932668332054 2000
15.75227546307237958 1324.6191043125295437 287.12143835552120663 2000
0 1392.1879911869286843 576.18478477285361805 2000
# Layered model 55320: value=0.169783
7
8.8458309891409427905 653.5419593215194709 178.09005965729755872 2000
3.3989269331371207983 660.07737891473470881 198.68944241538483197 2000
2.0781516131770345623 736.42743800497760276 208.82460082733467743 2000
2.1269215842178841314 1012.5440412994812505 257.35375500588003206 2000
3.3104537104492273158 1187.2875198725116661 259.92729255593883408 2000
17.716512159330825682 1392.1879911869286843 273.1861967715746573 2000
0 1420.1709698097861292 581.94663262058213604 2000
# Layered model 57477: value=0.170268
7
6.3068416752643639001 504.56573866460144018 178.09005965729755872 2000
5.3436253408341176652 530.30366227262641132 190.93664881743518436 2000
3.7056306418935189839 591.64301011826387366 208.82460082733467743 2000
2.4567122763953559428 628.0409772027684312 262.52656548149820992 2000
3.584746999031306558 1022.6694817124763404 281.46401171995017876 2000
20.000142210675171839 1406.1098710987980667 295.82150505913193683 2000
0 1492.6139621303491367 581.94663262058213604 2000
# Layered model 61714: value=0.170306
7
6.6948395249432897103 385.69203061121908149 178.09005965729755872 2000
4.5010302815727145642 640.66460084454411117 196.72222021325231367 2000
2.844821827103345413 653.5419593215194709 204.70993121001342274 2000
2.7397810915590596892 693.74795908305191006 242.43887867806770942 2000
4.4052272088994754995 1337.86529535565478 273.1861967715746573 2000
18.59667525020939749 1477.8356060696526129 292.89257926646723718 2000
0 1492.6139621303491367 559.23927548634185314 2000
# Layered model 61613: value=0.170545
7
5.8825050986984672718 574.24287671104241326 176.32679173989856736 2000
6.2410175966263485847 579.98530547815289538 190.93664881743518436 2000
2.4872773217929289302 585.78515853293447435 208.82460082733467743 2000
2.6781378121062946462 805.41984334671917622 262.52656548149820992 2000
4.3225946735288118816 1298.518874926506669 275.91805873929041582 2000
16.618548106188185898 1351.2439483092114187 278.67723932668332054 2000
0 1463.2035703659926185 570.47998492361739409 2000
# Layered model 47565: value=0.170596
7
4.6328617601322479302 370.6424604410461825 178.09005965729755872 2000
3.9253050538939211478 647.07124685298958866 185.32123022052309125 2000
4.6687998390985434582 1022.6694817124763404 202.68310020793407489 2000
2.1160878290775659849 1235.4961542022904268 223.88823693662030223 2000
7.8274335272087380844 1324.6191043125295437 262.52656548149820992 2000
15.82801721976973397 1337.86529535565478 292.89257926646723718 2000
0 1392.1879911869286843 532.096981787312302 2000
# Layered model 59919: value=0.170602
7
7.3220473914156389839 562.92802343990035752 176.32679173989856736 2000
3.5445535402693764127 568.55730367429941907 194.77447545866564838 2000
3.8903070856039061454 579.98530547815289538 202.68310020793407489 2000
2.8795374623025189464 653.5419593215194709 265.15183113631320566 2000
3.131812469705572255 1298.518874926506669 281.46401171995017876 2000
18.620232332175543633 1311.5040636757717039 284.27865183714970954 2000
0 1463.2035703659926185 570.47998492361739409 2000
# Layered model 61036: value=0.170662
7
5.6529717761691760103 480.0769874813221918 178.09005965729755872 2000
5.7679350134578015741 551.83611747858083163 187.17444252272832728 2000
2.9020027458281205668 603.53503462164098892 202.68310020793407489 2000
2.2914198954146147713 621.82274970571131689 262.52656548149820992 2000
7.9816104903789373282 1364.7563877923034852 273.1861967715746573 2000
14.792550360223906125 1448.7164063029629233 298.77972010972325734 2000
0 1463.2035703659926185 532.096981787312302 2000
# Layered model 59980: value=0.170698
7
6.8976998573885968113 504.56573866460144018 176.32679173989856736 2000
3.649315948366240292 540.96276588430623633 194.77447545866564838 2000
5.7537912928004946167 591.64301011826387366 208.82460082733467743 2000
2.4206351630069029568 647.07124685298958866 275.91805873929041582 2000
3.3244820444959479744 1211.1519990219492229 284.27865183714970954 2000
18.134274630071971046 1392.1879911869286843 295.82150505913193683 2000
0 1434.3726795078839586 553.70225295677414579 2000
# Layered model 57320: value=0.170944
7
7.4692205439830940961 421.82569367121607229 178.09005965729755872 2000
5.1465657880979174266 475.32374998150709189 200.67633683953869195 2000
2.4377355363554169543 640.66460084454411117 208.82460082733467743 2000
4.4280860219287010437 729.13607723265113236 259.92729255593883408 2000
2.129924612387721794 1199.160395071236735 267.80334944767633942 2000
21.040558323106175465 1392.1879911869286843 310.91137485285565845 2000
0 1492.6139621303491367 570.47998492361739409 2000
# Layered model 61856: value=0.171036
7
6.3699100920170073081 417.64920165466935487 178.09005965729755872 2000
5.9972954094838373251 494.62380027899376955 190.93664881743518436 2000
2.2435945156169001535 707.69229306062129581 232.97899714807718397 2000
7.3415633809621656525 758.74192580396641006 267.80334944767633942 2000
7.4680080508625401592 1096.4401048648992401 281.46401171995017876 2000
9.1920099660879976966 1298.518874926506669 292.89257926646723718 2000
0 1448.7164063029629233 587.76609894678790624 2000
# Layered model 56054: value=0.171281
7
7.2495518726887517857 557.35447865336664108 176.32679173989856736 2000
4.6350895304333104008 562.92802343990035752 194.77447545866564838 2000
4.094975397736021705 568.55730367429941907 217.30371700757382314 2000
2.0113212328731453482 609.57038496785742154 265.15183113631320566 2000
4.2754455153875348117 1392.1879911869286843 270.48138294215311817 2000
16.732121680061986524 1463.2035703659926185 292.89257926646723718 2000
0 1492.6139621303491367 559.23927548634185314 2000
# Layered model 60986: value=0.171404
7
6.5629247377152140075 562.92802343990035752 178.09005965729755872 2000
4.4123422032866521647 609.57038496785742154 185.32123022052309125 2000
2.926407943769767428 621.82274970571131689 202.68310020793407489 2000
2.2240295752548142616 673.34493423092078501 259.92729255593883408 2000
9.9833813893505691794 1211.1519990219492229 273.1861967715746573 2000
13.279404432095539335 1434.3726795078839586 289.99265273907644769 2000
0 1492.6139621303491367 581.94663262058213604 2000
# Layered model 60519: value=0.171427
7
6.060750885694130119 393.44444042650462734 179.87096025387054965 2000
2.3287862322611374566 509.61139605124753871 181.66966985640925714 2000
4.3213178528272422341 1175.5321978935758125 196.72222021325231367 2000
2.0335188109428532499 1235.4961542022904268 232.97899714807718397 2000
9.8515661395232871911 1272.9329231707740746 265.15183113631320566 2000
10.708898115254783079 1324.6191043125295437 278.67723932668332054 2000
0 1448.7164063029629233 486.51746080599923516 2000
# Layered model 60664: value=0.171626
7
6.1213583945510716688 504.56573866460144018 176.32679173989856736 2000
6.748005242804767434 525.05313096299641984 190.93664881743518436 2000
2.7953915835618001751 597.55944021944651467 230.67227440403681271 2000
2.506092193150903924 640.66460084454411117 275.91805873929041582 2000
3.0148525200093416743 1211.1519990219492229 278.67723932668332054 2000
17.812805295102865699 1364.7563877923034852 287.12143835552120663 2000
0 1378.4039516702264336 570.47998492361739409 2000
# Layered model 38766: value=0.171754
7
3.6851718452699686601 322.44521553649320822 181.66966985640925714 2000
4.788260643864852284 345.70491469443891219 185.32123022052309125 2000
4.6225740981173704114 456.77678099809264722 202.68310020793407489 2000
8.4238085270306335417 551.83611747858083163 275.91805873929041582 2000
6.4726588360311581027 805.41984334671917622 292.89257926646723718 2000
8.7458820828720114093 944.41810850615354411 298.77972010972325734 2000
0 1022.6694817124763404 553.70225295677414579 2000
# Layered model 58708: value=0.172087
7
7.4692205439830940961 426.04395060792825234 178.09005965729755872 2000
5.1465657880979174266 514.70751001176006412 198.68944241538483197 2000
2.4377355363554169543 640.66460084454411117 221.671521719426039 2000
2.759288065950928015 660.07737891473470881 259.92729255593883408 2000
4.4535736147314075595 1140.9599698472347882 262.52656548149820992 2000
20.385707276740262728 1351.2439483092114187 307.83304440876798935 2000
0 1434.3726795078839586 570.47998492361739409 2000
# Layered model 60847: value=0.172436
7
5.1687372202557142487 591.64301011826387366 176.32679173989856736 2000
6.1390912843254508147 603.53503462164098892 187.17444252272832728 2000
2.5938463801904685369 628.0409772027684312 196.72222021325231367 2000
2.7126545460980793223 680.0783835732299849 252.28286933230072009 2000
7.2582475357144673467 1272.9329231707740746 267.80334944767633942 2000
14.739804448446268026 1463.2035703659926185 289.99265273907644769 2000
0 1492.6139621303491367 559.23927548634185314 2000
# Layered model 49975: value=0.173302
7
6.4979452848665486542 345.70491469443891219 179.87096025387054965 2000
6.1178410472144628685 628.0409772027684312 196.72222021325231367 2000
8.7090742347230012399 686.87916740896230294 254.80569802562376935 2000
6.8275526211389205855 813.47404178018632592 287.12143835552120663 2000
6.0037247197331211623 907.56723924805316983 301.76751731082049446 2000
4.4562435073543937847 1235.4961542022904268 307.83304440876798935 2000
0 1298.518874926506669 537.41795160518540797 2000
# Layered model 55935: value=0.173384
7
7.1067070607673281657 456.77678099809264722 179.87096025387054965 2000
4.2011214438138368976 686.87916740896230294 187.17444252272832728 2000
2.3199284650998794888 751.22962950887767875 226.12711930598649701 2000
6.2454312392804247622 805.41984334671917622 240.0384937406610959 2000
2.6158591756484810276 1311.5040636757717039 270.48138294215311817 2000
18.498773550136423438 1392.1879911869286843 301.76751731082049446 2000
0 1434.3726795078839586 570.47998492361739409 2000
# Layered model 44507: value=0.17341
7
4.6328617601322479302 489.7265349296968111 178.09005965729755872 2000
5.8097281465557086833 546.37239354314931461 183.48636655497335823 2000
4.0235487241216922882 557.35447865336664108 200.67633683953869195 2000
13.131560798602105677 621.82274970571131689 275.91805873929041582 2000
5.2256777433093546392 781.73256489775235423 298.77972010972325734 2000
9.406415724169015391 1053.6573896778461403 357.3846079956137487 2000
0 1260.3296269017564555 542.79213112123727569 2000
# Layered model 61165: value=0.173465
7
7.2495518726887517857 634.3213869747961553 178.09005965729755872 2000
3.8354677377231336521 666.67815270388200588 181.66966985640925714 2000
3.2378899250432127133 736.42743800497760276 215.15219505700380864 2000
6.1524561494261131855 963.40091248712724337 262.52656548149820992 2000
4.6149526287845397121 1351.2439483092114187 265.15183113631320566 2000
15.089880622464402649 1434.3726795078839586 298.77972010972325734 2000
0 1463.2035703659926185 537.41795160518540797 2000
# Layered model 37553: value=0.173477
7
6.9666768559624827617 551.83611747858083163 176.32679173989856736 2000
4.9179645471595794248 568.55730367429941907 192.84601530560954075 2000
2.8722666141668593554 585.78515853293447435 204.70993121001342274 2000
3.2340300164423076978 640.66460084454411117 270.48138294215311817 2000
2.5716935992361094065 1272.9329231707740746 278.67723932668332054 2000
19.21974355131994372 1420.1709698097861292 284.27865183714970954 2000
0 1434.3726795078839586 576.18478477285361805 2000
# Layered model 58826: value=0.173495
7
6.4979452848665486542 568.55730367429941907 176.32679173989856736 2000
6.3714183524892904487 585.78515853293447435 192.84601530560954075 2000
2.4867340206361614463 597.55944021944651467 226.12711930598649701 2000
2.4567122763953559428 609.57038496785742154 257.35375500588003206 2000
2.7498216985799821543 1463.2035703659926185 281.46401171995017876 2000
18.435873596213411929 1477.8356060696526129 284.27865183714970954 2000
0 1492.6139621303491367 542.79213112123727569 2000
# Layered model 57452: value=0.173522
7
6.1825719784965826875 519.85458511187766817 176.32679173989856736 2000
5.5843997077628841907 525.05313096299641984 194.77447545866564838 2000
3.4370854008613260788 585.78515853293447435 198.68944241538483197 2000
2.6087528472665635348 634.3213869747961553 267.80334944767633942 2000
2.9554480149096562513 1272.9329231707740746 287.12143835552120663 2000
19.014117234990269623 1406.1098710987980667 292.89257926646723718 2000
0 1434.3726795078839586 564.83166824120530691 2000
# Layered model 53711: value=0.173544
7
5.8825050986984672718 489.7265349296968111 176.32679173989856736 2000
4.4566928287153517729 494.62380027899376955 190.93664881743518436 2000
4.7143239410226094321 585.78515853293447435 198.68944241538483197 2000
3.6679203931258061999 700.68543867388245872 270.48138294215311817 2000
3.9924955968938142803 1223.2635190121686719 287.12143835552120663 2000
16.674552423016507419 1392.1879911869286843 289.99265273907644769 2000
0 1463.2035703659926185 559.23927548634185314 2000
# Layered model 56698: value=0.173553
7
6.6948395249432897103 413.51406104422710541 179.87096025387054965 2000
3.6443584024705293345 628.0409772027684312 183.48636655497335823 2000
3.8419006225417238198 729.13607723265113236 221.671521719426039 2000
4.3549828971357769092 821.60878219798814825 235.30878711955796234 2000
4.1778564113647291833 1324.6191043125295437 265.15183113631320566 2000
18.273883076290324823 1378.4039516702264336 307.83304440876798935 2000
0 1406.1098710987980667 553.70225295677414579 2000
# Layered model 57801: value=0.173606
7
7.3952678653297958533 535.60669889535267885 178.09005965729755872 2000
2.3447242785405606469 546.37239354314931461 189.04618694795561851 2000
5.1644849535914545413 585.78515853293447435 200.67633683953869195 2000
2.0438003549683827487 686.87916740896230294 254.80569802562376935 2000
5.097646853627988861 1420.1709698097861292 281.46401171995017876 2000
16.184156302882854561 1448.7164063029629233 284.27865183714970954 2000
0 1463.2035703659926185 553.70225295677414579 2000
# Layered model 59843: value=0.173755
7
6.628553985092366041 562.92802343990035752 176.32679173989856736 2000
5.8623235714234871452 574.24287671104241326 192.84601530560954075 2000
2.2660304607730683557 634.3213869747961553 204.70993121001342274 2000
2.360852209665573298 640.66460084454411117 267.80334944767633942 2000
3.6504977223425179034 1187.2875198725116661 270.48138294215311817 2000
20.219562985449361037 1378.4039516702264336 289.99265273907644769 2000
0 1463.2035703659926185 581.94663262058213604 2000
# Layered model 47058: value=0.17404
7
5.7665965088701769403 557.35447865336664108 176.32679173989856736 2000
6.4781614134078866485 585.78515853293447435 190.93664881743518436 2000
2.2213807085315853129 603.53503462164098892 204.70993121001342274 2000
2.6516215961448459382 680.0783835732299849 257.35375500588003206 2000
4.9281640791036878113 1337.86529535565478 281.46401171995017876 2000
17.736450878229099715 1392.1879911869286843 284.27865183714970954 2000
0 1477.8356060696526129 570.47998492361739409 2000
# Layered model 56969: value=0.174228
7
7.0363436245221073762 557.35447865336664108 176.32679173989856736 2000
6.4894868967303729335 579.98530547815289538 198.68944241538483197 2000
1.9838281133194399786 603.53503462164098892 215.15219505700380864 2000
2.8428972536373073865 621.82274970571131689 265.15183113631320566 2000
2.4157020610877850686 1448.7164063029629233 281.46401171995017876 2000
17.844123465733435552 1477.8356060696526129 284.27865183714970954 2000
0 1492.6139621303491367 548.22005243244962003 2000
# Layered model 60210: value=0.1743
7
5.0668926774391858103 568.55730367429941907 176.32679173989856736 2000
7.1778652448388777785 579.98530547815289538 189.04618694795561851 2000
2.9592991648427293683 647.07124685298958866 206.75703052211355271 2000
2.0848807421032464759 721.91690815113975077 262.52656548149820992 2000
2.868528725983626515 1285.6622524024817267 281.46401171995017876 2000
19.231023726264890428 1448.7164063029629233 287.12143835552120663 2000
0 1477.8356060696526129 570.47998492361739409 2000
# Layered model 59447: value=0.174376
7
9.3900278437838853307 653.5419593215194709 178.09005965729755872 2000
2.2604391723145962345 673.34493423092078501 187.17444252272832728 2000
2.8156716147111673365 743.79171238502738106 223.88823693662030223 2000
8.3775787502095333537 992.59292353639978046 259.92729255593883408 2000
2.7509163307512487506 1392.1879911869286843 273.1861967715746573 2000
14.18774147251685136 1434.3726795078839586 298.77972010972325734 2000
0 1492.6139621303491367 542.79213112123727569 2000
# Layered model 56587: value=0.17439
7
4.194069314343696675 434.60743401514764628 176.32679173989856736 2000
7.1137591902374683883 525.05313096299641984 187.17444252272832728 2000
3.1583101262284838384 540.96276588430623633 206.75703052211355271 2000
2.3143340943687604749 925.80934075693903651 240.0384937406610959 2000
2.7841657204871452791 1272.9329231707740746 275.91805873929041582 2000
21.833060698428280233 1364.7563877923034852 295.82150505913193683 2000
0 1492.6139621303491367 581.94663262058213604 2000
# Layered model 46123: value=0.174511
7
2.6274292831041994312 322.44521553649320822 183.48636655497335823 2000
8.2391716485808164094 359.7419205077410993 185.32123022052309125 2000
3.4563086037700827546 389.54895091733129675 235.30878711955796234 2000
2.4575631897233112255 525.05313096299641984 252.28286933230072009 2000
13.231248189887782729 686.87916740896230294 295.82150505913193683 2000
7.0940186784516612306 1118.4785509726837063 323.53562342649479433 2000
0 1235.4961542022904268 532.096981787312302 2000
# Layered model 58854: value=0.174588
7
7.8502258581396215931 430.30439011400761729 179.87096025387054965 2000
2.4889720692741974517 680.0783835732299849 181.66966985640925714 2000
3.2885590422672255073 773.9926385126260584 219.47675417764958183 2000
8.1072562957446088205 1175.5321978935758125 249.78501914089181923 2000
2.6174024981868697637 1311.5040636757717039 273.1861967715746573 2000
13.499149195735039797 1351.2439483092114187 289.99265273907644769 2000
0 1392.1879911869286843 548.22005243244962003 2000
# Layered model 56286: value=0.174639
7
5.3786086780343493885 562.92802343990035752 176.32679173989856736 2000
6.6248791391189341127 615.66608881753597871 189.04618694795561851 2000
2.1776107328022593634 686.87916740896230294 192.84601530560954075 2000
2.9366616769989519753 925.80934075693903651 262.52656548149820992 2000
3.24128099380524759 1324.6191043125295437 265.15183113631320566 2000
19.423333963527539936 1420.1709698097861292 289.99265273907644769 2000
0 1492.6139621303491367 576.18478477285361805 2000
# Layered model 50182: value=0.174795
7
5.9413301496854522554 540.96276588430623633 176.32679173989856736 2000
5.4795766399415253289 551.83611747858083163 190.93664881743518436 2000
2.9020027458281205668 591.64301011826387366 202.68310020793407489 2000
4.5857471487227581264 758.74192580396641006 259.92729255593883408 2000
4.0324205528627530271 1285.6622524024817267 281.46401171995017876 2000
17.239121699089544393 1378.4039516702264336 292.89257926646723718 2000
0 1448.7164063029629233 581.94663262058213604 2000
# Layered model 59437: value=0.175118
7
6.628553985092366041 499.57003828178363847 176.32679173989856736 2000
4.7923528045346115434 535.60669889535267885 190.93664881743518436 2000
2.6197848439923721031 585.78515853293447435 202.68310020793407489 2000
3.5957538459720908008 621.82274970571131689 265.15183113631320566 2000
3.3394950491985433416 1163.8932652411642721 273.1861967715746573 2000
18.412549752682572546 1434.3726795078839586 284.27865183714970954 2000
0 1448.7164063029629233 587.76609894678790624 2000
# Layered model 54503: value=0.175159
7
4.8691842706229682136 352.65358347979713471 181.66966985640925714 2000
6.8977874156364986646 475.32374998150709189 183.48636655497335823 2000
6.7848673382456219372 568.55730367429941907 257.35375500588003206 2000
9.0458604049066657637 707.69229306062129581 278.67723932668332054 2000
6.2202588950199810824 973.03492161199847033 284.27865183714970954 2000
2.196506956605411176 1337.86529535565478 304.78519248392871077 2000
0 1477.8356060696526129 521.6125691474485393 2000
# Layered model 42707: value=0.175335
7
6.6948395249432897103 489.7265349296968111 176.32679173989856736 2000
5.4286831703815261463 562.92802343990035752 192.84601530560954075 2000
3.3861359392471044316 574.24287671104241326 219.47675417764958183 2000
2.6611887794966229137 673.34493423092078501 273.1861967715746573 2000
4.7702298229720661027 1235.4961542022904268 281.46401171995017876 2000
16.057427992140141271 1351.2439483092114187 284.27865183714970954 2000
0 1392.1879911869286843 581.94663262058213604 2000
# Layered model 47477: value=0.175399
7
6.9666768559624827617 519.85458511187766817 176.32679173989856736 2000
3.0684467898592906465 546.37239354314931461 192.84601530560954075 2000
5.47453498875014688 579.98530547815289538 204.70993121001342274 2000
1.9521685729443589707 647.07124685298958866 273.1861967715746573 2000
3.514113321273704571 1223.2635190121686719 287.12143835552120663 2000
19.204258407340169867 1351.2439483092114187 289.99265273907644769 2000
0 1420.1709698097861292 564.83166824120530691 2000
# Layered model 54651: value=0.175478
7
2.0285014268934999926 309.86351430309520083 179.87096025387054965 2000
7.5195743929970557673 352.65358347979713471 187.17444252272832728 2000
2.6668059686031373445 359.7419205077410993 200.67633683953869195 2000
13.018793857220595456 686.87916740896230294 275.91805873929041582 2000
3.321447031001007133 829.82487001996798881 278.67723932668332054 2000
6.0540705754202157607 872.15427821391256202 307.83304440876798935 2000
0 1211.1519990219492229 501.25942638588190903 2000
# Layered model 43989: value=0.175496
7
2.4506507298175117526 345.70491469443891219 179.87096025387054965 2000
5.692151342543156467 426.04395060792825234 183.48636655497335823 2000
6.4679979447570765672 551.83611747858083163 204.70993121001342274 2000
14.394659442833050988 781.73256489775235423 273.1861967715746573 2000
3.8179177127703134431 797.44538945219721882 307.83304440876798935 2000
4.282362420796744118 880.87582099605185704 314.0204886013842156 2000
0 1272.9329231707740746 521.6125691474485393 2000
# Layered model 58517: value=0.175588
7
7.7725008496431895466 562.92802343990035752 178.09005965729755872 2000
3.8779661664552920186 628.0409772027684312 190.93664881743518436 2000
4.1709357570283334127 634.3213869747961553 219.47675417764958183 2000
2.5311531150824126968 707.69229306062129581 257.35375500588003206 2000
9.6399180621047548811 1337.86529535565478 275.91805873929041582 2000
10.619907464716465739 1448.7164063029629233 295.82150505913193683 2000
0 1492.6139621303491367 564.83166824120530691 2000
# Layered model 62047: value=0.175653
7
6.6948395249432897103 557.35447865336664108 176.32679173989856736 2000
5.1898018781787724762 574.24287671104241326 190.93664881743518436 2000
2.0170334816495714136 615.66608881753597871 200.67633683953869195 2000
4.6344065623196861736 673.34493423092078501 254.80569802562376935 2000
5.1001333713088570221 1324.6191043125295437 281.46401171995017876 2000
15.362290410780573779 1378.4039516702264336 289.99265273907644769 2000
0 1492.6139621303491367 559.23927548634185314 2000
# Layered model 48767: value=0.17567
7
8.0080153978882275823 591.64301011826387366 178.09005965729755872 2000
4.4828621586276256039 603.53503462164098892 192.84601530560954075 2000
1.9752610742937957156 640.66460084454411117 208.82460082733467743 2000
2.4821388216205448884 700.68543867388245872 257.35375500588003206 2000
6.2222105569808228154 1311.5040636757717039 278.67723932668332054 2000
15.44189340561943169 1420.1709698097861292 284.27865183714970954 2000
0 1477.8356060696526129 564.83166824120530691 2000
# Layered model 51268: value=0.175687
7
5.0668926774391858103 345.70491469443891219 179.87096025387054965 2000
3.4912741365869832677 585.78515853293447435 183.48636655497335823 2000
2.1745929680571585152 982.76527082811844593 194.77447545866564838 2000
5.5542017225433859551 1247.851115744313347 223.88823693662030223 2000
7.3492533137734632476 1298.518874926506669 273.1861967715746573 2000
12.738395115447339379 1324.6191043125295437 275.91805873929041582 2000
0 1364.7563877923034852 511.33474085623817018 2000
# Layered model 39397: value=0.175755
7
8.8458309891409427905 385.69203061121908149 181.66966985640925714 2000
2.1294359518609233817 615.66608881753597871 187.17444252272832728 2000
2.926407943769767428 700.68543867388245872 228.38839049904632361 2000
7.1941148557271645814 907.56723924805316983 257.35375500588003206 2000
5.80442751920019262 1032.8961765296010071 273.1861967715746573 2000
10.205522333818862535 1378.4039516702264336 304.78519248392871077 2000
0 1406.1098710987980667 486.51746080599923516 2000
# Layered model 52058: value=0.176014
7
5.0167254232071147868 546.37239354314931461 176.32679173989856736 2000
6.7502462630523520914 551.83611747858083163 189.04618694795561851 2000
2.9899363310294546636 568.55730367429941907 198.68944241538483197 2000
6.5498396206148647991 579.98530547815289538 278.67723932668332054 2000
4.0344738588986217565 1272.9329231707740746 287.12143835552120663 2000
14.441153687484874268 1311.5040636757717039 295.82150505913193683 2000
0 1477.8356060696526129 559.23927548634185314 2000
# Layered model 60966: value=0.17606
7
4.7259822815109062688 335.53778429258915139 179.87096025387054965 2000
2.8689562272865662962 401.35267367907738389 183.48636655497335823 2000
6.0328184608835719871 438.95350835529916367 200.67633683953869195 2000
7.892058144601779901 489.7265349296968111 273.1861967715746573 2000
7.6092655282344523471 773.9926385126260584 298.77972010972325734 2000
8.3477163469357584802 935.06743416450854056 301.76751731082049446 2000
0 1053.6573896778461403 553.70225295677414579 2000
# Layered model 55166: value=0.176077
7
5.5970017585833424789 562.92802343990035752 176.32679173989856736 2000
7.0187845734976690437 634.3213869747961553 187.17444252272832728 2000
1.9950136850367332642 673.34493423092078501 217.30371700757382314 2000
2.1696727080606645899 714.7692159912274974 252.28286933230072009 2000
6.1606045118621999279 1285.6622524024817267 273.1861967715746573 2000
16.447413044431947071 1463.2035703659926185 289.99265273907644769 2000
0 1477.8356060696526129 570.47998492361739409 2000
# Layered model 55379: value=0.176173
7
4.5415760809060365943 306.79555871593584015 183.48636655497335823 2000
2.3340226728036945758 381.87329763487036871 189.04618694795561851 2000
4.9800451683030519945 443.343043438852078 192.84601530560954075 2000
10.537961980368534043 546.37239354314931461 259.92729255593883408 2000
8.8367112288374336515 686.87916740896230294 281.46401171995017876 2000
2.0284373224907845668 1012.5440412994812505 368.21371900248880138 2000
0 1107.4045059135482916 496.29646176819989023 2000
# Layered model 29509: value=0.176358
7
3.3694993772980192936 306.79555871593584015 183.48636655497335823 2000
4.3013885165874281569 363.33933971281851427 189.04618694795561851 2000
4.4230544709597934272 475.32374998150709189 190.93664881743518436 2000
10.299663537536076774 640.66460084454411117 267.80334944767633942 2000
10.104787337936613767 673.34493423092078501 284.27865183714970954 2000
2.806444796185502355 1002.5188527717638181 340.03919178661499245 2000
0 1085.5842622424745514 491.38263541405922297 2000
# Layered model 61384: value=0.17641
7
7.5439127494229252235 509.61139605124753871 179.87096025387054965 2000
3.7639157551582398398 680.0783835732299849 181.66966985640925714 2000
3.8962285825396278938 751.22962950887767875 226.12711930598649701 2000
2.0848807421032464759 1285.6622524024817267 262.52656548149820992 2000
9.6112794304749513685 1351.2439483092114187 270.48138294215311817 2000
11.712164155331457494 1364.7563877923034852 292.89257926646723718 2000
0 1448.7164063029629233 532.096981787312302 2000
# Layered model 60900: value=0.176502
7
6.060750885694130119 447.77647387324060446 176.32679173989856736 2000
4.3818390209938264945 519.85458511187766817 190.93664881743518436 2000
4.9135077513040439356 603.53503462164098892 206.75703052211355271 2000
2.8147497560765426527 714.7692159912274974 273.1861967715746573 2000
2.188193806691199228 1107.4045059135482916 284.27865183714970954 2000
19.423333963527539936 1324.6191043125295437 289.99265273907644769 2000
0 1420.1709698097861292 570.47998492361739409 2000
# Layered model 45291: value=0.17663
7
2.4751572371156869146 434.60743401514764628 176.32679173989856736 2000
7.967432669572270143 944.41810850615354411 179.87096025387054965 2000
3.3214446326898983131 992.59292353639978046 221.671521719426039 2000
2.3616699206485929352 1064.193963574624604 223.88823693662030223 2000
2.6755285331709863783 1129.6633364824106138 237.66187499075354594 2000
19.428847615743602972 1223.2635190121686719 281.46401171995017876 2000
0 1364.7563877923034852 570.47998492361739409 2000
# Layered model 57945: value=0.176695
7
8.4165046645360757083 525.05313096299641984 178.09005965729755872 2000
2.0260852421518809052 540.96276588430623633 194.77447545866564838 2000
4.7614671804328363436 609.57038496785742154 204.70993121001342274 2000
2.7868809466104362826 640.66460084454411117 265.15183113631320566 2000
7.8596420151569077461 1351.2439483092114187 284.27865183714970954 2000
13.147925180292613589 1406.1098710987980667 287.12143835552120663 2000
0 1434.3726795078839586 542.79213112123727569 2000
# Layered model 58858: value=0.176866
7
5.5970017585833424789 579.98530547815289538 176.32679173989856736 2000
6.8938757979325107073 591.64301011826387366 187.17444252272832728 2000
1.9752610742937957156 621.82274970571131689 204.70993121001342274 2000
2.3143340943687604749 673.34493423092078501 262.52656548149820992 2000
7.815467196070240874 1272.9329231707740746 275.91805873929041582 2000
14.792550360223906125 1434.3726795078839586 289.99265273907644769 2000
0 1492.6139621303491367 570.47998492361739409 2000
# Layered model 54253: value=0.176881
7
5.7665965088701769403 585.78515853293447435 178.09005965729755872 2000
4.8858894549422080544 680.0783835732299849 181.66966985640925714 2000
3.3882056698069646927 813.47404178018632592 217.30371700757382314 2000
4.4953898134719700863 944.41810850615354411 244.86326746484840555 2000
2.0265501858760188725 1337.86529535565478 257.35375500588003206 2000
20.425189301779035134 1364.7563877923034852 292.89257926646723718 2000
0 1420.1709698097861292 576.18478477285361805 2000
# Layered model 42482: value=0.177016
7
5.0668926774391858103 621.82274970571131689 178.09005965729755872 2000
6.1289771290768184642 714.7692159912274974 183.48636655497335823 2000
2.9852287434395385901 805.41984334671917622 213.02197530396412617 2000
5.890821541095540681 925.80934075693903651 257.35375500588003206 2000
9.3484513578913670528 1129.6633364824106138 262.52656548149820992 2000
12.809421447947674011 1163.8932652411642721 353.8461465303106479 2000
0 1492.6139621303491367 516.44808826480050357 2000
# Layered model 60623: value=0.177221
7
8.7582485040999440429 504.56573866460144018 178.09005965729755872 2000
2.2170184369019221293 634.3213869747961553 196.72222021325231367 2000
2.2516997121228463641 751.22962950887767875 208.82460082733467743 2000
2.1160878290775659849 1053.6573896778461403 252.28286933230072009 2000
8.0591384073028482504 1140.9599698472347882 257.35375500588003206 2000
14.449372069842436161 1311.5040636757717039 287.12143835552120663 2000
0 1392.1879911869286843 548.22005243244962003 2000
# Layered model 54055: value=0.177222
7
7.1777741313750018648 621.82274970571131689 178.09005965729755872 2000
4.0180956751410024097 673.34493423092078501 185.32123022052309125 2000
2.0310968466087082618 721.91690815113975077 215.15219505700380864 2000
2.42448322416983153 863.51908734050743988 235.30878711955796234 2000
7.0624879811615048908 1420.1709698097861292 257.35375500588003206 2000
14.762859130996986323 1463.2035703659926185 278.67723932668332054 2000
0 1477.8356060696526129 570.47998492361739409 2000
# Layered model 56416: value=0.177243
7
6.0007434511823065648 530.30366227262641132 176.32679173989856736 2000
5.3070850533988584985 540.96276588430623633 189.04618694795561851 2000
4.0482691534108354858 546.37239354314931461 204.70993121001342274 2000
3.9326230255378309408 585.78515853293447435 275.91805873929041582 2000
2.9776628655889325614 1187.2875198725116661 281.46401171995017876 2000
17.515991635168518314 1364.7563877923034852 292.89257926646723718 2000
0 1420.1709698097861292 559.23927548634185314 2000
# Layered model 42617: value=0.177303
7
7.3220473914156389839 480.0769874813221918 179.87096025387054965 2000
3.2249684143391981195 700.68543867388245872 183.48636655497335823 2000
5.1177394151628021746 829.82487001996798881 217.30371700757382314 2000
2.6878006672915883968 1064.193963574624604 257.35375500588003206 2000
6.2433840330394225759 1247.851115744313347 275.91805873929041582 2000
13.255625038098912682 1378.4039516702264336 287.12143835552120663 2000
0 1492.6139621303491367 532.096981787312302 2000
# Layered model 58248: value=0.17735
7
7.8502258581396215931 499.57003828178363847 178.09005965729755872 2000
1.9871662071694391472 535.60669889535267885 190.93664881743518436 2000
5.672266569262859548 628.0409772027684312 210.91284683560803614 2000
2.1267868450195202001 640.66460084454411117 267.80334944767633942 2000
11.204228423891009925 1378.4039516702264336 275.91805873929041582 2000
11.339525032647703284 1420.1709698097861292 301.76751731082049446 2000
0 1463.2035703659926185 559.23927548634185314 2000
