# 60087 2_reports/tar1_ln5_tr0.report
# Layered model 49300: value=0.159475
5
5.7095014939308681434 509.61139605124753871 178.09005965729755872 2000
4.3256221518909052648 1002.5188527717638181 183.48636655497335823 2000
4.1459749041337694564 1085.5842622424745514 204.70993121001342274 2000
19.830083798982833798 1140.9599698472347882 262.52656548149820992 2000
0 1187.2875198725116661 491.38263541405922297 2000
# Layered model 56476: value=0.159498
5
5.4867187124628395978 551.83611747858083163 178.09005965729755872 2000
5.165767251349545397 982.76527082811844593 181.66966985640925714 2000
2.4435206234398059166 1053.6573896778461403 198.68944241538483197 2000
20.915175761686185751 1074.8359032103708159 259.92729255593883408 2000
0 1163.8932652411642721 501.25942638588190903 2000
# Layered model 59937: value=0.159577
5
4.4520890901931542416 535.60669889535267885 178.09005965729755872 2000
5.1914674878963067428 1053.6573896778461403 179.87096025387054965 2000
3.9842003915915835677 1064.193963574624604 200.67633683953869195 2000
20.046680999564870262 1074.8359032103708159 259.92729255593883408 2000
0 1187.2875198725116661 491.38263541405922297 2000
# Layered model 59195: value=0.159681
5
5.4867187124628395978 535.60669889535267885 178.09005965729755872 2000
4.9558711942251170157 982.76527082811844593 181.66966985640925714 2000
2.9166464129680029771 992.59292353639978046 200.67633683953869195 2000
20.315201649589955224 1118.4785509726837063 259.92729255593883408 2000
0 1163.8932652411642721 491.38263541405922297 2000
# Layered model 58665: value=0.159714
5
5.7665965088701769403 597.55944021944651467 178.09005965729755872 2000
3.9733956350001795599 1022.6694817124763404 181.66966985640925714 2000
3.3560144433818344112 1032.8961765296010071 190.93664881743518436 2000
21.598800526899850638 1053.6573896778461403 262.52656548149820992 2000
0 1285.6622524024817267 506.27202064974062523 2000
# Layered model 59100: value=0.159919
5
4.5869918417150969958 494.62380027899376955 178.09005965729755872 2000
5.9600239640397401075 1012.5440412994812505 181.66966985640925714 2000
2.4193273499404011062 1043.2251382948970786 194.77447545866564838 2000
20.708094813550676605 1053.6573896778461403 259.92729255593883408 2000
0 1175.5321978935758125 491.38263541405922297 2000
# Layered model 58267: value=0.159923
5
5.4867187124628395978 540.96276588430623633 178.09005965729755872 2000
5.7091510940531646767 982.76527082811844593 181.66966985640925714 2000
2.844821827103345413 1002.5188527717638181 219.47675417764958183 2000
19.633746335626565127 1012.5440412994812505 259.92729255593883408 2000
0 1337.86529535565478 491.38263541405922297 2000
# Layered model 51047: value=0.160007
5
7.2495518726887517857 603.53503462164098892 178.09005965729755872 2000
3.6170490589962636108 925.80934075693903651 185.32123022052309125 2000
2.7611560379960291556 935.06743416450854056 200.67633683953869195 2000
20.383425379257332111 1085.5842622424745514 262.52656548149820992 2000
0 1235.4961542022904268 486.51746080599923516 2000
# Layered model 58650: value=0.160066
5
5.2204245924582712846 562.92802343990035752 178.09005965729755872 2000
5.1187733349555477602 1043.2251382948970786 181.66966985640925714 2000
2.8877687257108934915 1064.193963574624604 196.72222021325231367 2000
20.447471316121202278 1074.8359032103708159 259.92729255593883408 2000
0 1235.4961542022904268 486.51746080599923516 2000
# Layered model 59292: value=0.160102
5
5.1687372202557142487 499.57003828178363847 178.09005965729755872 2000
6.0271325862602900258 1002.5188527717638181 183.48636655497335823 2000
2.0310968466087082618 1032.8961765296010071 204.70993121001342274 2000
20.447471316121202278 1043.2251382948970786 259.92729255593883408 2000
0 1163.8932652411642721 486.51746080599923516 2000
# Layered model 58855: value=0.160166
5
5.5415858995874680559 574.24287671104241326 178.09005965729755872 2000
4.5938889826925235482 1032.8961765296010071 181.66966985640925714 2000
3.0914917708447209321 1043.2251382948970786 196.72222021325231367 2000
20.447471316121202278 1085.5842622424745514 259.92729255593883408 2000
0 1211.1519990219492229 486.51746080599923516 2000
# Layered model 55166: value=0.160198
5
5.6529717761691760103 519.85458511187766817 178.09005965729755872 2000
4.2827942097929749821 1064.193963574624604 181.66966985640925714 2000
4.1049256476571986951 1085.5842622424745514 204.70993121001342274 2000
19.970490715319026975 1140.9599698472347882 262.52656548149820992 2000
0 1337.86529535565478 491.38263541405922297 2000
# Layered model 58685: value=0.160296
5
6.3068416752643639001 579.98530547815289538 178.09005965729755872 2000
4.8890281312516403744 907.56723924805316983 183.48636655497335823 2000
2.4318871631650402776 1032.8961765296010071 208.82460082733467743 2000
20.046680999564870262 1118.4785509726837063 259.92729255593883408 2000
0 1337.86529535565478 491.38263541405922297 2000
# Layered model 53058: value=0.160339
5
6.1825719784965826875 585.78515853293447435 178.09005965729755872 2000
4.684028953188432709 944.41810850615354411 181.66966985640925714 2000
2.7611560379960291556 1064.193963574624604 208.82460082733467743 2000
20.046680999564870262 1085.5842622424745514 259.92729255593883408 2000
0 1285.6622524024817267 491.38263541405922297 2000
# Layered model 58366: value=0.160369
5
7.2495518726887517857 546.37239354314931461 178.09005965729755872 2000
2.7855717731330216225 898.58142499807229342 185.32123022052309125 2000
3.4577050370307453875 953.86228959121501703 196.72222021325231367 2000
20.181609286393396019 1107.4045059135482916 262.52656548149820992 2000
0 1247.851115744313347 476.93114479560750851 2000
# Layered model 58496: value=0.160444
5
6.3068416752643639001 609.57038496785742154 178.09005965729755872 2000
3.8286332070156277041 1053.6573896778461403 181.66966985640925714 2000
3.4922820874010529479 1064.193963574624604 198.68944241538483197 2000
20.383425379257332111 1096.4401048648992401 262.52656548149820992 2000
0 1298.518874926506669 486.51746080599923516 2000
# Layered model 57875: value=0.160462
5
7.1067070607673281657 579.98530547815289538 178.09005965729755872 2000
2.2532339449091312034 963.40091248712724337 181.66966985640925714 2000
3.8670256474482531672 1053.6573896778461403 194.77447545866564838 2000
20.447471316121202278 1140.9599698472347882 259.92729255593883408 2000
0 1163.8932652411642721 491.38263541405922297 2000
# Layered model 58832: value=0.160506
5
5.2204245924582712846 546.37239354314931461 178.09005965729755872 2000
5.646176339226744112 944.41810850615354411 181.66966985640925714 2000
2.7611560379960291556 1022.6694817124763404 206.75703052211355271 2000
20.723537202746719288 1096.4401048648992401 262.52656548149820992 2000
0 1392.1879911869286843 491.38263541405922297 2000
# Layered model 58162: value=0.160598
5
4.9178761133291981622 530.30366227262641132 178.09005965729755872 2000
5.8411347101213113575 1032.8961765296010071 181.66966985640925714 2000
2.4679558296742030166 1043.2251382948970786 202.68310020793407489 2000
20.447471316121202278 1053.6573896778461403 259.92729255593883408 2000
0 1187.2875198725116661 486.51746080599923516 2000
# Layered model 58363: value=0.160656
5
6.628553985092366041 546.37239354314931461 178.09005965729755872 2000
2.546959205454109032 1043.2251382948970786 183.48636655497335823 2000
4.8651784430728746145 1053.6573896778461403 198.68944241538483197 2000
20.654115480532691862 1187.2875198725116661 265.15183113631320566 2000
0 1272.9329231707740746 491.38263541405922297 2000
# Layered model 58800: value=0.160771
5
5.2204245924582712846 579.98530547815289538 178.09005965729755872 2000
5.1187733349555477602 925.80934075693903651 181.66966985640925714 2000
3.0200383922421405458 1043.2251382948970786 198.68944241538483197 2000
20.315201649589955224 1064.193963574624604 259.92729255593883408 2000
0 1152.3695695457072361 491.38263541405922297 2000
# Layered model 54842: value=0.160823
5
5.3253551267666825453 579.98530547815289538 178.09005965729755872 2000
5.5412458049183328512 1022.6694817124763404 181.66966985640925714 2000
2.6262277511675033992 1053.6573896778461403 204.70993121001342274 2000
20.181609286393396019 1096.4401048648992401 259.92729255593883408 2000
0 1175.5321978935758125 486.51746080599923516 2000
# Layered model 59625: value=0.160885
5
6.060750885694130119 603.53503462164098892 178.09005965729755872 2000
5.1351189208218741555 1012.5440412994812505 181.66966985640925714 2000
2.9852287434395385901 1053.6573896778461403 215.15219505700380864 2000
20.170195622472220975 1064.193963574624604 262.52656548149820992 2000
0 1175.5321978935758125 496.29646176819989023 2000
# Layered model 55976: value=0.161015
5
5.3786086780343493885 557.35447865336664108 178.09005965729755872 2000
5.2738772857780356063 973.03492161199847033 181.66966985640925714 2000
2.7067503558435745958 1032.8961765296010071 200.67633683953869195 2000
19.981791372666730666 1064.193963574624604 259.92729255593883408 2000
0 1152.3695695457072361 481.70045624356362168 2000
# Layered model 60076: value=0.161303
5
5.7665965088701769403 579.98530547815289538 178.09005965729755872 2000
5.2086704321316892319 1002.5188527717638181 181.66966985640925714 2000
3.3476425944532319789 1022.6694817124763404 217.30371700757382314 2000
19.35152843379081844 1129.6633364824106138 259.92729255593883408 2000
0 1223.2635190121686719 491.38263541405922297 2000
# Layered model 59075: value=0.161341
5
5.1687372202557142487 519.85458511187766817 178.09005965729755872 2000
5.8065297207461519235 1022.6694817124763404 181.66966985640925714 2000
2.5175617418506526235 1064.193963574624604 210.91284683560803614 2000
20.181609286393396019 1118.4785509726837063 259.92729255593883408 2000
0 1163.8932652411642721 486.51746080599923516 2000
# Layered model 59255: value=0.161345
5
5.5415858995874680559 551.83611747858083163 178.09005965729755872 2000
4.5938889826925235482 944.41810850615354411 181.66966985640925714 2000
3.0914917708447209321 1012.5440412994812505 196.72222021325231367 2000
20.114061039197977721 1043.2251382948970786 259.92729255593883408 2000
0 1118.4785509726837063 476.93114479560750851 2000
# Layered model 58103: value=0.161358
5
4.967054874462490055 557.35447865336664108 178.09005965729755872 2000
5.5799609312923470483 944.41810850615354411 181.66966985640925714 2000
2.8122205139011224873 1043.2251382948970786 200.67633683953869195 2000
20.315201649589955224 1053.6573896778461403 259.92729255593883408 2000
0 1175.5321978935758125 496.29646176819989023 2000
# Layered model 52141: value=0.161427
5
5.8242624739588784166 603.53503462164098892 178.09005965729755872 2000
5.7108533835643697785 982.76527082811844593 181.66966985640925714 2000
2.092641112157796357 992.59292353639978046 219.47675417764958183 2000
20.046680999564870262 1118.4785509726837063 259.92729255593883408 2000
0 1211.1519990219492229 486.51746080599923516 2000
# Layered model 58121: value=0.161475
5
5.1175616042135780859 568.55730367429941907 178.09005965729755872 2000
4.5259949738758828985 1043.2251382948970786 179.87096025387054965 2000
4.1204779612883939421 1053.6573896778461403 202.68310020793407489 2000
19.910403429868061664 1074.8359032103708159 259.92729255593883408 2000
0 1199.160395071236735 491.38263541405922297 2000
# Layered model 59096: value=0.161534
5
5.1687372202557142487 494.62380027899376955 178.09005965729755872 2000
5.2738526864322423648 1053.6573896778461403 181.66966985640925714 2000
2.5237532490072815961 1064.193963574624604 196.72222021325231367 2000
20.708094813550676605 1118.4785509726837063 259.92729255593883408 2000
0 1247.851115744313347 486.51746080599923516 2000
# Layered model 59691: value=0.16156
5
5.3253551267666825453 514.70751001176006412 178.09005965729755872 2000
5.982473377814482518 925.80934075693903651 181.66966985640925714 2000
2.7328631290381846242 992.59292353639978046 217.30371700757382314 2000
19.970490715319026975 1085.5842622424745514 262.52656548149820992 2000
0 1311.5040636757717039 486.51746080599923516 2000
# Layered model 58937: value=0.161575
5
6.060750885694130119 574.24287671104241326 178.09005965729755872 2000
5.2470776188870349444 963.40091248712724337 183.48636655497335823 2000
2.4562060347966898632 982.76527082811844593 213.02197530396412617 2000
19.910403429868061664 1129.6633364824106138 259.92729255593883408 2000
0 1223.2635190121686719 486.51746080599923516 2000
# Layered model 58797: value=0.16158
5
5.1687372202557142487 621.82274970571131689 178.09005965729755872 2000
5.1704607071581047961 1002.5188527717638181 179.87096025387054965 2000
3.4248366119640358818 1012.5440412994812505 206.75703052211355271 2000
19.910403429868061664 1053.6573896778461403 259.92729255593883408 2000
0 1211.1519990219492229 491.38263541405922297 2000
# Layered model 59684: value=0.161603
5
5.5415858995874680559 530.30366227262641132 178.09005965729755872 2000
3.7256824228644722652 1032.8961765296010071 179.87096025387054965 2000
4.360488647229104231 1043.2251382948970786 200.67633683953869195 2000
20.046680999564870262 1074.8359032103708159 259.92729255593883408 2000
0 1163.8932652411642721 491.38263541405922297 2000
# Layered model 59123: value=0.161631
5
5.1175616042135780859 434.60743401514764628 178.09005965729755872 2000
5.5349243595988069089 992.59292353639978046 183.48636655497335823 2000
2.8403427190401338009 1032.8961765296010071 206.75703052211355271 2000
20.181609286393396019 1053.6573896778461403 259.92729255593883408 2000
0 1163.8932652411642721 496.29646176819989023 2000
# Layered model 58990: value=0.161647
5
6.060750885694130119 546.37239354314931461 178.09005965729755872 2000
5.4743649718291180761 1053.6573896778461403 183.48636655497335823 2000
1.9577128253292706006 1085.5842622424745514 204.70993121001342274 2000
20.518353666085857867 1096.4401048648992401 262.52656548149820992 2000
0 1272.9329231707740746 481.70045624356362168 2000
# Layered model 59894: value=0.161694
5
5.9413301496854522554 530.30366227262641132 178.09005965729755872 2000
4.7111558141269327393 953.86228959121501703 181.66966985640925714 2000
2.5744806893123275415 1085.5842622424745514 202.68310020793407489 2000
20.447471316121202278 1096.4401048648992401 259.92729255593883408 2000
0 1324.6191043125295437 491.38263541405922297 2000
# Layered model 59564: value=0.161725
5
5.2726288383828538997 603.53503462164098892 178.09005965729755872 2000
4.9642007927199376383 1043.2251382948970786 179.87096025387054965 2000
3.1224066885531680526 1064.193963574624604 200.67633683953869195 2000
20.315201649589955224 1074.8359032103708159 259.92729255593883408 2000
0 1199.160395071236735 486.51746080599923516 2000
# Layered model 54511: value=0.161741
5
5.1175616042135780859 568.55730367429941907 178.09005965729755872 2000
5.2216363232002409589 982.76527082811844593 181.66966985640925714 2000
3.1536307554386997509 1032.8961765296010071 200.67633683953869195 2000
20.181609286393396019 1107.4045059135482916 259.92729255593883408 2000
0 1211.1519990219492229 486.51746080599923516 2000
# Layered model 57945: value=0.161752
5
4.3211538086376251044 597.55944021944651467 178.09005965729755872 2000
5.9156758224651664335 992.59292353639978046 179.87096025387054965 2000
3.5272049082750633886 1043.2251382948970786 204.70993121001342274 2000
19.910403429868061664 1074.8359032103708159 259.92729255593883408 2000
0 1187.2875198725116661 491.38263541405922297 2000
# Layered model 56698: value=0.161753
5
5.1175616042135780859 585.78515853293447435 178.09005965729755872 2000
5.1192680268892134521 992.59292353639978046 179.87096025387054965 2000
3.2559990517497272577 1043.2251382948970786 202.68310020793407489 2000
20.181609286393396019 1064.193963574624604 259.92729255593883408 2000
0 1175.5321978935758125 486.51746080599923516 2000
# Layered model 58735: value=0.161755
5
5.7095014939308681434 615.66608881753597871 178.09005965729755872 2000
5.4863683125851361311 1022.6694817124763404 181.66966985640925714 2000
2.0310968466087082618 1064.193963574624604 202.68310020793407489 2000
20.447471316121202278 1074.8359032103708159 259.92729255593883408 2000
0 1199.160395071236735 486.51746080599923516 2000
# Layered model 52871: value=0.161777
5
6.4336091929371770348 597.55944021944651467 178.09005965729755872 2000
3.90558873447664201 1032.8961765296010071 183.48636655497335823 2000
3.5624769573578145554 1053.6573896778461403 200.67633683953869195 2000
20.793132229380407949 1118.4785509726837063 265.15183113631320566 2000
0 1272.9329231707740746 491.38263541405922297 2000
# Layered model 59623: value=0.16178
5
6.060750885694130119 597.55944021944651467 178.09005965729755872 2000
4.6982599377563794008 963.40091248712724337 181.66966985640925714 2000
2.6002254962054500709 1053.6573896778461403 202.68310020793407489 2000
20.651946029282417072 1074.8359032103708159 259.92729255593883408 2000
0 1175.5321978935758125 506.27202064974062523 2000
# Layered model 60010: value=0.161799
5
7.928728116721018182 621.82274970571131689 178.09005965729755872 2000
2.4104698106928008627 963.40091248712724337 183.48636655497335823 2000
3.4248366119640358818 1053.6573896778461403 202.68310020793407489 2000
20.247147809560523513 1064.193963574624604 262.52656548149820992 2000
0 1235.4961542022904268 486.51746080599923516 2000
# Layered model 58119: value=0.161809
5
4.4080090001912415332 546.37239354314931461 178.09005965729755872 2000
6.0345809064967150803 1032.8961765296010071 179.87096025387054965 2000
3.0502387761645621822 1043.2251382948970786 204.70993121001342274 2000
20.181609286393396019 1064.193963574624604 259.92729255593883408 2000
0 1187.2875198725116661 486.51746080599923516 2000
# Layered model 58364: value=0.161874
5
4.5415760809060365943 562.92802343990035752 178.09005965729755872 2000
5.7976218465077824504 992.59292353639978046 179.87096025387054965 2000
3.0200383922421405458 1022.6694817124763404 202.68310020793407489 2000
20.315201649589955224 1032.8961765296010071 259.92729255593883408 2000
0 1223.2635190121686719 486.51746080599923516 2000
# Layered model 59157: value=0.161905
5
5.8242624739588784166 628.0409772027684312 178.09005965729755872 2000
4.7227533317959586867 1002.5188527717638181 181.66966985640925714 2000
2.9458128770976816924 1032.8961765296010071 202.68310020793407489 2000
20.181609286393396019 1043.2251382948970786 259.92729255593883408 2000
0 1129.6633364824106138 491.38263541405922297 2000
# Layered model 58780: value=0.161909
5
4.194069314343696675 519.85458511187766817 178.09005965729755872 2000
6.1451286130701223698 935.06743416450854056 181.66966985640925714 2000
3.0200383922421405458 1043.2251382948970786 198.68944241538483197 2000
20.315201649589955224 1053.6573896778461403 259.92729255593883408 2000
0 1187.2875198725116661 496.29646176819989023 2000
# Layered model 59048: value=0.161965
5
6.9666768559624827617 597.55944021944651467 178.09005965729755872 2000
3.4759130507254738518 1032.8961765296010071 181.66966985640925714 2000
3.1851670629930879386 1043.2251382948970786 204.70993121001342274 2000
20.046680999564870262 1053.6573896778461403 259.92729255593883408 2000
0 1285.6622524024817267 491.38263541405922297 2000
# Layered model 57421: value=0.162039
5
4.9178761133291981622 597.55944021944651467 178.09005965729755872 2000
5.6291396924256389411 1032.8961765296010071 179.87096025387054965 2000
3.0807411639262074488 1043.2251382948970786 206.75703052211355271 2000
20.046680999564870262 1053.6573896778461403 259.92729255593883408 2000
0 1187.2875198725116661 486.51746080599923516 2000
# Layered model 59502: value=0.162045
5
5.3253551267666825453 597.55944021944651467 178.09005965729755872 2000
5.1172347799212740682 1032.8961765296010071 179.87096025387054965 2000
3.0502387761645621822 1043.2251382948970786 204.70993121001342274 2000
20.181609286393396019 1053.6573896778461403 259.92729255593883408 2000
0 1223.2635190121686719 486.51746080599923516 2000
# Layered model 56283: value=0.162072
5
5.5415858995874680559 557.35447865336664108 178.09005965729755872 2000
5.7662426049936970074 907.56723924805316983 181.66966985640925714 2000
2.3199284650998794888 1064.193963574624604 213.02197530396412617 2000
20.046680999564870262 1085.5842622424745514 259.92729255593883408 2000
0 1187.2875198725116661 491.38263541405922297 2000
# Layered model 58852: value=0.162094
5
5.2204245924582712846 568.55730367429941907 178.09005965729755872 2000
4.8146990533635021237 992.59292353639978046 181.66966985640925714 2000
3.3241126738341861824 1043.2251382948970786 196.72222021325231367 2000
20.315201649589955224 1096.4401048648992401 259.92729255593883408 2000
0 1152.3695695457072361 496.29646176819989023 2000
# Layered model 53858: value=0.162113
5
6.1213583945510716688 597.55944021944651467 178.09005965729755872 2000
3.9137652512707017394 973.03492161199847033 181.66966985640925714 2000
4.4310149849878754935 1053.6573896778461403 206.75703052211355271 2000
19.208299338436265913 1064.193963574624604 262.52656548149820992 2000
0 1235.4961542022904268 481.70045624356362168 2000
# Layered model 58529: value=0.162143
5
5.4867187124628395978 615.66608881753597871 178.09005965729755872 2000
4.9558711942251170157 1002.5188527717638181 179.87096025387054965 2000
3.0502387761645621822 1043.2251382948970786 204.70993121001342274 2000
20.181609286393396019 1053.6573896778461403 259.92729255593883408 2000
0 1163.8932652411642721 491.38263541405922297 2000
# Layered model 56577: value=0.162164
5
5.3786086780343493885 562.92802343990035752 178.09005965729755872 2000
5.3804021454161601312 1002.5188527717638181 181.66966985640925714 2000
3.5638987120045886314 1012.5440412994812505 215.15219505700380864 2000
19.35152843379081844 1140.9599698472347882 259.92729255593883408 2000
0 1223.2635190121686719 491.38263541405922297 2000
# Layered model 59812: value=0.162174
5
5.5970017585833424789 519.85458511187766817 178.09005965729755872 2000
4.8455881481046141346 1032.8961765296010071 181.66966985640925714 2000
2.3953736138023788982 1064.193963574624604 192.84601530560954075 2000
20.836474448755581079 1074.8359032103708159 259.92729255593883408 2000
0 1187.2875198725116661 486.51746080599923516 2000
# Layered model 59740: value=0.162191
5
5.7665965088701769403 621.82274970571131689 178.09005965729755872 2000
4.9924143145803325794 916.6429116405337254 181.66966985640925714 2000
2.733817859402009276 1012.5440412994812505 202.68310020793407489 2000
20.858465489575245044 1043.2251382948970786 262.52656548149820992 2000
0 1152.3695695457072361 496.29646176819989023 2000
# Layered model 59685: value=0.162192
5
5.4323947648146928557 615.66608881753597871 178.09005965729755872 2000
4.906803162599126189 1032.8961765296010071 179.87096025387054965 2000
3.2885590422672255073 1043.2251382948970786 204.70993121001342274 2000
20.046680999564870262 1064.193963574624604 259.92729255593883408 2000
0 1211.1519990219492229 486.51746080599923516 2000
# Layered model 59771: value=0.162231
5
5.2204245924582712846 615.66608881753597871 178.09005965729755872 2000
5.2221653142296853289 1002.5188527717638181 179.87096025387054965 2000
3.0502387761645621822 1032.8961765296010071 204.70993121001342274 2000
20.181609286393396019 1053.6573896778461403 259.92729255593883408 2000
0 1187.2875198725116661 486.51746080599923516 2000
# Layered model 59118: value=0.162268
5
6.3699100920170073081 615.66608881753597871 178.09005965729755872 2000
3.4674819732920534321 1012.5440412994812505 179.87096025387054965 2000
4.0642828194625728599 1032.8961765296010071 204.70993121001342274 2000
19.772763084474281214 1074.8359032103708159 259.92729255593883408 2000
0 1223.2635190121686719 496.29646176819989023 2000
# Layered model 54629: value=0.162269
5
5.1175616042135780859 579.98530547815289538 178.09005965729755872 2000
5.5349243595988069089 1022.6694817124763404 181.66966985640925714 2000
2.8403427190401338009 1043.2251382948970786 202.68310020793407489 2000
20.181609286393396019 1053.6573896778461403 259.92729255593883408 2000
0 1187.2875198725116661 486.51746080599923516 2000
# Layered model 58279: value=0.1623
5
5.1175616042135780859 615.66608881753597871 178.09005965729755872 2000
5.4294542015412590175 1022.6694817124763404 179.87096025387054965 2000
2.9458128770976816924 1043.2251382948970786 204.70993121001342274 2000
20.181609286393396019 1053.6573896778461403 259.92729255593883408 2000
0 1223.2635190121686719 486.51746080599923516 2000
# Layered model 57999: value=0.162313
5
5.1175616042135780859 562.92802343990035752 178.09005965729755872 2000
5.1192680268892134521 1002.5188527717638181 179.87096025387054965 2000
3.1224066885531680526 1032.8961765296010071 202.68310020793407489 2000
20.315201649589955224 1053.6573896778461403 259.92729255593883408 2000
0 1223.2635190121686719 486.51746080599923516 2000
# Layered model 53465: value=0.162329
5
5.4867187124628395978 585.78515853293447435 178.09005965729755872 2000
4.7501109186399519402 935.06743416450854056 179.87096025387054965 2000
3.9442689188527513267 1032.8961765296010071 206.75703052211355271 2000
19.830083798982833798 1107.4045059135482916 262.52656548149820992 2000
0 1337.86529535565478 491.38263541405922297 2000
# Layered model 59867: value=0.162358
5
5.2726288383828538997 579.98530547815289538 178.09005965729755872 2000
5.0665690890309651451 1032.8961765296010071 179.87096025387054965 2000
3.2885590422672255073 1043.2251382948970786 206.75703052211355271 2000
20.046680999564870262 1053.6573896778461403 259.92729255593883408 2000
0 1163.8932652411642721 486.51746080599923516 2000
# Layered model 59729: value=0.162363
5
5.6529717761691760103 579.98530547815289538 178.09005965729755872 2000
5.7679350134578015741 963.40091248712724337 181.66966985640925714 2000
2.2068501800540669677 973.03492161199847033 215.15219505700380864 2000
19.713270722641645705 1096.4401048648992401 259.92729255593883408 2000
0 1187.2875198725116661 481.70045624356362168 2000
# Layered model 54785: value=0.162365
5
6.5629247377152140075 597.55944021944651467 178.09005965729755872 2000
4.7449037668659510558 982.76527082811844593 185.32123022052309125 2000
2.7328631290381846242 1074.8359032103708159 204.70993121001342274 2000
20.310602538808414153 1085.5842622424745514 265.15183113631320566 2000
0 1311.5040636757717039 491.38263541405922297 2000
# Layered model 50814: value=0.162373
5
6.2443976982815483368 597.55944021944651467 178.09005965729755872 2000
4.1981922084064082767 1012.5440412994812505 179.87096025387054965 2000
4.1682101104297881733 1064.193963574624604 213.02197530396412617 2000
19.4003823318206301 1187.2875198725116661 262.52656548149820992 2000
0 1199.160395071236735 491.38263541405922297 2000
# Layered model 58157: value=0.162375
5
5.4867187124628395978 603.53503462164098892 178.09005965729755872 2000
4.2532734314075169024 1002.5188527717638181 179.87096025387054965 2000
3.6192441757856030904 1012.5440412994812505 196.72222021325231367 2000
19.981791372666730666 1043.2251382948970786 259.92729255593883408 2000
0 1211.1519990219492229 481.70045624356362168 2000
# Layered model 60084: value=0.162394
5
5.4323947648146928557 579.98530547815289538 178.09005965729755872 2000
4.906803162599126189 1022.6694817124763404 179.87096025387054965 2000
3.4248366119640358818 1032.8961765296010071 208.82460082733467743 2000
19.910403429868061664 1043.2251382948970786 259.92729255593883408 2000
0 1140.9599698472347882 491.38263541405922297 2000
# Layered model 60043: value=0.1624
5
5.1687372202557142487 557.35447865336664108 178.09005965729755872 2000
4.7670287657064367437 1002.5188527717638181 179.87096025387054965 2000
3.5570626968903678033 1043.2251382948970786 202.68310020793407489 2000
20.181609286393396019 1053.6573896778461403 259.92729255593883408 2000
0 1260.3296269017564555 486.51746080599923516 2000
# Layered model 56139: value=0.162427
5
4.4080090001912415332 579.98530547815289538 178.09005965729755872 2000
6.3510018232592679865 916.6429116405337254 179.87096025387054965 2000
2.8687461462305350324 1053.6573896778461403 210.91284683560803614 2000
20.046680999564870262 1064.193963574624604 259.92729255593883408 2000
0 1211.1519990219492229 486.51746080599923516 2000
# Layered model 57798: value=0.16246
5
5.3253551267666825453 591.64301011826387366 178.09005965729755872 2000
5.0138428006471364995 1043.2251382948970786 179.87096025387054965 2000
3.0200383922421405458 1053.6573896778461403 202.68310020793407489 2000
20.315201649589955224 1074.8359032103708159 259.92729255593883408 2000
0 1175.5321978935758125 486.51746080599923516 2000
# Layered model 60079: value=0.162482
5
5.6529717761691760103 603.53503462164098892 178.09005965729755872 2000
4.6862261512446430345 1032.8961765296010071 179.87096025387054965 2000
3.1536307554386997509 1043.2251382948970786 204.70993121001342274 2000
20.181609286393396019 1053.6573896778461403 259.92729255593883408 2000
0 1223.2635190121686719 486.51746080599923516 2000
# Layered model 59787: value=0.162532
5
5.0167254232071147868 597.55944021944651467 178.09005965729755872 2000
5.4258644834808418267 1043.2251382948970786 179.87096025387054965 2000
3.3214446326898983131 1064.193963574624604 206.75703052211355271 2000
19.910403429868061664 1074.8359032103708159 259.92729255593883408 2000
0 1199.160395071236735 486.51746080599923516 2000
# Layered model 55351: value=0.162535
5
5.8242624739588784166 615.66608881753597871 178.09005965729755872 2000
5.3716073325571258579 973.03492161199847033 181.66966985640925714 2000
2.844821827103345413 1053.6573896778461403 215.15219505700380864 2000
20.310602538808414153 1107.4045059135482916 262.52656548149820992 2000
0 1140.9599698472347882 491.38263541405922297 2000
# Layered model 50536: value=0.162543
5
5.3786086780343493885 615.66608881753597871 178.09005965729755872 2000
5.3804021454161601312 963.40091248712724337 181.66966985640925714 2000
2.733817859402009276 982.76527082811844593 198.68944241538483197 2000
20.858465489575245044 1043.2251382948970786 262.52656548149820992 2000
0 1140.9599698472347882 496.29646176819989023 2000
# Layered model 59345: value=0.162548
5
5.2204245924582712846 597.55944021944651467 178.09005965729755872 2000
5.3265912132965658188 1022.6694817124763404 179.87096025387054965 2000
2.9458128770976816924 1053.6573896778461403 204.70993121001342274 2000
20.181609286393396019 1096.4401048648992401 259.92729255593883408 2000
0 1163.8932652411642721 486.51746080599923516 2000
# Layered model 56356: value=0.162583
5
5.2726288383828538997 574.24287671104241326 178.09005965729755872 2000
5.5939720933021614968 935.06743416450854056 179.87096025387054965 2000
2.89743360769283953 1032.8961765296010071 215.15219505700380864 2000
20.247147809560523513 1118.4785509726837063 259.92729255593883408 2000
0 1260.3296269017564555 501.25942638588190903 2000
# Layered model 56331: value=0.162585
5
5.1175616042135780859 597.55944021944651467 178.09005965729755872 2000
5.5349243595988069089 1022.6694817124763404 181.66966985640925714 2000
2.9752710058686595573 1032.8961765296010071 204.70993121001342274 2000
20.046680999564870262 1074.8359032103708159 259.92729255593883408 2000
0 1175.5321978935758125 491.38263541405922297 2000
# Layered model 57926: value=0.162586
5
5.3786086780343493885 603.53503462164098892 178.09005965729755872 2000
4.6565149677874240197 1002.5188527717638181 179.87096025387054965 2000
3.5926333238592711439 1012.5440412994812505 202.68310020793407489 2000
20.046680999564870262 1053.6573896778461403 259.92729255593883408 2000
0 1235.4961542022904268 486.51746080599923516 2000
# Layered model 58731: value=0.162586
5
6.6948395249432897103 621.82274970571131689 178.09005965729755872 2000
4.2804274160585764619 992.59292353639978046 181.66966985640925714 2000
2.5175617418506526235 1064.193963574624604 206.75703052211355271 2000
20.181609286393396019 1118.4785509726837063 259.92729255593883408 2000
0 1223.2635190121686719 491.38263541405922297 2000
# Layered model 57416: value=0.162627
5
5.5970017585833424789 615.66608881753597871 178.09005965729755872 2000
4.5384731236966491252 1032.8961765296010071 179.87096025387054965 2000
3.4922820874010529479 1043.2251382948970786 202.68310020793407489 2000
20.046680999564870262 1053.6573896778461403 259.92729255593883408 2000
0 1223.2635190121686719 496.29646176819989023 2000
# Layered model 59083: value=0.162672
5
7.7725008496431895466 621.82274970571131689 178.09005965729755872 2000
2.9865099738073199731 1032.8961765296010071 185.32123022052309125 2000
3.0050237159273454068 1043.2251382948970786 200.67633683953869195 2000
20.930772574774188399 1085.5842622424745514 265.15183113631320566 2000
0 1199.160395071236735 491.38263541405922297 2000
# Layered model 59743: value=0.162693
5
5.2726288383828538997 615.66608881753597871 178.09005965729755872 2000
5.0665690890309651451 1022.6694817124763404 179.87096025387054965 2000
3.4248366119640358818 1032.8961765296010071 206.75703052211355271 2000
19.910403429868061664 1043.2251382948970786 259.92729255593883408 2000
0 1223.2635190121686719 486.51746080599923516 2000
# Layered model 58298: value=0.162708
5
4.6328617601322479302 603.53503462164098892 178.09005965729755872 2000
5.10713038373810857 1002.5188527717638181 179.87096025387054965 2000
3.7528365389821622955 1043.2251382948970786 198.68944241538483197 2000
19.848199009470171461 1053.6573896778461403 259.92729255593883408 2000
0 1187.2875198725116661 481.70045624356362168 2000
# Layered model 58570: value=0.162711
5
7.1067070607673281657 591.64301011826387366 178.09005965729755872 2000
4.0891627457486761088 1053.6573896778461403 185.32123022052309125 2000
2.2969588763365145212 1152.3695695457072361 204.70993121001342274 2000
19.848199009470171461 1175.5321978935758125 259.92729255593883408 2000
0 1324.6191043125295437 472.20905425307677206 2000
# Layered model 58853: value=0.162721
5
6.1825719784965826875 603.53503462164098892 178.09005965729755872 2000
4.9024476319153027504 973.03492161199847033 183.48636655497335823 2000
2.6790149289659694887 1053.6573896778461403 202.68310020793407489 2000
19.910403429868061664 1064.193963574624604 262.52656548149820992 2000
0 1211.1519990219492229 481.70045624356362168 2000
# Layered model 59327: value=0.162722
5
4.7259822815109062688 603.53503462164098892 178.09005965729755872 2000
5.9265036823014787259 1032.8961765296010071 179.87096025387054965 2000
2.9752710058686595573 1043.2251382948970786 206.75703052211355271 2000
20.046680999564870262 1074.8359032103708159 259.92729255593883408 2000
0 1199.160395071236735 486.51746080599923516 2000
# Layered model 50757: value=0.16276
5
5.0167254232071147868 585.78515853293447435 178.09005965729755872 2000
5.5302903825477223165 1032.8961765296010071 181.66966985640925714 2000
2.8122205139011224873 1043.2251382948970786 198.68944241538483197 2000
20.315201649589955224 1074.8359032103708159 259.92729255593883408 2000
0 1211.1519990219492229 486.51746080599923516 2000
# Layered model 57546: value=0.162767
5
4.8691842706229682136 579.98530547815289538 178.09005965729755872 2000
5.2662906116570233905 1022.6694817124763404 179.87096025387054965 2000
3.4922820874010529479 1032.8961765296010071 202.68310020793407489 2000
19.713270722641645705 1053.6573896778461403 259.92729255593883408 2000
0 1187.2875198725116661 476.93114479560750851 2000
# Layered model 58335: value=0.162772
5
5.2204245924582712846 568.55730367429941907 178.09005965729755872 2000
5.0164050386445202534 1022.6694817124763404 181.66966985640925714 2000
3.5272049082750633886 1032.8961765296010071 202.68310020793407489 2000
19.910403429868061664 1064.193963574624604 259.92729255593883408 2000
0 1175.5321978935758125 496.29646176819989023 2000
# Layered model 53442: value=0.162774
5
6.0007434511823065648 597.55944021944651467 178.09005965729755872 2000
4.8658574805027088317 982.76527082811844593 181.66966985640925714 2000
2.89743360769283953 1053.6573896778461403 206.75703052211355271 2000
20.247147809560523513 1064.193963574624604 262.52656548149820992 2000
0 1211.1519990219492229 481.70045624356362168 2000
# Layered model 50818: value=0.162787
5
5.8242624739588784166 557.35447865336664108 178.09005965729755872 2000
5.2607571364530070213 898.58142499807229342 183.48636655497335823 2000
2.1419470427128270984 982.76527082811844593 198.68944241538483197 2000
19.783951854125476189 1043.2251382948970786 259.92729255593883408 2000
0 1107.4045059135482916 476.93114479560750851 2000
# Layered model 59639: value=0.162795
5
6.3699100920170073081 640.66460084454411117 178.09005965729755872 2000
5.165205765506240887 1012.5440412994812505 183.48636655497335823 2000
1.9577128253292706006 1032.8961765296010071 204.70993121001342274 2000
20.518353666085857867 1064.193963574624604 262.52656548149820992 2000
0 1298.518874926506669 486.51746080599923516 2000
# Layered model 59489: value=0.162803
5
4.7259822815109062688 535.60669889535267885 178.09005965729755872 2000
5.5108473495918852691 1002.5188527717638181 179.87096025387054965 2000
3.2559990517497272577 1032.8961765296010071 202.68310020793407489 2000
20.181609286393396019 1053.6573896778461403 259.92729255593883408 2000
0 1163.8932652411642721 491.38263541405922297 2000
# Layered model 59610: value=0.162805
5
5.5970017585833424789 591.64301011826387366 178.09005965729755872 2000
4.9500140471714946244 1022.6694817124763404 179.87096025387054965 2000
2.9458128770976816924 1043.2251382948970786 206.75703052211355271 2000
20.181609286393396019 1053.6573896778461403 259.92729255593883408 2000
0 1223.2635190121686719 486.51746080599923516 2000
