# 62509 2_reports/tar1_ln4_tr1.report
# Layered model 60845: value=0.155066
4
8.2506662724596377956 345.70491469443891219 181.66966985640925714 2000
6.107275379463899867 409.41986242002684548 206.75703052211355271 2000
20.713602632626106015 597.55944021944651467 289.99265273907644769 2000
0 1477.8356060696526129 570.47998492361739409 2000
# Layered model 60669: value=0.155066
4
8.2506662724596377956 345.70491469443891219 181.66966985640925714 2000
6.107275379463899867 409.41986242002684548 206.75703052211355271 2000
20.713602632626106015 597.55944021944651467 289.99265273907644769 2000
0 1463.2035703659926185 570.47998492361739409 2000
# Layered model 60902: value=0.155066
4
8.2506662724596377956 345.70491469443891219 181.66966985640925714 2000
6.107275379463899867 409.41986242002684548 206.75703052211355271 2000
20.713602632626106015 597.55944021944651467 289.99265273907644769 2000
0 1492.6139621303491367 570.47998492361739409 2000
# Layered model 60793: value=0.155068
4
8.2506662724596377956 345.70491469443891219 181.66966985640925714 2000
6.107275379463899867 409.41986242002684548 206.75703052211355271 2000
20.713602632626106015 597.55944021944651467 289.99265273907644769 2000
0 1448.7164063029629233 570.47998492361739409 2000
# Layered model 60618: value=0.155071
4
8.2506662724596377956 345.70491469443891219 181.66966985640925714 2000
6.107275379463899867 409.41986242002684548 206.75703052211355271 2000
20.713602632626106015 597.55944021944651467 289.99265273907644769 2000
0 1434.3726795078839586 570.47998492361739409 2000
# Layered model 60605: value=0.155075
4
8.2506662724596377956 345.70491469443891219 181.66966985640925714 2000
6.107275379463899867 409.41986242002684548 206.75703052211355271 2000
20.713602632626106015 597.55944021944651467 289.99265273907644769 2000
0 1420.1709698097861292 570.47998492361739409 2000
# Layered model 60393: value=0.155081
4
8.2506662724596377956 345.70491469443891219 181.66966985640925714 2000
6.107275379463899867 409.41986242002684548 206.75703052211355271 2000
20.713602632626106015 597.55944021944651467 289.99265273907644769 2000
0 1406.1098710987980667 570.47998492361739409 2000
# Layered model 59774: value=0.155088
4
8.2506662724596377956 345.70491469443891219 181.66966985640925714 2000
6.107275379463899867 409.41986242002684548 206.75703052211355271 2000
20.713602632626106015 597.55944021944651467 289.99265273907644769 2000
0 1392.1879911869286843 570.47998492361739409 2000
# Layered model 60853: value=0.15509
4
8.2506662724596377956 345.70491469443891219 181.66966985640925714 2000
6.107275379463899867 409.41986242002684548 206.75703052211355271 2000
20.713602632626106015 591.64301011826387366 289.99265273907644769 2000
0 1107.4045059135482916 581.94663262058213604 2000
# Layered model 60792: value=0.155091
4
8.2506662724596377956 345.70491469443891219 181.66966985640925714 2000
6.107275379463899867 409.41986242002684548 206.75703052211355271 2000
20.713602632626106015 591.64301011826387366 289.99265273907644769 2000
0 1378.4039516702264336 576.18478477285361805 2000
# Layered model 60422: value=0.155091
4
8.2506662724596377956 345.70491469443891219 181.66966985640925714 2000
6.107275379463899867 409.41986242002684548 206.75703052211355271 2000
20.713602632626106015 591.64301011826387366 289.99265273907644769 2000
0 1392.1879911869286843 576.18478477285361805 2000
# Layered model 60699: value=0.155092
4
8.2506662724596377956 345.70491469443891219 181.66966985640925714 2000
6.107275379463899867 409.41986242002684548 206.75703052211355271 2000
20.713602632626106015 591.64301011826387366 289.99265273907644769 2000
0 1364.7563877923034852 576.18478477285361805 2000
# Layered model 61126: value=0.155092
4
8.2506662724596377956 345.70491469443891219 181.66966985640925714 2000
6.107275379463899867 409.41986242002684548 206.75703052211355271 2000
20.713602632626106015 585.78515853293447435 289.99265273907644769 2000
0 1096.4401048648992401 587.76609894678790624 2000
# Layered model 60687: value=0.155093
4
8.2506662724596377956 345.70491469443891219 181.66966985640925714 2000
6.107275379463899867 409.41986242002684548 206.75703052211355271 2000
20.713602632626106015 591.64301011826387366 289.99265273907644769 2000
0 1096.4401048648992401 581.94663262058213604 2000
# Layered model 60358: value=0.155094
4
8.2506662724596377956 345.70491469443891219 181.66966985640925714 2000
6.107275379463899867 409.41986242002684548 206.75703052211355271 2000
20.713602632626106015 591.64301011826387366 289.99265273907644769 2000
0 1118.4785509726837063 581.94663262058213604 2000
# Layered model 61157: value=0.155094
4
8.2506662724596377956 345.70491469443891219 181.66966985640925714 2000
6.107275379463899867 409.41986242002684548 206.75703052211355271 2000
20.713602632626106015 585.78515853293447435 289.99265273907644769 2000
0 1085.5842622424745514 587.76609894678790624 2000
# Layered model 60652: value=0.155095
4
8.2506662724596377956 345.70491469443891219 181.66966985640925714 2000
6.107275379463899867 409.41986242002684548 206.75703052211355271 2000
20.713602632626106015 591.64301011826387366 289.99265273907644769 2000
0 1351.2439483092114187 576.18478477285361805 2000
# Layered model 60560: value=0.155097
4
8.2506662724596377956 345.70491469443891219 181.66966985640925714 2000
6.107275379463899867 409.41986242002684548 206.75703052211355271 2000
20.713602632626106015 591.64301011826387366 289.99265273907644769 2000
0 1420.1709698097861292 576.18478477285361805 2000
# Layered model 60153: value=0.155097
4
8.2506662724596377956 345.70491469443891219 181.66966985640925714 2000
6.107275379463899867 409.41986242002684548 206.75703052211355271 2000
20.713602632626106015 597.55944021944651467 289.99265273907644769 2000
0 1378.4039516702264336 570.47998492361739409 2000
# Layered model 61146: value=0.155098
4
8.2506662724596377956 345.70491469443891219 181.66966985640925714 2000
6.107275379463899867 409.41986242002684548 206.75703052211355271 2000
20.713602632626106015 585.78515853293447435 289.99265273907644769 2000
0 1107.4045059135482916 587.76609894678790624 2000
# Layered model 60635: value=0.1551
4
8.2506662724596377956 345.70491469443891219 181.66966985640925714 2000
6.107275379463899867 409.41986242002684548 206.75703052211355271 2000
20.713602632626106015 591.64301011826387366 289.99265273907644769 2000
0 1337.86529535565478 576.18478477285361805 2000
# Layered model 60531: value=0.155102
4
8.2506662724596377956 345.70491469443891219 181.66966985640925714 2000
6.107275379463899867 409.41986242002684548 206.75703052211355271 2000
20.713602632626106015 591.64301011826387366 289.99265273907644769 2000
0 1434.3726795078839586 576.18478477285361805 2000
# Layered model 60884: value=0.155102
4
8.2506662724596377956 345.70491469443891219 181.66966985640925714 2000
6.107275379463899867 409.41986242002684548 206.75703052211355271 2000
20.713602632626106015 591.64301011826387366 289.99265273907644769 2000
0 1085.5842622424745514 581.94663262058213604 2000
# Layered model 61261: value=0.155104
4
8.2506662724596377956 345.70491469443891219 181.66966985640925714 2000
6.107275379463899867 409.41986242002684548 206.75703052211355271 2000
20.713602632626106015 585.78515853293447435 289.99265273907644769 2000
0 1074.8359032103708159 587.76609894678790624 2000
# Layered model 60608: value=0.155107
4
8.2506662724596377956 345.70491469443891219 181.66966985640925714 2000
6.107275379463899867 409.41986242002684548 206.75703052211355271 2000
20.713602632626106015 591.64301011826387366 289.99265273907644769 2000
0 1324.6191043125295437 576.18478477285361805 2000
# Layered model 60242: value=0.155108
4
8.2506662724596377956 345.70491469443891219 181.66966985640925714 2000
6.107275379463899867 409.41986242002684548 206.75703052211355271 2000
20.713602632626106015 597.55944021944651467 289.99265273907644769 2000
0 1364.7563877923034852 570.47998492361739409 2000
# Layered model 60458: value=0.155108
4
8.2506662724596377956 345.70491469443891219 181.66966985640925714 2000
6.107275379463899867 409.41986242002684548 206.75703052211355271 2000
20.713602632626106015 591.64301011826387366 289.99265273907644769 2000
0 1448.7164063029629233 576.18478477285361805 2000
# Layered model 61121: value=0.155109
4
8.2506662724596377956 345.70491469443891219 181.66966985640925714 2000
6.107275379463899867 409.41986242002684548 206.75703052211355271 2000
20.713602632626106015 603.53503462164098892 289.99265273907644769 2000
0 1492.6139621303491367 564.83166824120530691 2000
# Layered model 61208: value=0.15511
4
8.2506662724596377956 345.70491469443891219 181.66966985640925714 2000
6.107275379463899867 409.41986242002684548 206.75703052211355271 2000
20.713602632626106015 585.78515853293447435 289.99265273907644769 2000
0 1118.4785509726837063 587.76609894678790624 2000
# Layered model 60511: value=0.155115
4
8.2506662724596377956 345.70491469443891219 181.66966985640925714 2000
6.107275379463899867 409.41986242002684548 206.75703052211355271 2000
20.713602632626106015 591.64301011826387366 289.99265273907644769 2000
0 1463.2035703659926185 576.18478477285361805 2000
# Layered model 60762: value=0.155116
4
8.2506662724596377956 345.70491469443891219 181.66966985640925714 2000
6.107275379463899867 409.41986242002684548 206.75703052211355271 2000
20.713602632626106015 591.64301011826387366 289.99265273907644769 2000
0 1311.5040636757717039 576.18478477285361805 2000
# Layered model 60914: value=0.155117
4
8.2506662724596377956 345.70491469443891219 181.66966985640925714 2000
6.107275379463899867 409.41986242002684548 206.75703052211355271 2000
20.713602632626106015 591.64301011826387366 289.99265273907644769 2000
0 1140.9599698472347882 581.94663262058213604 2000
# Layered model 60968: value=0.155118
4
8.2506662724596377956 345.70491469443891219 181.66966985640925714 2000
6.107275379463899867 409.41986242002684548 206.75703052211355271 2000
20.713602632626106015 603.53503462164098892 289.99265273907644769 2000
0 1477.8356060696526129 564.83166824120530691 2000
# Layered model 60840: value=0.155119
4
8.2506662724596377956 345.70491469443891219 181.66966985640925714 2000
6.107275379463899867 409.41986242002684548 206.75703052211355271 2000
20.713602632626106015 591.64301011826387366 289.99265273907644769 2000
0 1074.8359032103708159 581.94663262058213604 2000
# Layered model 60170: value=0.15512
4
8.2506662724596377956 345.70491469443891219 181.66966985640925714 2000
6.107275379463899867 409.41986242002684548 206.75703052211355271 2000
20.713602632626106015 597.55944021944651467 289.99265273907644769 2000
0 1351.2439483092114187 570.47998492361739409 2000
# Layered model 60565: value=0.155121
4
8.2506662724596377956 345.70491469443891219 181.66966985640925714 2000
6.107275379463899867 409.41986242002684548 206.75703052211355271 2000
20.713602632626106015 597.55944021944651467 289.99265273907644769 2000
0 1129.6633364824106138 576.18478477285361805 2000
# Layered model 61272: value=0.155121
4
8.2506662724596377956 345.70491469443891219 181.66966985640925714 2000
6.107275379463899867 409.41986242002684548 206.75703052211355271 2000
20.713602632626106015 585.78515853293447435 289.99265273907644769 2000
0 1064.193963574624604 587.76609894678790624 2000
# Layered model 60620: value=0.155122
4
8.2506662724596377956 345.70491469443891219 181.66966985640925714 2000
6.107275379463899867 409.41986242002684548 206.75703052211355271 2000
20.713602632626106015 597.55944021944651467 289.99265273907644769 2000
0 1140.9599698472347882 576.18478477285361805 2000
# Layered model 60535: value=0.155124
4
8.2506662724596377956 345.70491469443891219 181.66966985640925714 2000
6.107275379463899867 409.41986242002684548 206.75703052211355271 2000
20.713602632626106015 591.64301011826387366 289.99265273907644769 2000
0 1477.8356060696526129 576.18478477285361805 2000
# Layered model 60572: value=0.155124
4
8.2506662724596377956 345.70491469443891219 181.66966985640925714 2000
6.107275379463899867 409.41986242002684548 206.75703052211355271 2000
20.713602632626106015 597.55944021944651467 289.99265273907644769 2000
0 1118.4785509726837063 576.18478477285361805 2000
# Layered model 62094: value=0.155126
4
8.2506662724596377956 345.70491469443891219 181.66966985640925714 2000
6.107275379463899867 409.41986242002684548 206.75703052211355271 2000
20.713602632626106015 579.98530547815289538 289.99265273907644769 2000
0 982.76527082811844593 599.58019753561836751 2000
# Layered model 60819: value=0.155127
4
8.2506662724596377956 345.70491469443891219 181.66966985640925714 2000
6.107275379463899867 409.41986242002684548 206.75703052211355271 2000
20.713602632626106015 585.78515853293447435 289.99265273907644769 2000
0 1129.6633364824106138 587.76609894678790624 2000
# Layered model 60529: value=0.155128
4
8.2506662724596377956 345.70491469443891219 181.66966985640925714 2000
6.107275379463899867 409.41986242002684548 206.75703052211355271 2000
20.713602632626106015 591.64301011826387366 289.99265273907644769 2000
0 1298.518874926506669 576.18478477285361805 2000
# Layered model 60382: value=0.155128
4
8.2506662724596377956 345.70491469443891219 181.66966985640925714 2000
6.107275379463899867 409.41986242002684548 206.75703052211355271 2000
20.713602632626106015 597.55944021944651467 289.99265273907644769 2000
0 1152.3695695457072361 576.18478477285361805 2000
# Layered model 60587: value=0.155129
4
8.2506662724596377956 345.70491469443891219 181.66966985640925714 2000
6.107275379463899867 409.41986242002684548 206.75703052211355271 2000
20.713602632626106015 603.53503462164098892 289.99265273907644769 2000
0 1463.2035703659926185 564.83166824120530691 2000
# Layered model 60098: value=0.155133
4
8.2506662724596377956 345.70491469443891219 181.66966985640925714 2000
6.107275379463899867 409.41986242002684548 206.75703052211355271 2000
20.713602632626106015 591.64301011826387366 289.99265273907644769 2000
0 1492.6139621303491367 576.18478477285361805 2000
# Layered model 60780: value=0.155134
4
8.2506662724596377956 345.70491469443891219 181.66966985640925714 2000
6.107275379463899867 409.41986242002684548 206.75703052211355271 2000
20.713602632626106015 597.55944021944651467 289.99265273907644769 2000
0 1107.4045059135482916 576.18478477285361805 2000
# Layered model 60103: value=0.155135
4
8.2506662724596377956 345.70491469443891219 181.66966985640925714 2000
6.107275379463899867 409.41986242002684548 206.75703052211355271 2000
20.713602632626106015 597.55944021944651467 289.99265273907644769 2000
0 1337.86529535565478 570.47998492361739409 2000
# Layered model 62192: value=0.155136
4
8.2506662724596377956 345.70491469443891219 181.66966985640925714 2000
6.107275379463899867 409.41986242002684548 206.75703052211355271 2000
20.713602632626106015 579.98530547815289538 289.99265273907644769 2000
0 992.59292353639978046 599.58019753561836751 2000
# Layered model 60672: value=0.155136
4
8.2506662724596377956 345.70491469443891219 181.66966985640925714 2000
6.107275379463899867 409.41986242002684548 206.75703052211355271 2000
20.713602632626106015 591.64301011826387366 289.99265273907644769 2000
0 1152.3695695457072361 581.94663262058213604 2000
# Layered model 60106: value=0.155139
4
8.2506662724596377956 345.70491469443891219 181.66966985640925714 2000
6.107275379463899867 409.41986242002684548 206.75703052211355271 2000
20.713602632626106015 597.55944021944651467 289.99265273907644769 2000
0 1163.8932652411642721 576.18478477285361805 2000
# Layered model 60438: value=0.155141
4
8.2506662724596377956 345.70491469443891219 181.66966985640925714 2000
6.107275379463899867 409.41986242002684548 206.75703052211355271 2000
20.713602632626106015 603.53503462164098892 289.99265273907644769 2000
0 1448.7164063029629233 564.83166824120530691 2000
# Layered model 61731: value=0.155142
4
8.2506662724596377956 345.70491469443891219 181.66966985640925714 2000
6.107275379463899867 409.41986242002684548 206.75703052211355271 2000
20.713602632626106015 579.98530547815289538 289.99265273907644769 2000
0 1085.5842622424745514 593.64375993625583305 2000
# Layered model 61870: value=0.155142
4
8.2506662724596377956 345.70491469443891219 181.66966985640925714 2000
6.107275379463899867 409.41986242002684548 206.75703052211355271 2000
20.713602632626106015 579.98530547815289538 289.99265273907644769 2000
0 1096.4401048648992401 593.64375993625583305 2000
# Layered model 60642: value=0.155142
4
8.2506662724596377956 345.70491469443891219 181.66966985640925714 2000
6.107275379463899867 409.41986242002684548 206.75703052211355271 2000
20.713602632626106015 591.64301011826387366 289.99265273907644769 2000
0 1285.6622524024817267 576.18478477285361805 2000
# Layered model 61335: value=0.155149
4
8.2506662724596377956 345.70491469443891219 181.66966985640925714 2000
6.107275379463899867 409.41986242002684548 206.75703052211355271 2000
20.713602632626106015 585.78515853293447435 289.99265273907644769 2000
0 1053.6573896778461403 587.76609894678790624 2000
# Layered model 61710: value=0.15515
4
8.2506662724596377956 345.70491469443891219 181.66966985640925714 2000
6.107275379463899867 409.41986242002684548 206.75703052211355271 2000
20.713602632626106015 579.98530547815289538 289.99265273907644769 2000
0 1107.4045059135482916 593.64375993625583305 2000
# Layered model 61835: value=0.15515
4
8.2506662724596377956 345.70491469443891219 181.66966985640925714 2000
6.107275379463899867 409.41986242002684548 206.75703052211355271 2000
20.713602632626106015 579.98530547815289538 289.99265273907644769 2000
0 1074.8359032103708159 593.64375993625583305 2000
# Layered model 61178: value=0.15515
4
8.2506662724596377956 345.70491469443891219 181.66966985640925714 2000
6.107275379463899867 409.41986242002684548 206.75703052211355271 2000
20.713602632626106015 585.78515853293447435 289.99265273907644769 2000
0 1140.9599698472347882 587.76609894678790624 2000
# Layered model 61832: value=0.155152
4
8.2506662724596377956 345.70491469443891219 181.66966985640925714 2000
6.107275379463899867 409.41986242002684548 206.75703052211355271 2000
20.713602632626106015 585.78515853293447435 289.99265273907644769 2000
0 973.03492161199847033 593.64375993625583305 2000
# Layered model 61777: value=0.155152
4
8.2506662724596377956 345.70491469443891219 181.66966985640925714 2000
6.107275379463899867 409.41986242002684548 206.75703052211355271 2000
20.713602632626106015 585.78515853293447435 289.99265273907644769 2000
0 982.76527082811844593 593.64375993625583305 2000
# Layered model 60086: value=0.155152
4
8.2506662724596377956 345.70491469443891219 181.66966985640925714 2000
6.107275379463899867 409.41986242002684548 206.75703052211355271 2000
20.713602632626106015 597.55944021944651467 289.99265273907644769 2000
0 1324.6191043125295437 570.47998492361739409 2000
# Layered model 60259: value=0.155153
4
8.2506662724596377956 345.70491469443891219 181.66966985640925714 2000
6.107275379463899867 409.41986242002684548 206.75703052211355271 2000
20.713602632626106015 597.55944021944651467 289.99265273907644769 2000
0 1175.5321978935758125 576.18478477285361805 2000
# Layered model 60558: value=0.155154
4
8.2506662724596377956 345.70491469443891219 181.66966985640925714 2000
6.107275379463899867 409.41986242002684548 206.75703052211355271 2000
20.713602632626106015 603.53503462164098892 289.99265273907644769 2000
0 1434.3726795078839586 564.83166824120530691 2000
# Layered model 60872: value=0.155154
4
8.2506662724596377956 345.70491469443891219 181.66966985640925714 2000
6.107275379463899867 409.41986242002684548 206.75703052211355271 2000
20.713602632626106015 585.78515853293447435 289.99265273907644769 2000
0 1324.6191043125295437 581.94663262058213604 2000
# Layered model 60803: value=0.155155
4
8.2506662724596377956 345.70491469443891219 181.66966985640925714 2000
6.107275379463899867 409.41986242002684548 206.75703052211355271 2000
20.713602632626106015 585.78515853293447435 289.99265273907644769 2000
0 1337.86529535565478 581.94663262058213604 2000
# Layered model 60810: value=0.155156
4
8.2506662724596377956 345.70491469443891219 181.66966985640925714 2000
6.107275379463899867 409.41986242002684548 206.75703052211355271 2000
20.713602632626106015 585.78515853293447435 289.99265273907644769 2000
0 1311.5040636757717039 581.94663262058213604 2000
# Layered model 60576: value=0.15516
4
8.2506662724596377956 345.70491469443891219 181.66966985640925714 2000
6.107275379463899867 409.41986242002684548 206.75703052211355271 2000
20.713602632626106015 591.64301011826387366 289.99265273907644769 2000
0 1272.9329231707740746 576.18478477285361805 2000
# Layered model 60830: value=0.15516
4
8.2506662724596377956 345.70491469443891219 181.66966985640925714 2000
6.107275379463899867 409.41986242002684548 206.75703052211355271 2000
20.713602632626106015 591.64301011826387366 289.99265273907644769 2000
0 1163.8932652411642721 581.94663262058213604 2000
# Layered model 60752: value=0.15516
4
8.2506662724596377956 345.70491469443891219 181.66966985640925714 2000
6.107275379463899867 409.41986242002684548 206.75703052211355271 2000
20.713602632626106015 585.78515853293447435 289.99265273907644769 2000
0 1298.518874926506669 581.94663262058213604 2000
# Layered model 62060: value=0.155161
4
8.2506662724596377956 345.70491469443891219 181.66966985640925714 2000
6.107275379463899867 409.41986242002684548 206.75703052211355271 2000
20.713602632626106015 579.98530547815289538 289.99265273907644769 2000
0 1002.5188527717638181 599.58019753561836751 2000
# Layered model 60824: value=0.155162
4
8.2506662724596377956 345.70491469443891219 181.66966985640925714 2000
6.107275379463899867 409.41986242002684548 206.75703052211355271 2000
20.713602632626106015 585.78515853293447435 289.99265273907644769 2000
0 1364.7563877923034852 581.94663262058213604 2000
# Layered model 61704: value=0.155165
4
8.2506662724596377956 345.70491469443891219 181.66966985640925714 2000
6.107275379463899867 409.41986242002684548 206.75703052211355271 2000
20.713602632626106015 579.98530547815289538 289.99265273907644769 2000
0 1118.4785509726837063 593.64375993625583305 2000
# Layered model 60842: value=0.155167
4
8.2506662724596377956 345.70491469443891219 181.66966985640925714 2000
6.107275379463899867 409.41986242002684548 206.75703052211355271 2000
20.713602632626106015 585.78515853293447435 289.99265273907644769 2000
0 1285.6622524024817267 581.94663262058213604 2000
# Layered model 61884: value=0.155168
4
8.2506662724596377956 345.70491469443891219 181.66966985640925714 2000
6.107275379463899867 409.41986242002684548 206.75703052211355271 2000
20.713602632626106015 579.98530547815289538 289.99265273907644769 2000
0 1064.193963574624604 593.64375993625583305 2000
# Layered model 61817: value=0.155168
4
8.2506662724596377956 345.70491469443891219 181.66966985640925714 2000
6.107275379463899867 409.41986242002684548 206.75703052211355271 2000
20.713602632626106015 585.78515853293447435 289.99265273907644769 2000
0 992.59292353639978046 593.64375993625583305 2000
# Layered model 60843: value=0.155169
4
8.2506662724596377956 345.70491469443891219 181.66966985640925714 2000
6.107275379463899867 409.41986242002684548 206.75703052211355271 2000
20.713602632626106015 585.78515853293447435 289.99265273907644769 2000
0 1378.4039516702264336 581.94663262058213604 2000
# Layered model 60482: value=0.155169
4
8.2506662724596377956 345.70491469443891219 181.66966985640925714 2000
6.107275379463899867 409.41986242002684548 206.75703052211355271 2000
20.713602632626106015 603.53503462164098892 289.99265273907644769 2000
0 1420.1709698097861292 564.83166824120530691 2000
# Layered model 60773: value=0.155171
4
8.2506662724596377956 345.70491469443891219 181.66966985640925714 2000
6.107275379463899867 409.41986242002684548 206.75703052211355271 2000
20.713602632626106015 597.55944021944651467 289.99265273907644769 2000
0 1085.5842622424745514 576.18478477285361805 2000
# Layered model 60417: value=0.155171
4
8.2506662724596377956 345.70491469443891219 181.66966985640925714 2000
6.107275379463899867 409.41986242002684548 206.75703052211355271 2000
20.713602632626106015 597.55944021944651467 289.99265273907644769 2000
0 1187.2875198725116661 576.18478477285361805 2000
# Layered model 60093: value=0.155172
4
8.2506662724596377956 345.70491469443891219 181.66966985640925714 2000
6.107275379463899867 409.41986242002684548 206.75703052211355271 2000
20.713602632626106015 597.55944021944651467 289.99265273907644769 2000
0 1311.5040636757717039 570.47998492361739409 2000
# Layered model 60213: value=0.155172
4
8.2506662724596377956 345.70491469443891219 181.66966985640925714 2000
6.107275379463899867 409.41986242002684548 206.75703052211355271 2000
20.713602632626106015 603.53503462164098892 289.99265273907644769 2000
0 1175.5321978935758125 570.47998492361739409 2000
# Layered model 60200: value=0.155174
4
8.2506662724596377956 345.70491469443891219 181.66966985640925714 2000
6.107275379463899867 409.41986242002684548 206.75703052211355271 2000
20.713602632626106015 603.53503462164098892 289.99265273907644769 2000
0 1163.8932652411642721 570.47998492361739409 2000
# Layered model 60031: value=0.155174
4
8.2506662724596377956 345.70491469443891219 181.66966985640925714 2000
6.107275379463899867 409.41986242002684548 206.75703052211355271 2000
20.713602632626106015 603.53503462164098892 289.99265273907644769 2000
0 1187.2875198725116661 570.47998492361739409 2000
# Layered model 60817: value=0.155177
4
8.2506662724596377956 345.70491469443891219 181.66966985640925714 2000
6.107275379463899867 409.41986242002684548 206.75703052211355271 2000
20.713602632626106015 585.78515853293447435 289.99265273907644769 2000
0 1272.9329231707740746 581.94663262058213604 2000
# Layered model 60904: value=0.155177
4
8.2506662724596377956 345.70491469443891219 181.66966985640925714 2000
6.107275379463899867 409.41986242002684548 206.75703052211355271 2000
20.713602632626106015 585.78515853293447435 289.99265273907644769 2000
0 1392.1879911869286843 581.94663262058213604 2000
# Layered model 60858: value=0.155177
4
8.2506662724596377956 345.70491469443891219 181.66966985640925714 2000
6.107275379463899867 409.41986242002684548 206.75703052211355271 2000
20.713602632626106015 591.64301011826387366 289.99265273907644769 2000
0 1053.6573896778461403 581.94663262058213604 2000
# Layered model 61318: value=0.155178
4
8.2506662724596377956 345.70491469443891219 181.66966985640925714 2000
6.107275379463899867 409.41986242002684548 206.75703052211355271 2000
20.713602632626106015 585.78515853293447435 289.99265273907644769 2000
0 1152.3695695457072361 587.76609894678790624 2000
# Layered model 60163: value=0.155179
4
8.1689765073857802946 345.70491469443891219 181.66966985640925714 2000
6.188965144537757368 401.35267367907738389 206.75703052211355271 2000
20.713602632626106015 634.3213869747961553 289.99265273907644769 2000
0 1420.1709698097861292 553.70225295677414579 2000
# Layered model 59967: value=0.155179
4
8.1689765073857802946 345.70491469443891219 181.66966985640925714 2000
6.188965144537757368 401.35267367907738389 206.75703052211355271 2000
20.713602632626106015 634.3213869747961553 289.99265273907644769 2000
0 1406.1098710987980667 553.70225295677414579 2000
# Layered model 60183: value=0.15518
4
8.2506662724596377956 345.70491469443891219 181.66966985640925714 2000
6.107275379463899867 409.41986242002684548 206.75703052211355271 2000
20.713602632626106015 603.53503462164098892 289.99265273907644769 2000
0 1199.160395071236735 570.47998492361739409 2000
# Layered model 60133: value=0.15518
4
8.1689765073857802946 345.70491469443891219 181.66966985640925714 2000
6.188965144537757368 401.35267367907738389 206.75703052211355271 2000
20.713602632626106015 634.3213869747961553 289.99265273907644769 2000
0 1434.3726795078839586 553.70225295677414579 2000
# Layered model 60507: value=0.15518
4
8.2506662724596377956 345.70491469443891219 181.66966985640925714 2000
6.107275379463899867 409.41986242002684548 206.75703052211355271 2000
20.713602632626106015 591.64301011826387366 289.99265273907644769 2000
0 1260.3296269017564555 576.18478477285361805 2000
# Layered model 59934: value=0.15518
4
8.1689765073857802946 345.70491469443891219 181.66966985640925714 2000
6.188965144537757368 401.35267367907738389 206.75703052211355271 2000
20.713602632626106015 634.3213869747961553 289.99265273907644769 2000
0 1392.1879911869286843 553.70225295677414579 2000
# Layered model 60101: value=0.15518
4
8.2506662724596377956 345.70491469443891219 181.66966985640925714 2000
6.107275379463899867 409.41986242002684548 206.75703052211355271 2000
20.713602632626106015 603.53503462164098892 289.99265273907644769 2000
0 1152.3695695457072361 570.47998492361739409 2000
# Layered model 60452: value=0.155182
4
8.1689765073857802946 345.70491469443891219 181.66966985640925714 2000
6.188965144537757368 401.35267367907738389 206.75703052211355271 2000
20.713602632626106015 634.3213869747961553 289.99265273907644769 2000
0 1448.7164063029629233 553.70225295677414579 2000
# Layered model 59506: value=0.155182
4
8.1689765073857802946 345.70491469443891219 181.66966985640925714 2000
6.188965144537757368 401.35267367907738389 206.75703052211355271 2000
20.713602632626106015 634.3213869747961553 289.99265273907644769 2000
0 1378.4039516702264336 553.70225295677414579 2000
# Layered model 60052: value=0.155184
4
8.1689765073857802946 345.70491469443891219 181.66966985640925714 2000
6.188965144537757368 401.35267367907738389 206.75703052211355271 2000
20.713602632626106015 634.3213869747961553 289.99265273907644769 2000
0 1463.2035703659926185 553.70225295677414579 2000
# Layered model 60472: value=0.155185
4
8.1689765073857802946 345.70491469443891219 181.66966985640925714 2000
6.188965144537757368 405.36620041586814978 206.75703052211355271 2000
20.713602632626106015 603.53503462164098892 289.99265273907644769 2000
0 1324.6191043125295437 570.47998492361739409 2000
# Layered model 60449: value=0.155186
4
8.1689765073857802946 345.70491469443891219 181.66966985640925714 2000
6.188965144537757368 405.36620041586814978 206.75703052211355271 2000
20.713602632626106015 603.53503462164098892 289.99265273907644769 2000
0 1337.86529535565478 570.47998492361739409 2000
