# 62481 2_reports/tar1_ln5_tr1.report
# Layered model 58999: value=0.155421
5
6.3068416752643639001 356.18011931459511743 179.87096025387054965 2000
7.0850697319163096211 461.34454880807362542 194.77447545866564838 2000
3.7404006781424019579 475.32374998150709189 267.80334944767633942 2000
18.971243323840067063 973.03492161199847033 284.27865183714970954 2000
0 1163.8932652411642721 526.82869483892307017 2000
# Layered model 62168: value=0.155874
5
6.5629247377152140075 363.33933971281851427 179.87096025387054965 2000
7.2347749770144424986 452.25423861197299402 196.72222021325231367 2000
2.9970381397190024586 514.70751001176006412 278.67723932668332054 2000
18.951356610069300501 963.40091248712724337 281.46401171995017876 2000
0 1175.5321978935758125 521.6125691474485393 2000
# Layered model 48232: value=0.156649
5
6.6948395249432897103 370.6424604410461825 179.87096025387054965 2000
5.9209468071377218124 413.51406104422710541 192.84601530560954075 2000
2.8938723024909087655 417.64920165466935487 244.86326746484840555 2000
20.236435829946039178 863.51908734050743988 287.12143835552120663 2000
0 1096.4401048648992401 516.44808826480050357 2000
# Layered model 54351: value=0.157295
5
6.1213583945510716688 309.86351430309520083 183.48636655497335823 2000
6.4944279375299398538 356.18011931459511743 196.72222021325231367 2000
3.5236266367856536874 499.57003828178363847 281.46401171995017876 2000
17.535025000379249605 700.68543867388245872 289.99265273907644769 2000
0 1163.8932652411642721 526.82869483892307017 2000
# Layered model 60500: value=0.157723
5
7.6955453956863264509 319.25268864999327434 183.48636655497335823 2000
5.173818241669512652 381.87329763487036871 204.70993121001342274 2000
3.2700493315108261072 438.95350835529916367 257.35375500588003206 2000
19.252759768279830155 944.41810850615354411 295.82150505913193683 2000
0 1043.2251382948970786 521.6125691474485393 2000
# Layered model 58763: value=0.15779
5
6.0007434511823065648 356.18011931459511743 179.87096025387054965 2000
7.6603453752826995427 434.60743401514764628 194.77447545866564838 2000
2.1603139466618088704 470.61757423911592468 270.48138294215311817 2000
19.924691691391146264 935.06743416450854056 284.27865183714970954 2000
0 1107.4045059135482916 521.6125691474485393 2000
# Layered model 59653: value=0.158088
5
4.679190377733570827 356.18011931459511743 179.87096025387054965 2000
7.4443323175912450296 397.37888483076966395 187.17444252272832728 2000
2.9299991731116126203 461.34454880807362542 262.52656548149820992 2000
20.338650868710068664 1043.2251382948970786 278.67723932668332054 2000
0 1053.6573896778461403 516.44808826480050357 2000
# Layered model 60452: value=0.158613
5
4.2783701075620053089 349.16196384138328312 179.87096025387054965 2000
8.8496677389046851658 443.343043438852078 189.04618694795561851 2000
2.536717374450947915 509.61139605124753871 275.91805873929041582 2000
20.438800188245501488 854.96939340644303229 281.46401171995017876 2000
0 1107.4045059135482916 516.44808826480050357 2000
# Layered model 57212: value=0.158926
5
4.4080090001912415332 356.18011931459511743 179.87096025387054965 2000
8.0828685563246125412 417.64920165466935487 187.17444252272832728 2000
3.4887392443422307053 535.60669889535267885 265.15183113631320566 2000
19.062138384435478144 907.56723924805316983 278.67723932668332054 2000
0 1107.4045059135482916 516.44808826480050357 2000
# Layered model 59000: value=0.159605
5
5.0668926774391858103 303.75797892666912503 183.48636655497335823 2000
7.0566300178856300462 356.18011931459511743 192.84601530560954075 2000
5.7044299612338384975 475.32374998150709189 284.27865183714970954 2000
15.513075035764035903 797.44538945219721882 287.12143835552120663 2000
0 1223.2635190121686719 516.44808826480050357 2000
# Layered model 56072: value=0.159696
5
4.679190377733570827 359.7419205077410993 179.87096025387054965 2000
7.9365959543474406956 397.37888483076966395 187.17444252272832728 2000
2.8938723024909087655 494.62380027899376955 273.1861967715746573 2000
20.593896774591222254 973.03492161199847033 281.46401171995017876 2000
0 1002.5188527717638181 521.6125691474485393 2000
# Layered model 62130: value=0.16007
5
4.8209745253692757316 356.18011931459511743 179.87096025387054965 2000
7.3025481699555401249 385.69203061121908149 187.17444252272832728 2000
4.0158902735418493535 480.0769874813221918 267.80334944767633942 2000
19.252759768279830155 992.59292353639978046 281.46401171995017876 2000
0 1096.4401048648992401 516.44808826480050357 2000
# Layered model 62291: value=0.160872
5
6.628553985092366041 352.65358347979713471 179.87096025387054965 2000
7.0325348413726400665 438.95350835529916367 196.72222021325231367 2000
2.0036663944526331704 456.77678099809264722 278.67723932668332054 2000
20.081339243600318412 925.80934075693903651 281.46401171995017876 2000
0 1152.3695695457072361 526.82869483892307017 2000
# Layered model 62413: value=0.160934
5
4.967054874462490055 359.7419205077410993 179.87096025387054965 2000
7.1564678208623258016 385.69203061121908149 187.17444252272832728 2000
3.0805343917959771005 470.61757423911592468 267.80334944767633942 2000
20.188115650025700631 1022.6694817124763404 278.67723932668332054 2000
0 1043.2251382948970786 521.6125691474485393 2000
# Layered model 56524: value=0.161371
5
7.3220473914156389839 393.44444042650462734 179.87096025387054965 2000
5.9372708335157202697 426.04395060792825234 196.72222021325231367 2000
3.0414888736239724665 484.87775735613541883 242.43887867806770942 2000
20.528429774331989677 693.74795908305191006 292.89257926646723718 2000
0 1152.3695695457072361 542.79213112123727569 2000
# Layered model 57860: value=0.161511
5
6.4979452848665486542 345.70491469443891219 179.87096025387054965 2000
7.1631435415984574533 465.95799429615436793 196.72222021325231367 2000
3.6425463797113000197 484.87775735613541883 278.67723932668332054 2000
18.088537530970189238 935.06743416450854056 281.46401171995017876 2000
0 1107.4045059135482916 516.44808826480050357 2000
# Layered model 60195: value=0.161669
5
5.8825050986984672718 309.86351430309520083 183.48636655497335823 2000
6.1209827184548162293 328.92636436877671713 194.77447545866564838 2000
4.6249655040830131014 489.7265349296968111 267.80334944767633942 2000
17.722840851191467237 898.58142499807229342 301.76751731082049446 2000
0 1420.1709698097861292 496.29646176819989023 2000
# Layered model 59126: value=0.161752
5
4.679190377733570827 309.86351430309520083 183.48636655497335823 2000
7.0877813085258960513 397.37888483076966395 190.93664881743518436 2000
7.5381463955150174172 456.77678099809264722 257.35375500588003206 2000
17.524118791112837101 982.76527082811844593 301.76751731082049446 2000
0 1247.851115744313347 548.22005243244962003 2000
# Layered model 47112: value=0.16178
5
4.8691842706229682136 300.75047418482091643 183.48636655497335823 2000
7.4980212308778764196 349.16196384138328312 194.77447545866564838 2000
5.4607471550578097208 484.87775735613541883 287.12143835552120663 2000
15.513075035764035903 838.12311872016766756 289.99265273907644769 2000
0 1211.1519990219492229 516.44808826480050357 2000
# Layered model 56079: value=0.162084
5
8.4165046645360757083 325.66966769185813746 183.48636655497335823 2000
4.3254395308657453967 335.53778429258915139 202.68310020793407489 2000
2.6141534625901794442 470.61757423911592468 270.48138294215311817 2000
20.036075079154493039 907.56723924805316983 295.82150505913193683 2000
0 973.03492161199847033 526.82869483892307017 2000
# Layered model 59656: value=0.162156
5
8.5006697111814357726 328.92636436877671713 183.48636655497335823 2000
4.758648513749923481 370.6424604410461825 206.75703052211355271 2000
2.0967794330606412956 421.82569367121607229 257.35375500588003206 2000
20.38999680652595714 889.68457920601224487 295.82150505913193683 2000
0 925.80934075693903651 526.82869483892307017 2000
# Layered model 58867: value=0.162446
5
7.6955453956863264509 319.25268864999327434 183.48636655497335823 2000
5.0463987997154946541 345.70491469443891219 200.67633683953869195 2000
2.4621128917189718521 535.60669889535267885 275.91805873929041582 2000
20.899498322042347809 925.80934075693903651 295.82150505913193683 2000
0 953.86228959121501703 521.6125691474485393 2000
# Layered model 58340: value=0.162772
5
5.5970017585833424789 319.25268864999327434 183.48636655497335823 2000
6.2876396445387197076 366.97273310994671647 189.04618694795561851 2000
8.0054410616482716279 509.61139605124753871 273.1861967715746573 2000
14.121099884168042848 751.22962950887767875 287.12143835552120663 2000
0 1140.9599698472347882 532.096981787312302 2000
# Layered model 49340: value=0.162843
5
6.0007434511823065648 319.25268864999327434 183.48636655497335823 2000
5.5343724063409416303 359.7419205077410993 189.04618694795561851 2000
7.2022415572268911887 514.70751001176006412 265.15183113631320566 2000
15.613936757677624456 751.22962950887767875 292.89257926646723718 2000
0 1074.8359032103708159 516.44808826480050357 2000
# Layered model 58861: value=0.162868
5
5.0668926774391858103 306.79555871593584015 183.48636655497335823 2000
6.9365951397140976908 335.53778429258915139 192.84601530560954075 2000
7.3016302646212007943 509.61139605124753871 284.27865183714970954 2000
15.046176090653279545 854.96939340644303229 292.89257926646723718 2000
0 1152.3695695457072361 542.79213112123727569 2000
# Layered model 60025: value=0.162913
5
5.0668926774391858103 303.75797892666912503 183.48636655497335823 2000
6.9365951397140976908 363.33933971281851427 192.84601530560954075 2000
4.4603273523876030282 461.34454880807362542 275.91805873929041582 2000
17.547367179397490133 751.22962950887767875 287.12143835552120663 2000
0 1247.851115744313347 521.6125691474485393 2000
# Layered model 60765: value=0.162968
5
6.3068416752643639001 366.97273310994671647 179.87096025387054965 2000
7.6288350366125889934 465.95799429615436793 196.72222021325231367 2000
2.5281384576639336359 484.87775735613541883 275.91805873929041582 2000
18.928357567605608835 973.03492161199847033 281.46401171995017876 2000
0 1096.4401048648992401 501.25942638588190903 2000
# Layered model 60320: value=0.163019
5
5.0167254232071147868 303.75797892666912503 183.48636655497335823 2000
7.3504800782937298465 359.7419205077410993 192.84601530560954075 2000
4.9364297046754614939 504.56573866460144018 284.27865183714970954 2000
16.707547142762070536 829.82487001996798881 287.12143835552120663 2000
0 1211.1519990219492229 511.33474085623817018 2000
# Layered model 62249: value=0.163183
5
5.0167254232071147868 366.97273310994671647 179.87096025387054965 2000
7.4741521333087383994 381.87329763487036871 189.04618694795561851 2000
5.1605607173045964231 461.34454880807362542 265.15183113631320566 2000
18.452117135342692933 1022.6694817124763404 289.99265273907644769 2000
0 1187.2875198725116661 511.33474085623817018 2000
# Layered model 60304: value=0.163222
5
8.4165046645360757083 325.66966769185813746 183.48636655497335823 2000
4.0743728919797774779 338.89316213551506962 200.67633683953869195 2000
2.2660304607730683557 489.7265349296968111 267.80334944767633942 2000
20.635264719857573823 907.56723924805316983 292.89257926646723718 2000
0 963.40091248712724337 516.44808826480050357 2000
# Layered model 55065: value=0.163296
5
6.2443976982815483368 349.16196384138328312 179.87096025387054965 2000
7.2814328229709319729 452.25423861197299402 194.77447545866564838 2000
2.1389246996651589683 470.61757423911592468 275.91805873929041582 2000
20.081339243600318412 963.40091248712724337 281.46401171995017876 2000
0 1152.3695695457072361 526.82869483892307017 2000
# Layered model 57671: value=0.163298
5
4.4520890901931542416 300.75047418482091643 183.48636655497335823 2000
6.9688176994338233428 370.6424604410461825 190.93664881743518436 2000
6.9472506603780619372 452.25423861197299402 262.52656548149820992 2000
15.306280519240875293 736.42743800497760276 292.89257926646723718 2000
0 1085.5842622424745514 521.6125691474485393 2000
# Layered model 54875: value=0.163539
5
4.8209745253692757316 356.18011931459511743 179.87096025387054965 2000
7.9209696700325453733 409.41986242002684548 187.17444252272832728 2000
2.0149638218871004369 509.61139605124753871 278.67723932668332054 2000
20.989186447229037924 907.56723924805316983 281.46401171995017876 2000
0 1085.5842622424745514 516.44808826480050357 2000
# Layered model 61494: value=0.163611
5
7.5439127494229252235 325.66966769185813746 183.48636655497335823 2000
5.0718735826580862991 342.28209375687021065 200.67633683953869195 2000
5.7523711179240279989 480.0769874813221918 273.1861967715746573 2000
16.673597735288520738 863.51908734050743988 301.76751731082049446 2000
0 1002.5188527717638181 532.096981787312302 2000
# Layered model 48392: value=0.163708
5
7.3952678653297958533 306.79555871593584015 183.48636655497335823 2000
6.6797656136659266934 345.70491469443891219 210.91284683560803614 2000
2.8876517539974226878 509.61139605124753871 289.99265273907644769 2000
18.783409231524814231 1064.193963574624604 314.0204886013842156 2000
0 1477.8356060696526129 506.27202064974062523 2000
# Layered model 49994: value=0.163759
5
6.3068416752643639001 359.7419205077410993 179.87096025387054965 2000
7.490858039465292606 452.25423861197299402 196.72222021325231367 2000
2.1819170861284273855 484.87775735613541883 275.91805873929041582 2000
19.062138384435478144 973.03492161199847033 278.67723932668332054 2000
0 1140.9599698472347882 516.44808826480050357 2000
# Layered model 59994: value=0.163773
5
6.8976998573885968113 359.7419205077410993 181.66966985640925714 2000
5.8442443380132242936 461.34454880807362542 192.84601530560954075 2000
3.3974687734648441051 480.0769874813221918 259.92729255593883408 2000
18.90234221642689505 898.58142499807229342 278.67723932668332054 2000
0 1247.851115744313347 506.27202064974062523 2000
# Layered model 62028: value=0.163972
5
5.8242624739588784166 312.96214944612614772 183.48636655497335823 2000
5.8262045421396031486 370.6424604410461825 190.93664881743518436 2000
5.653168190077824562 509.61139605124753871 265.15183113631320566 2000
16.707547142762070536 743.79171238502738106 284.27865183714970954 2000
0 1140.9599698472347882 532.096981787312302 2000
# Layered model 62462: value=0.16405
5
8.9342892990323523605 328.92636436877671713 183.48636655497335823 2000
3.189233396292463496 363.33933971281851427 206.75703052211355271 2000
2.3426159354848330452 470.61757423911592468 244.86326746484840555 2000
20.575616554483911358 925.80934075693903651 287.12143835552120663 2000
0 1002.5188527717638181 516.44808826480050357 2000
# Layered model 50111: value=0.164068
5
4.679190377733570827 359.7419205077410993 179.87096025387054965 2000
7.6880151237672738063 381.87329763487036871 187.17444252272832728 2000
2.3897025157880769086 470.61757423911592468 267.80334944767633942 2000
20.635264719857573823 1002.5188527717638181 278.67723932668332054 2000
0 1032.8961765296010071 516.44808826480050357 2000
# Layered model 58636: value=0.164201
5
6.7617879201927229005 349.16196384138328312 179.87096025387054965 2000
7.0359117945369336056 475.32374998150709189 198.68944241538483197 2000
2.8307536065066400965 562.92802343990035752 278.67723932668332054 2000
19.47510208792684594 854.96939340644303229 281.46401171995017876 2000
0 1085.5842622424745514 526.82869483892307017 2000
# Layered model 58374: value=0.16455
5
4.1114295797899194085 316.09177094058742341 183.48636655497335823 2000
8.0120931155348955599 374.34888504545665455 189.04618694795561851 2000
10.739614197098500625 461.34454880807362542 278.67723932668332054 2000
10.477890799899373775 944.41810850615354411 284.27865183714970954 2000
0 1129.6633364824106138 537.41795160518540797 2000
# Layered model 60789: value=0.164787
5
7.6955453956863264509 322.44521553649320822 183.48636655497335823 2000
5.4324924507803649121 335.53778429258915139 204.70993121001342274 2000
2.2280598115253091862 480.0769874813221918 275.91805873929041582 2000
19.685657527301557934 916.6429116405337254 295.82150505913193683 2000
0 973.03492161199847033 526.82869483892307017 2000
# Layered model 53440: value=0.164834
5
8.5856764082932510718 325.66966769185813746 183.48636655497335823 2000
3.9052011482226021144 338.89316213551506962 204.70993121001342274 2000
2.1199224606018916006 443.343043438852078 252.28286933230072009 2000
21.135294447400212903 925.80934075693903651 295.82150505913193683 2000
0 953.86228959121501703 516.44808826480050357 2000
# Layered model 54200: value=0.164837
5
4.9178761133291981622 332.21562801246449226 181.66966985640925714 2000
6.1671434970826872757 335.53778429258915139 187.17444252272832728 2000
6.9212125727123545715 535.60669889535267885 259.92729255593883408 2000
15.668205786121674805 963.40091248712724337 284.27865183714970954 2000
0 1492.6139621303491367 496.29646176819989023 2000
# Layered model 49550: value=0.164943
5
6.8976998573885968113 356.18011931459511743 181.66966985640925714 2000
5.7180864746924147113 430.30439011400761729 192.84601530560954075 2000
3.6850207664743201974 452.25423861197299402 265.15183113631320566 2000
18.394000015596709829 872.15427821391256202 278.67723932668332054 2000
0 1223.2635190121686719 511.33474085623817018 2000
# Layered model 62319: value=0.165073
5
7.7725008496431895466 393.44444042650462734 179.87096025387054965 2000
5.2255564240862080183 397.37888483076966395 198.68944241538483197 2000
2.3580403842626029842 519.85458511187766817 244.86326746484840555 2000
21.841431583624192569 953.86228959121501703 284.27865183714970954 2000
0 1129.6633364824106138 553.70225295677414579 2000
# Layered model 58922: value=0.165092
5
4.6328617601322479302 309.86351430309520083 183.48636655497335823 2000
7.734343741368596703 335.53778429258915139 190.93664881743518436 2000
4.9364297046754614939 489.7265349296968111 292.89257926646723718 2000
18.799920202986836415 863.51908734050743988 301.76751731082049446 2000
0 1152.3695695457072361 526.82869483892307017 2000
# Layered model 60814: value=0.165248
5
8.4165046645360757083 332.21562801246449226 183.48636655497335823 2000
4.3254395308657453967 359.7419205077410993 202.68310020793407489 2000
4.0527936590468378597 443.343043438852078 267.80334944767633942 2000
18.5974348826978364 907.56723924805316983 295.82150505913193683 2000
0 935.06743416450854056 526.82869483892307017 2000
# Layered model 52875: value=0.165271
5
6.1825719784965826875 319.25268864999327434 183.48636655497335823 2000
6.6867916588592564153 335.53778429258915139 194.77447545866564838 2000
2.3346934497649538542 475.32374998150709189 287.12143835552120663 2000
19.490750027031246816 693.74795908305191006 301.76751731082049446 2000
0 1152.3695695457072361 526.82869483892307017 2000
# Layered model 61785: value=0.165313
5
6.5629247377152140075 349.16196384138328312 179.87096025387054965 2000
7.0981640887497921 447.77647387324060446 196.72222021325231367 2000
3.8155827317730643955 484.87775735613541883 278.67723932668332054 2000
17.915501178908424862 963.40091248712724337 281.46401171995017876 2000
0 1152.3695695457072361 526.82869483892307017 2000
# Layered model 60677: value=0.165484
5
4.679190377733570827 322.44521553649320822 181.66966985640925714 2000
7.6880151237672738063 352.65358347979713471 190.93664881743518436 2000
10.724562759846705262 470.61757423911592468 281.46401171995017876 2000
8.9483040158318267743 846.50434990736948748 287.12143835552120663 2000
0 1199.160395071236735 516.44808826480050357 2000
# Layered model 61219: value=0.165541
5
5.0167254232071147868 319.25268864999327434 183.48636655497335823 2000
6.7502462630523520914 366.97273310994671647 189.04618694795561851 2000
12.990529409393865024 461.34454880807362542 273.1861967715746573 2000
8.2534174115968568231 829.82487001996798881 304.78519248392871077 2000
0 1298.518874926506669 537.41795160518540797 2000
# Layered model 59071: value=0.1657
5
6.4979452848665486542 342.28209375687021065 181.66966985640925714 2000
6.1178410472144628685 417.64920165466935487 192.84601530560954075 2000
4.178951522367647442 475.32374998150709189 265.15183113631320566 2000
18.247017330844901295 898.58142499807229342 284.27865183714970954 2000
0 1235.4961542022904268 521.6125691474485393 2000
# Layered model 53293: value=0.165869
5
4.967054874462490055 328.92636436877671713 181.66966985640925714 2000
6.7999168117969768232 345.70491469443891219 189.04618694795561851 2000
12.745405636169575558 525.05313096299641984 275.91805873929041582 2000
9.1620606468168723779 863.51908734050743988 298.77972010972325734 2000
0 1223.2635190121686719 526.82869483892307017 2000
# Layered model 46855: value=0.165897
5
5.8825050986984672718 312.96214944612614772 183.48636655497335823 2000
6.2410175966263485847 319.25268864999327434 194.77447545866564838 2000
3.8560941055332680349 443.343043438852078 265.15183113631320566 2000
18.715190313293959434 872.15427821391256202 307.83304440876798935 2000
0 1420.1709698097861292 501.25942638588190903 2000
# Layered model 55809: value=0.166054
5
8.5856764082932510718 303.75797892666912503 185.32123022052309125 2000
3.7815290932075935615 363.33933971281851427 215.15219505700380864 2000
2.5372715959609664083 519.85458511187766817 254.80569802562376935 2000
18.436550594860879215 992.59292353639978046 289.99265273907644769 2000
0 1378.4039516702264336 486.51746080599923516 2000
# Layered model 61257: value=0.166088
5
6.2443976982815483368 312.96214944612614772 183.48636655497335823 2000
6.7536595754478492282 352.65358347979713471 196.72222021325231367 2000
5.5537817507756912505 509.61139605124753871 287.12143835552120663 2000
15.122598944740825999 700.68543867388245872 298.77972010972325734 2000
0 1163.8932652411642721 526.82869483892307017 2000
# Layered model 60453: value=0.166128
5
4.5869918417150969958 312.96214944612614772 183.48636655497335823 2000
7.0634751743833845694 359.7419205077410993 189.04618694795561851 2000
9.6743935507055311973 447.77647387324060446 273.1861967715746573 2000
12.6863217821343639 863.51908734050743988 298.77972010972325734 2000
0 1211.1519990219492229 526.82869483892307017 2000
# Layered model 55255: value=0.166305
5
5.8242624739588784166 300.75047418482091643 183.48636655497335823 2000
6.791523858122133106 405.36620041586814978 200.67633683953869195 2000
3.3638304687770723689 409.41986242002684548 247.31190013949688478 2000
21.589887733174272455 880.87582099605185704 304.78519248392871077 2000
0 1043.2251382948970786 532.096981787312302 2000
# Layered model 60473: value=0.166334
5
6.8294057993946504226 309.86351430309520083 183.48636655497335823 2000
6.2986320470720409403 430.30439011400761729 204.70993121001342274 2000
3.1727692520886403571 470.61757423911592468 259.92729255593883408 2000
19.802748310607810822 880.87582099605185704 292.89257926646723718 2000
0 1022.6694817124763404 521.6125691474485393 2000
# Layered model 60104: value=0.166373
5
6.060750885694130119 374.34888504545665455 179.87096025387054965 2000
6.8086127516617089839 413.51406104422710541 192.84601530560954075 2000
2.6402949972160811853 438.95350835529916367 242.43887867806770942 2000
21.319578238315401109 898.58142499807229342 289.99265273907644769 2000
0 1152.3695695457072361 511.33474085623817018 2000
# Layered model 58766: value=0.166426
5
8.5006697111814357726 328.92636436877671713 183.48636655497335823 2000
4.1151166208995757501 356.18011931459511743 206.75703052211355271 2000
1.9950136850367332642 475.32374998150709189 249.78501914089181923 2000
20.781372720028748802 944.41810850615354411 289.99265273907644769 2000
0 982.76527082811844593 521.6125691474485393 2000
# Layered model 55651: value=0.16654
5
4.2360100074871338549 316.09177094058742341 183.48636655497335823 2000
7.5309616787723330233 381.87329763487036871 187.17444252272832728 2000
10.20405348057927597 447.77647387324060446 273.1861967715746573 2000
10.713052563111936877 846.50434990736948748 287.12143835552120663 2000
0 1175.5321978935758125 516.44808826480050357 2000
# Layered model 59931: value=0.166805
5
7.2495518726887517857 322.44521553649320822 183.48636655497335823 2000
5.4923923227130693192 335.53778429258915139 200.67633683953869195 2000
2.6141534625901794442 509.61139605124753871 267.80334944767633942 2000
20.036075079154493039 898.58142499807229342 298.77972010972325734 2000
0 925.80934075693903651 516.44808826480050357 2000
# Layered model 57581: value=0.166892
5
6.8976998573885968113 316.09177094058742341 183.48636655497335823 2000
4.9869415457334653752 328.92636436877671713 196.72222021325231367 2000
2.8722666141668593554 461.34454880807362542 267.80334944767633942 2000
17.927169712661758183 944.41810850615354411 287.12143835552120663 2000
0 1378.4039516702264336 476.93114479560750851 2000
# Layered model 56755: value=0.166897
5
6.0007434511823065648 309.86351430309520083 183.48636655497335823 2000
6.0027443659709769364 342.28209375687021065 196.72222021325231367 2000
5.1288242681697919778 447.77647387324060446 259.92729255593883408 2000
17.56249502882896607 898.58142499807229342 301.76751731082049446 2000
0 1420.1709698097861292 511.33474085623817018 2000
# Layered model 62438: value=0.166935
5
4.5869918417150969958 363.33933971281851427 179.87096025387054965 2000
8.282371795640742107 409.41986242002684548 187.17444252272832728 2000
2.0351134601059719387 499.57003828178363847 281.46401171995017876 2000
21.560113865792960297 880.87582099605185704 284.27865183714970954 2000
0 1107.4045059135482916 521.6125691474485393 2000
# Layered model 57543: value=0.167183
5
8.0880955518671093785 356.18011931459511743 181.66966985640925714 2000
4.4027820046487438077 426.04395060792825234 194.77447545866564838 2000
3.6485354123508120239 452.25423861197299402 267.80334944767633942 2000
17.535025000379249605 907.56723924805316983 275.91805873929041582 2000
0 1187.2875198725116661 506.27202064974062523 2000
# Layered model 61509: value=0.16721
5
8.1689765073857802946 332.21562801246449226 183.48636655497335823 2000
4.8290807663436172703 338.89316213551506962 202.68310020793407489 2000
2.823345499397417413 484.87775735613541883 267.80334944767633942 2000
19.924691691391146264 925.80934075693903651 295.82150505913193683 2000
0 992.59292353639978046 537.41795160518540797 2000
# Layered model 59619: value=0.16745
5
8.3331729351842334097 316.09177094058742341 183.48636655497335823 2000
4.2826133968967781129 352.65358347979713471 206.75703052211355271 2000
2.4377355363554169543 438.95350835529916367 254.80569802562376935 2000
20.338650868710068664 953.86228959121501703 295.82150505913193683 2000
0 963.40091248712724337 521.6125691474485393 2000
# Layered model 59183: value=0.167466
5
4.5415760809060365943 316.09177094058742341 183.48636655497335823 2000
6.766252423675128469 335.53778429258915139 187.17444252272832728 2000
6.1688430536569054397 461.34454880807362542 270.48138294215311817 2000
15.864356134084619754 838.12311872016766756 287.12143835552120663 2000
0 1152.3695695457072361 521.6125691474485393 2000
# Layered model 56585: value=0.167474
5
4.679190377733570827 352.65358347979713471 179.87096025387054965 2000
7.9365959543474406956 363.33933971281851427 189.04618694795561851 2000
2.1411216852079100192 452.25423861197299402 270.48138294215311817 2000
21.707682945965849797 944.41810850615354411 289.99265273907644769 2000
0 1032.8961765296010071 511.33474085623817018 2000
# Layered model 59613: value=0.167821
5
4.194069314343696675 312.96214944612614772 183.48636655497335823 2000
7.9294533809811191816 393.44444042650462734 189.04618694795561851 2000
14.953391641458164685 494.62380027899376955 273.1861967715746573 2000
6.5975236324629342732 925.80934075693903651 298.77972010972325734 2000
0 1096.4401048648992401 542.79213112123727569 2000
# Layered model 45220: value=0.167887
5
6.0007434511823065648 306.79555871593584015 185.32123022052309125 2000
6.1227792441425092917 322.44521553649320822 192.84601530560954075 2000
19.31193425689305343 686.87916740896230294 289.99265273907644769 2000
11.322143707172365623 963.40091248712724337 419.06155936008383378 2000
0 1012.5440412994812505 559.23927548634185314 2000
# Layered model 60998: value=0.167914
5
4.1525438755878187891 306.79555871593584015 183.48636655497335823 2000
6.9324757348240666488 342.28209375687021065 189.04618694795561851 2000
6.2186155957644206893 443.343043438852078 259.92729255593883408 2000
16.370802763069608687 846.50434990736948748 289.99265273907644769 2000
0 1199.160395071236735 516.44808826480050357 2000
# Layered model 61106: value=0.167976
5
6.3068416752643639001 366.97273310994671647 179.87096025387054965 2000
6.8211961712023274629 461.34454880807362542 192.84601530560954075 2000
4.1755973597096147643 470.61757423911592468 273.1861967715746573 2000
19.893894035439888768 1043.2251382948970786 284.27865183714970954 2000
0 1187.2875198725116661 537.41795160518540797 2000
# Layered model 62226: value=0.168102
5
8.8458309891409427905 303.75797892666912503 185.32123022052309125 2000
3.277691706183873066 374.34888504545665455 217.30371700757382314 2000
2.9299991731116126203 535.60669889535267885 257.35375500588003206 2000
18.620916100809488114 992.59292353639978046 289.99265273907644769 2000
0 1324.6191043125295437 481.70045624356362168 2000
# Layered model 60377: value=0.168111
5
5.8242624739588784166 309.86351430309520083 183.48636655497335823 2000
6.0603789291631837699 322.44521553649320822 192.84601530560954075 2000
3.1688804653143662904 430.30439011400761729 262.52656548149820992 2000
19.988233316857133559 880.87582099605185704 304.78519248392871077 2000
0 1406.1098710987980667 501.25942638588190903 2000
# Layered model 61357: value=0.168116
5
7.1067070607673281657 381.87329763487036871 179.87096025387054965 2000
5.6352371346344929393 397.37888483076966395 198.68944241538483197 2000
5.0860084611568332491 470.61757423911592468 244.86326746484840555 2000
18.275602752604488188 907.56723924805316983 292.89257926646723718 2000
0 1074.8359032103708159 526.82869483892307017 2000
# Layered model 57776: value=0.168195
5
8.0080153978882275823 332.21562801246449226 183.48636655497335823 2000
4.8613482394676115206 349.16196384138328312 202.68310020793407489 2000
2.3346934497649538542 456.77678099809264722 247.31190013949688478 2000
20.542037377397164732 863.51908734050743988 298.77972010972325734 2000
0 963.40091248712724337 521.6125691474485393 2000
# Layered model 61086: value=0.168288
5
8.4165046645360757083 322.44521553649320822 183.48636655497335823 2000
4.3254395308657453967 335.53778429258915139 204.70993121001342274 2000
2.4621128917189718521 461.34454880807362542 278.67723932668332054 2000
19.837698098172765526 925.80934075693903651 295.82150505913193683 2000
0 963.40091248712724337 532.096981787312302 2000
# Layered model 62064: value=0.16834
5
8.1689765073857802946 322.44521553649320822 183.48636655497335823 2000
4.3219010491300728916 338.89316213551506962 202.68310020793407489 2000
4.1375757647204434164 447.77647387324060446 267.80334944767633942 2000
18.763719415910198762 898.58142499807229342 304.78519248392871077 2000
0 982.76527082811844593 526.82869483892307017 2000
# Layered model 56283: value=0.168404
5
5.8242624739588784166 300.75047418482091643 183.48636655497335823 2000
5.9427092123005884616 426.04395060792825234 196.72222021325231367 2000
9.3467516472098530755 509.61139605124753871 259.92729255593883408 2000
15.350867629785451385 889.68457920601224487 304.78519248392871077 2000
0 1364.7563877923034852 532.096981787312302 2000
# Layered model 54963: value=0.168465
5
6.6948395249432897103 309.86351430309520083 185.32123022052309125 2000
5.4286831703815261463 322.44521553649320822 194.77447545866564838 2000
2.1993868401302822946 475.32374998150709189 284.27865183714970954 2000
21.423184929062863091 907.56723924805316983 298.77972010972325734 2000
0 1324.6191043125295437 521.6125691474485393 2000
# Layered model 60298: value=0.168523
5
6.1825719784965826875 345.70491469443891219 179.87096025387054965 2000
7.47851684796842342 456.77678099809264722 196.72222021325231367 2000
2.318527974393077784 530.30366227262641132 273.1861967715746573 2000
18.715190313293959434 944.41810850615354411 278.67723932668332054 2000
0 1140.9599698472347882 511.33474085623817018 2000
# Layered model 56250: value=0.168818
5
4.4080090001912415332 309.86351430309520083 183.48636655497335823 2000
7.242458015907240032 385.69203061121908149 189.04618694795561851 2000
10.103023248098292441 465.95799429615436793 267.80334944767633942 2000
11.58753742812591625 797.44538945219721882 289.99265273907644769 2000
0 1118.4785509726837063 516.44808826480050357 2000
# Layered model 61627: value=0.168827
5
4.679190377733570827 303.75797892666912503 183.48636655497335823 2000
7.9365959543474406956 378.09237389591123701 192.84601530560954075 2000
2.7403113259109890265 465.95799429615436793 273.1861967715746573 2000
18.995196514435761515 751.22962950887767875 289.99265273907644769 2000
0 1260.3296269017564555 516.44808826480050357 2000
# Layered model 58958: value=0.169082
5
8.7582485040999440429 303.75797892666912503 185.32123022052309125 2000
3.3652741912248718137 378.09237389591123701 213.02197530396412617 2000
2.6333853219641056853 535.60669889535267885 254.80569802562376935 2000
18.584119675033768715 1012.5440412994812505 287.12143835552120663 2000
0 1392.1879911869286843 486.51746080599923516 2000
# Layered model 52581: value=0.169178
5
4.679190377733570827 309.86351430309520083 183.48636655497335823 2000
6.9712766383649107382 366.97273310994671647 189.04618694795561851 2000
9.2542095516929236965 447.77647387324060446 273.1861967715746573 2000
12.769761401454509553 863.51908734050743988 298.77972010972325734 2000
0 1211.1519990219492229 511.33474085623817018 2000
# Layered model 52525: value=0.169201
5
8.4165046645360757083 309.86351430309520083 185.32123022052309125 2000
4.7115331819306156547 426.04395060792825234 210.91284683560803614 2000
2.2280598115253091862 609.57038496785742154 244.86326746484840555 2000
19.685657527301557934 1085.5842622424745514 289.99265273907644769 2000
0 1311.5040636757717039 491.38263541405922297 2000
# Layered model 61763: value=0.169256
5
6.3699100920170073081 363.33933971281851427 179.87096025387054965 2000
6.4994535453388317947 421.82569367121607229 194.77447545866564838 2000
4.4342715688204670244 426.04395060792825234 242.43887867806770942 2000
19.160955757078465211 863.51908734050743988 298.77972010972325734 2000
0 1140.9599698472347882 521.6125691474485393 2000
# Layered model 57213: value=0.169356
5
8.9342892990323523605 322.44521553649320822 183.48636655497335823 2000
3.4329162024684922727 359.7419205077410993 202.68310020793407489 2000
3.2975497194167946446 470.61757423911592468 267.80334944767633942 2000
20.081339243600318412 898.58142499807229342 295.82150505913193683 2000
0 953.86228959121501703 526.82869483892307017 2000
# Layered model 56704: value=0.169453
5
7.1777741313750018648 370.6424604410461825 179.87096025387054965 2000
5.5641700640268192402 409.41986242002684548 198.68944241538483197 2000
3.7218709741390654244 434.60743401514764628 242.43887867806770942 2000
18.928357567605608835 872.15427821391256202 289.99265273907644769 2000
0 1064.193963574624604 521.6125691474485393 2000
# Layered model 62383: value=0.169495
5
8.5006697111814357726 325.66966769185813746 183.48636655497335823 2000
3.9902078453344174136 338.89316213551506962 200.67633683953869195 2000
2.1199224606018916006 480.0769874813221918 281.46401171995017876 2000
20.430955168175813697 925.80934075693903651 289.99265273907644769 2000
0 973.03492161199847033 532.096981787312302 2000
# Layered model 61131: value=0.169692
5
4.1114295797899194085 322.44521553649320822 181.66966985640925714 2000
7.6555421064695474698 359.7419205077410993 187.17444252272832728 2000
10.423763732247664393 494.62380027899376955 275.91805873929041582 2000
10.493342311443548454 829.82487001996798881 287.12143835552120663 2000
0 1235.4961542022904268 501.25942638588190903 2000
# Layered model 38145: value=0.169706
5
6.8294057993946504226 309.86351430309520083 185.32123022052309125 2000
6.696424721857829887 366.97273310994671647 200.67633683953869195 2000
2.6135824476141849004 525.05313096299641984 287.12143835552120663 2000
21.058116272749529685 916.6429116405337254 304.78519248392871077 2000
0 1235.4961542022904268 526.82869483892307017 2000
# Layered model 55736: value=0.169758
5
7.5439127494229252235 319.25268864999327434 183.48636655497335823 2000
4.4595750677303582776 328.92636436877671713 200.67633683953869195 2000
4.4603273523876030282 514.70751001176006412 249.78501914089181923 2000
17.887479002886877311 925.80934075693903651 301.76751731082049446 2000
0 1492.6139621303491367 486.51746080599923516 2000
# Layered model 57934: value=0.169814
5
9.1138685139429025384 306.79555871593584015 185.32123022052309125 2000
2.5365985021555790269 342.28209375687021065 208.82460082733467743 2000
3.2540100813633294763 535.60669889535267885 259.92729255593883408 2000
18.769960871784103773 953.86228959121501703 289.99265273907644769 2000
0 1378.4039516702264336 496.29646176819989023 2000
# Layered model 56926: value=0.169843
5
7.928728116721018182 332.21562801246449226 183.48636655497335823 2000
4.9406355206348209208 342.28209375687021065 202.68310020793407489 2000
2.1841582310805893741 456.77678099809264722 244.86326746484840555 2000
20.692572596081532765 925.80934075693903651 298.77972010972325734 2000
0 982.76527082811844593 521.6125691474485393 2000
